SeqID	MCC	F1 Score	Number of Intervals	Interval Length (d1+d2)	d1	d2	d3	d4	Bonus Energy	Sequence Length	Sequence
1	0.6560529470443726	0.6563706398010254	1	12	6	6	6	6	780	400	GGGACAAACUUAAUGAUUGAAUUAUGAUCCGGGUUAAUAUCUCUUUAAACGGUCGGUUUUGAGAUAUUGAGCGACUUUACCAGGCGGCCACUCCACAUCGGCACUAAGGAACCAAUCUUCUAAAGCCAACCAAUCGCCAUAGCUGAGCGAGUGCCCGAGGCGGGAGUUUAACCUGUUUGCAUUUAAGCCCUCGCUUCUCAUUUGGACGUUUAACAGCCGAUCUGGACGUCUGGGAAGGGAGAGGGGGGAAGGUGUCGGGCCGAAGGAGUACGUUUGCUGGUACACCGGUAAGCGUAAUGGACCGCCGUUAUCUAUGUAAAAUCAAGUAUUUUGUGCACUGGUAAUAUGUCUGACUACAUUGCGGUUAACCGGUCGGAUCCUUCUGUGCGCAACAAGAUCC
1	0.6560529470443726	0.6563706398010254	2	12	6	6	6	6	780	400	GGGACAAACUUAAUGAUUGAAUUAUGAUCCGGGUUAAUAUCUCUUUAAACGGUCGGUUUUGAGAUAUUGAGCGACUUUACCAGGCGGCCACUCCACAUCGGCACUAAGGAACCAAUCUUCUAAAGCCAACCAAUCGCCAUAGCUGAGCGAGUGCCCGAGGCGGGAGUUUAACCUGUUUGCAUUUAAGCCCUCGCUUCUCAUUUGGACGUUUAACAGCCGAUCUGGACGUCUGGGAAGGGAGAGGGGGGAAGGUGUCGGGCCGAAGGAGUACGUUUGCUGGUACACCGGUAAGCGUAAUGGACCGCCGUUAUCUAUGUAAAAUCAAGUAUUUUGUGCACUGGUAAUAUGUCUGACUACAUUGCGGUUAACCGGUCGGAUCCUUCUGUGCGCAACAAGAUCC
1	0.9018665552139282	0.9019607305526733	3	12	6	6	6	6	780	400	GGGACAAACUUAAUGAUUGAAUUAUGAUCCGGGUUAAUAUCUCUUUAAACGGUCGGUUUUGAGAUAUUGAGCGACUUUACCAGGCGGCCACUCCACAUCGGCACUAAGGAACCAAUCUUCUAAAGCCAACCAAUCGCCAUAGCUGAGCGAGUGCCCGAGGCGGGAGUUUAACCUGUUUGCAUUUAAGCCCUCGCUUCUCAUUUGGACGUUUAACAGCCGAUCUGGACGUCUGGGAAGGGAGAGGGGGGAAGGUGUCGGGCCGAAGGAGUACGUUUGCUGGUACACCGGUAAGCGUAAUGGACCGCCGUUAUCUAUGUAAAAUCAAGUAUUUUGUGCACUGGUAAUAUGUCUGACUACAUUGCGGUUAACCGGUCGGAUCCUUCUGUGCGCAACAAGAUCC
1	0.879349946975708	0.8793774247169495	4	12	6	6	6	6	780	400	GGGACAAACUUAAUGAUUGAAUUAUGAUCCGGGUUAAUAUCUCUUUAAACGGUCGGUUUUGAGAUAUUGAGCGACUUUACCAGGCGGCCACUCCACAUCGGCACUAAGGAACCAAUCUUCUAAAGCCAACCAAUCGCCAUAGCUGAGCGAGUGCCCGAGGCGGGAGUUUAACCUGUUUGCAUUUAAGCCCUCGCUUCUCAUUUGGACGUUUAACAGCCGAUCUGGACGUCUGGGAAGGGAGAGGGGGGAAGGUGUCGGGCCGAAGGAGUACGUUUGCUGGUACACCGGUAAGCGUAAUGGACCGCCGUUAUCUAUGUAAAAUCAAGUAUUUUGUGCACUGGUAAUAUGUCUGACUACAUUGCGGUUAACCGGUCGGAUCCUUCUGUGCGCAACAAGAUCC
1	0.5640485882759094	0.5647059679031372	5	12	6	6	6	6	780	400	GGGACAAACUUAAUGAUUGAAUUAUGAUCCGGGUUAAUAUCUCUUUAAACGGUCGGUUUUGAGAUAUUGAGCGACUUUACCAGGCGGCCACUCCACAUCGGCACUAAGGAACCAAUCUUCUAAAGCCAACCAAUCGCCAUAGCUGAGCGAGUGCCCGAGGCGGGAGUUUAACCUGUUUGCAUUUAAGCCCUCGCUUCUCAUUUGGACGUUUAACAGCCGAUCUGGACGUCUGGGAAGGGAGAGGGGGGAAGGUGUCGGGCCGAAGGAGUACGUUUGCUGGUACACCGGUAAGCGUAAUGGACCGCCGUUAUCUAUGUAAAAUCAAGUAUUUUGUGCACUGGUAAUAUGUCUGACUACAUUGCGGUUAACCGGUCGGAUCCUUCUGUGCGCAACAAGAUCC
1	0.863000750541687	0.8625954389572144	6	12	6	6	6	6	780	400	GGGACAAACUUAAUGAUUGAAUUAUGAUCCGGGUUAAUAUCUCUUUAAACGGUCGGUUUUGAGAUAUUGAGCGACUUUACCAGGCGGCCACUCCACAUCGGCACUAAGGAACCAAUCUUCUAAAGCCAACCAAUCGCCAUAGCUGAGCGAGUGCCCGAGGCGGGAGUUUAACCUGUUUGCAUUUAAGCCCUCGCUUCUCAUUUGGACGUUUAACAGCCGAUCUGGACGUCUGGGAAGGGAGAGGGGGGAAGGUGUCGGGCCGAAGGAGUACGUUUGCUGGUACACCGGUAAGCGUAAUGGACCGCCGUUAUCUAUGUAAAAUCAAGUAUUUUGUGCACUGGUAAUAUGUCUGACUACAUUGCGGUUAACCGGUCGGAUCCUUCUGUGCGCAACAAGAUCC
1	0.8694305419921875	0.8692307472229004	7	12	6	6	6	6	780	400	GGGACAAACUUAAUGAUUGAAUUAUGAUCCGGGUUAAUAUCUCUUUAAACGGUCGGUUUUGAGAUAUUGAGCGACUUUACCAGGCGGCCACUCCACAUCGGCACUAAGGAACCAAUCUUCUAAAGCCAACCAAUCGCCAUAGCUGAGCGAGUGCCCGAGGCGGGAGUUUAACCUGUUUGCAUUUAAGCCCUCGCUUCUCAUUUGGACGUUUAACAGCCGAUCUGGACGUCUGGGAAGGGAGAGGGGGGAAGGUGUCGGGCCGAAGGAGUACGUUUGCUGGUACACCGGUAAGCGUAAUGGACCGCCGUUAUCUAUGUAAAAUCAAGUAUUUUGUGCACUGGUAAUAUGUCUGACUACAUUGCGGUUAACCGGUCGGAUCCUUCUGUGCGCAACAAGAUCC
1	0.9310986995697021	0.9307692646980286	8	12	6	6	6	6	780	400	GGGACAAACUUAAUGAUUGAAUUAUGAUCCGGGUUAAUAUCUCUUUAAACGGUCGGUUUUGAGAUAUUGAGCGACUUUACCAGGCGGCCACUCCACAUCGGCACUAAGGAACCAAUCUUCUAAAGCCAACCAAUCGCCAUAGCUGAGCGAGUGCCCGAGGCGGGAGUUUAACCUGUUUGCAUUUAAGCCCUCGCUUCUCAUUUGGACGUUUAACAGCCGAUCUGGACGUCUGGGAAGGGAGAGGGGGGAAGGUGUCGGGCCGAAGGAGUACGUUUGCUGGUACACCGGUAAGCGUAAUGGACCGCCGUUAUCUAUGUAAAAUCAAGUAUUUUGUGCACUGGUAAUAUGUCUGACUACAUUGCGGUUAACCGGUCGGAUCCUUCUGUGCGCAACAAGAUCC
1	0.8415187001228333	0.8409091234207153	9	12	6	6	6	6	780	400	GGGACAAACUUAAUGAUUGAAUUAUGAUCCGGGUUAAUAUCUCUUUAAACGGUCGGUUUUGAGAUAUUGAGCGACUUUACCAGGCGGCCACUCCACAUCGGCACUAAGGAACCAAUCUUCUAAAGCCAACCAAUCGCCAUAGCUGAGCGAGUGCCCGAGGCGGGAGUUUAACCUGUUUGCAUUUAAGCCCUCGCUUCUCAUUUGGACGUUUAACAGCCGAUCUGGACGUCUGGGAAGGGAGAGGGGGGAAGGUGUCGGGCCGAAGGAGUACGUUUGCUGGUACACCGGUAAGCGUAAUGGACCGCCGUUAUCUAUGUAAAAUCAAGUAUUUUGUGCACUGGUAAUAUGUCUGACUACAUUGCGGUUAACCGGUCGGAUCCUUCUGUGCGCAACAAGAUCC
1	0.827798068523407	0.8275862336158752	10	12	6	6	6	6	780	400	GGGACAAACUUAAUGAUUGAAUUAUGAUCCGGGUUAAUAUCUCUUUAAACGGUCGGUUUUGAGAUAUUGAGCGACUUUACCAGGCGGCCACUCCACAUCGGCACUAAGGAACCAAUCUUCUAAAGCCAACCAAUCGCCAUAGCUGAGCGAGUGCCCGAGGCGGGAGUUUAACCUGUUUGCAUUUAAGCCCUCGCUUCUCAUUUGGACGUUUAACAGCCGAUCUGGACGUCUGGGAAGGGAGAGGGGGGAAGGUGUCGGGCCGAAGGAGUACGUUUGCUGGUACACCGGUAAGCGUAAUGGACCGCCGUUAUCUAUGUAAAAUCAAGUAUUUUGUGCACUGGUAAUAUGUCUGACUACAUUGCGGUUAACCGGUCGGAUCCUUCUGUGCGCAACAAGAUCC
1	0.8859558701515198	0.8854962587356567	11	12	6	6	6	6	780	400	GGGACAAACUUAAUGAUUGAAUUAUGAUCCGGGUUAAUAUCUCUUUAAACGGUCGGUUUUGAGAUAUUGAGCGACUUUACCAGGCGGCCACUCCACAUCGGCACUAAGGAACCAAUCUUCUAAAGCCAACCAAUCGCCAUAGCUGAGCGAGUGCCCGAGGCGGGAGUUUAACCUGUUUGCAUUUAAGCCCUCGCUUCUCAUUUGGACGUUUAACAGCCGAUCUGGACGUCUGGGAAGGGAGAGGGGGGAAGGUGUCGGGCCGAAGGAGUACGUUUGCUGGUACACCGGUAAGCGUAAUGGACCGCCGUUAUCUAUGUAAAAUCAAGUAUUUUGUGCACUGGUAAUAUGUCUGACUACAUUGCGGUUAACCGGUCGGAUCCUUCUGUGCGCAACAAGAUCC
1	0.8598386645317078	0.8593155741691589	12	12	6	6	6	6	780	400	GGGACAAACUUAAUGAUUGAAUUAUGAUCCGGGUUAAUAUCUCUUUAAACGGUCGGUUUUGAGAUAUUGAGCGACUUUACCAGGCGGCCACUCCACAUCGGCACUAAGGAACCAAUCUUCUAAAGCCAACCAAUCGCCAUAGCUGAGCGAGUGCCCGAGGCGGGAGUUUAACCUGUUUGCAUUUAAGCCCUCGCUUCUCAUUUGGACGUUUAACAGCCGAUCUGGACGUCUGGGAAGGGAGAGGGGGGAAGGUGUCGGGCCGAAGGAGUACGUUUGCUGGUACACCGGUAAGCGUAAUGGACCGCCGUUAUCUAUGUAAAAUCAAGUAUUUUGUGCACUGGUAAUAUGUCUGACUACAUUGCGGUUAACCGGUCGGAUCCUUCUGUGCGCAACAAGAUCC
1	0.878304123878479	0.8778625726699829	13	12	6	6	6	6	780	400	GGGACAAACUUAAUGAUUGAAUUAUGAUCCGGGUUAAUAUCUCUUUAAACGGUCGGUUUUGAGAUAUUGAGCGACUUUACCAGGCGGCCACUCCACAUCGGCACUAAGGAACCAAUCUUCUAAAGCCAACCAAUCGCCAUAGCUGAGCGAGUGCCCGAGGCGGGAGUUUAACCUGUUUGCAUUUAAGCCCUCGCUUCUCAUUUGGACGUUUAACAGCCGAUCUGGACGUCUGGGAAGGGAGAGGGGGGAAGGUGUCGGGCCGAAGGAGUACGUUUGCUGGUACACCGGUAAGCGUAAUGGACCGCCGUUAUCUAUGUAAAAUCAAGUAUUUUGUGCACUGGUAAUAUGUCUGACUACAUUGCGGUUAACCGGUCGGAUCCUUCUGUGCGCAACAAGAUCC
1	0.9027383327484131	0.9027237892150879	13	12	6	6	6	6	780	400	GGGACAAACUUAAUGAUUGAAUUAUGAUCCGGGUUAAUAUCUCUUUAAACGGUCGGUUUUGAGAUAUUGAGCGACUUUACCAGGCGGCCACUCCACAUCGGCACUAAGGAACCAAUCUUCUAAAGCCAACCAAUCGCCAUAGCUGAGCGAGUGCCCGAGGCGGGAGUUUAACCUGUUUGCAUUUAAGCCCUCGCUUCUCAUUUGGACGUUUAACAGCCGAUCUGGACGUCUGGGAAGGGAGAGGGGGGAAGGUGUCGGGCCGAAGGAGUACGUUUGCUGGUACACCGGUAAGCGUAAUGGACCGCCGUUAUCUAUGUAAAAUCAAGUAUUUUGUGCACUGGUAAUAUGUCUGACUACAUUGCGGUUAACCGGUCGGAUCCUUCUGUGCGCAACAAGAUCC
1	0.8656401634216309	0.8646616339683533	12	12	6	6	6	6	780	400	GGGACAAACUUAAUGAUUGAAUUAUGAUCCGGGUUAAUAUCUCUUUAAACGGUCGGUUUUGAGAUAUUGAGCGACUUUACCAGGCGGCCACUCCACAUCGGCACUAAGGAACCAAUCUUCUAAAGCCAACCAAUCGCCAUAGCUGAGCGAGUGCCCGAGGCGGGAGUUUAACCUGUUUGCAUUUAAGCCCUCGCUUCUCAUUUGGACGUUUAACAGCCGAUCUGGACGUCUGGGAAGGGAGAGGGGGGAAGGUGUCGGGCCGAAGGAGUACGUUUGCUGGUACACCGGUAAGCGUAAUGGACCGCCGUUAUCUAUGUAAAAUCAAGUAUUUUGUGCACUGGUAAUAUGUCUGACUACAUUGCGGUUAACCGGUCGGAUCCUUCUGUGCGCAACAAGAUCC
1	0.8201180696487427	0.8199233412742615	12	12	6	6	6	6	780	400	GGGACAAACUUAAUGAUUGAAUUAUGAUCCGGGUUAAUAUCUCUUUAAACGGUCGGUUUUGAGAUAUUGAGCGACUUUACCAGGCGGCCACUCCACAUCGGCACUAAGGAACCAAUCUUCUAAAGCCAACCAAUCGCCAUAGCUGAGCGAGUGCCCGAGGCGGGAGUUUAACCUGUUUGCAUUUAAGCCCUCGCUUCUCAUUUGGACGUUUAACAGCCGAUCUGGACGUCUGGGAAGGGAGAGGGGGGAAGGUGUCGGGCCGAAGGAGUACGUUUGCUGGUACACCGGUAAGCGUAAUGGACCGCCGUUAUCUAUGUAAAAUCAAGUAUUUUGUGCACUGGUAAUAUGUCUGACUACAUUGCGGUUAACCGGUCGGAUCCUUCUGUGCGCAACAAGAUCC
1	0.8617221117019653	0.8615385293960571	12	12	6	6	6	6	780	400	GGGACAAACUUAAUGAUUGAAUUAUGAUCCGGGUUAAUAUCUCUUUAAACGGUCGGUUUUGAGAUAUUGAGCGACUUUACCAGGCGGCCACUCCACAUCGGCACUAAGGAACCAAUCUUCUAAAGCCAACCAAUCGCCAUAGCUGAGCGAGUGCCCGAGGCGGGAGUUUAACCUGUUUGCAUUUAAGCCCUCGCUUCUCAUUUGGACGUUUAACAGCCGAUCUGGACGUCUGGGAAGGGAGAGGGGGGAAGGUGUCGGGCCGAAGGAGUACGUUUGCUGGUACACCGGUAAGCGUAAUGGACCGCCGUUAUCUAUGUAAAAUCAAGUAUUUUGUGCACUGGUAAUAUGUCUGACUACAUUGCGGUUAACCGGUCGGAUCCUUCUGUGCGCAACAAGAUCC
1	0.863000750541687	0.8625954389572144	12	12	6	6	6	6	780	400	GGGACAAACUUAAUGAUUGAAUUAUGAUCCGGGUUAAUAUCUCUUUAAACGGUCGGUUUUGAGAUAUUGAGCGACUUUACCAGGCGGCCACUCCACAUCGGCACUAAGGAACCAAUCUUCUAAAGCCAACCAAUCGCCAUAGCUGAGCGAGUGCCCGAGGCGGGAGUUUAACCUGUUUGCAUUUAAGCCCUCGCUUCUCAUUUGGACGUUUAACAGCCGAUCUGGACGUCUGGGAAGGGAGAGGGGGGAAGGUGUCGGGCCGAAGGAGUACGUUUGCUGGUACACCGGUAAGCGUAAUGGACCGCCGUUAUCUAUGUAAAAUCAAGUAUUUUGUGCACUGGUAAUAUGUCUGACUACAUUGCGGUUAACCGGUCGGAUCCUUCUGUGCGCAACAAGAUCC
1	0.8354779481887817	0.8352489471435547	13	12	6	6	6	6	780	400	GGGACAAACUUAAUGAUUGAAUUAUGAUCCGGGUUAAUAUCUCUUUAAACGGUCGGUUUUGAGAUAUUGAGCGACUUUACCAGGCGGCCACUCCACAUCGGCACUAAGGAACCAAUCUUCUAAAGCCAACCAAUCGCCAUAGCUGAGCGAGUGCCCGAGGCGGGAGUUUAACCUGUUUGCAUUUAAGCCCUCGCUUCUCAUUUGGACGUUUAACAGCCGAUCUGGACGUCUGGGAAGGGAGAGGGGGGAAGGUGUCGGGCCGAAGGAGUACGUUUGCUGGUACACCGGUAAGCGUAAUGGACCGCCGUUAUCUAUGUAAAAUCAAGUAUUUUGUGCACUGGUAAUAUGUCUGACUACAUUGCGGUUAACCGGUCGGAUCCUUCUGUGCGCAACAAGAUCC
1	0.8959119319915771	0.8957529067993164	14	12	6	6	6	6	780	400	GGGACAAACUUAAUGAUUGAAUUAUGAUCCGGGUUAAUAUCUCUUUAAACGGUCGGUUUUGAGAUAUUGAGCGACUUUACCAGGCGGCCACUCCACAUCGGCACUAAGGAACCAAUCUUCUAAAGCCAACCAAUCGCCAUAGCUGAGCGAGUGCCCGAGGCGGGAGUUUAACCUGUUUGCAUUUAAGCCCUCGCUUCUCAUUUGGACGUUUAACAGCCGAUCUGGACGUCUGGGAAGGGAGAGGGGGGAAGGUGUCGGGCCGAAGGAGUACGUUUGCUGGUACACCGGUAAGCGUAAUGGACCGCCGUUAUCUAUGUAAAAUCAAGUAUUUUGUGCACUGGUAAUAUGUCUGACUACAUUGCGGUUAACCGGUCGGAUCCUUCUGUGCGCAACAAGAUCC
1	0.8201180696487427	0.8199233412742615	12	12	6	6	6	6	780	400	GGGACAAACUUAAUGAUUGAAUUAUGAUCCGGGUUAAUAUCUCUUUAAACGGUCGGUUUUGAGAUAUUGAGCGACUUUACCAGGCGGCCACUCCACAUCGGCACUAAGGAACCAAUCUUCUAAAGCCAACCAAUCGCCAUAGCUGAGCGAGUGCCCGAGGCGGGAGUUUAACCUGUUUGCAUUUAAGCCCUCGCUUCUCAUUUGGACGUUUAACAGCCGAUCUGGACGUCUGGGAAGGGAGAGGGGGGAAGGUGUCGGGCCGAAGGAGUACGUUUGCUGGUACACCGGUAAGCGUAAUGGACCGCCGUUAUCUAUGUAAAAUCAAGUAUUUUGUGCACUGGUAAUAUGUCUGACUACAUUGCGGUUAACCGGUCGGAUCCUUCUGUGCGCAACAAGAUCC
1	0.8293435573577881	0.8288972973823547	13	12	6	6	6	6	780	400	GGGACAAACUUAAUGAUUGAAUUAUGAUCCGGGUUAAUAUCUCUUUAAACGGUCGGUUUUGAGAUAUUGAGCGACUUUACCAGGCGGCCACUCCACAUCGGCACUAAGGAACCAAUCUUCUAAAGCCAACCAAUCGCCAUAGCUGAGCGAGUGCCCGAGGCGGGAGUUUAACCUGUUUGCAUUUAAGCCCUCGCUUCUCAUUUGGACGUUUAACAGCCGAUCUGGACGUCUGGGAAGGGAGAGGGGGGAAGGUGUCGGGCCGAAGGAGUACGUUUGCUGGUACACCGGUAAGCGUAAUGGACCGCCGUUAUCUAUGUAAAAUCAAGUAUUUUGUGCACUGGUAAUAUGUCUGACUACAUUGCGGUUAACCGGUCGGAUCCUUCUGUGCGCAACAAGAUCC
1	0.9079731106758118	0.9076922535896301	12	12	6	6	6	6	780	400	GGGACAAACUUAAUGAUUGAAUUAUGAUCCGGGUUAAUAUCUCUUUAAACGGUCGGUUUUGAGAUAUUGAGCGACUUUACCAGGCGGCCACUCCACAUCGGCACUAAGGAACCAAUCUUCUAAAGCCAACCAAUCGCCAUAGCUGAGCGAGUGCCCGAGGCGGGAGUUUAACCUGUUUGCAUUUAAGCCCUCGCUUCUCAUUUGGACGUUUAACAGCCGAUCUGGACGUCUGGGAAGGGAGAGGGGGGAAGGUGUCGGGCCGAAGGAGUACGUUUGCUGGUACACCGGUAAGCGUAAUGGACCGCCGUUAUCUAUGUAAAAUCAAGUAUUUUGUGCACUGGUAAUAUGUCUGACUACAUUGCGGUUAACCGGUCGGAUCCUUCUGUGCGCAACAAGAUCC
1	0.8323938846588135	0.8320610523223877	13	12	6	6	6	6	780	400	GGGACAAACUUAAUGAUUGAAUUAUGAUCCGGGUUAAUAUCUCUUUAAACGGUCGGUUUUGAGAUAUUGAGCGACUUUACCAGGCGGCCACUCCACAUCGGCACUAAGGAACCAAUCUUCUAAAGCCAACCAAUCGCCAUAGCUGAGCGAGUGCCCGAGGCGGGAGUUUAACCUGUUUGCAUUUAAGCCCUCGCUUCUCAUUUGGACGUUUAACAGCCGAUCUGGACGUCUGGGAAGGGAGAGGGGGGAAGGUGUCGGGCCGAAGGAGUACGUUUGCUGGUACACCGGUAAGCGUAAUGGACCGCCGUUAUCUAUGUAAAAUCAAGUAUUUUGUGCACUGGUAAUAUGUCUGACUACAUUGCGGUUAACCGGUCGGAUCCUUCUGUGCGCAACAAGAUCC
1	0.8837725520133972	0.8837209343910217	12	12	6	6	6	6	780	400	GGGACAAACUUAAUGAUUGAAUUAUGAUCCGGGUUAAUAUCUCUUUAAACGGUCGGUUUUGAGAUAUUGAGCGACUUUACCAGGCGGCCACUCCACAUCGGCACUAAGGAACCAAUCUUCUAAAGCCAACCAAUCGCCAUAGCUGAGCGAGUGCCCGAGGCGGGAGUUUAACCUGUUUGCAUUUAAGCCCUCGCUUCUCAUUUGGACGUUUAACAGCCGAUCUGGACGUCUGGGAAGGGAGAGGGGGGAAGGUGUCGGGCCGAAGGAGUACGUUUGCUGGUACACCGGUAAGCGUAAUGGACCGCCGUUAUCUAUGUAAAAUCAAGUAUUUUGUGCACUGGUAAUAUGUCUGACUACAUUGCGGUUAACCGGUCGGAUCCUUCUGUGCGCAACAAGAUCC
1	0.9233902096748352	0.9230769872665405	12	12	6	6	6	6	780	400	GGGACAAACUUAAUGAUUGAAUUAUGAUCCGGGUUAAUAUCUCUUUAAACGGUCGGUUUUGAGAUAUUGAGCGACUUUACCAGGCGGCCACUCCACAUCGGCACUAAGGAACCAAUCUUCUAAAGCCAACCAAUCGCCAUAGCUGAGCGAGUGCCCGAGGCGGGAGUUUAACCUGUUUGCAUUUAAGCCCUCGCUUCUCAUUUGGACGUUUAACAGCCGAUCUGGACGUCUGGGAAGGGAGAGGGGGGAAGGUGUCGGGCCGAAGGAGUACGUUUGCUGGUACACCGGUAAGCGUAAUGGACCGCCGUUAUCUAUGUAAAAUCAAGUAUUUUGUGCACUGGUAAUAUGUCUGACUACAUUGCGGUUAACCGGUCGGAUCCUUCUGUGCGCAACAAGAUCC
1	0.878304123878479	0.8778625726699829	14	12	6	6	6	6	780	400	GGGACAAACUUAAUGAUUGAAUUAUGAUCCGGGUUAAUAUCUCUUUAAACGGUCGGUUUUGAGAUAUUGAGCGACUUUACCAGGCGGCCACUCCACAUCGGCACUAAGGAACCAAUCUUCUAAAGCCAACCAAUCGCCAUAGCUGAGCGAGUGCCCGAGGCGGGAGUUUAACCUGUUUGCAUUUAAGCCCUCGCUUCUCAUUUGGACGUUUAACAGCCGAUCUGGACGUCUGGGAAGGGAGAGGGGGGAAGGUGUCGGGCCGAAGGAGUACGUUUGCUGGUACACCGGUAAGCGUAAUGGACCGCCGUUAUCUAUGUAAAAUCAAGUAUUUUGUGCACUGGUAAUAUGUCUGACUACAUUGCGGUUAACCGGUCGGAUCCUUCUGUGCGCAACAAGAUCC
1	0.8617221117019653	0.8615385293960571	13	12	6	6	6	6	780	400	GGGACAAACUUAAUGAUUGAAUUAUGAUCCGGGUUAAUAUCUCUUUAAACGGUCGGUUUUGAGAUAUUGAGCGACUUUACCAGGCGGCCACUCCACAUCGGCACUAAGGAACCAAUCUUCUAAAGCCAACCAAUCGCCAUAGCUGAGCGAGUGCCCGAGGCGGGAGUUUAACCUGUUUGCAUUUAAGCCCUCGCUUCUCAUUUGGACGUUUAACAGCCGAUCUGGACGUCUGGGAAGGGAGAGGGGGGAAGGUGUCGGGCCGAAGGAGUACGUUUGCUGGUACACCGGUAAGCGUAAUGGACCGCCGUUAUCUAUGUAAAAUCAAGUAUUUUGUGCACUGGUAAUAUGUCUGACUACAUUGCGGUUAACCGGUCGGAUCCUUCUGUGCGCAACAAGAUCC
1	0.863000750541687	0.8625954389572144	12	12	6	6	6	6	780	400	GGGACAAACUUAAUGAUUGAAUUAUGAUCCGGGUUAAUAUCUCUUUAAACGGUCGGUUUUGAGAUAUUGAGCGACUUUACCAGGCGGCCACUCCACAUCGGCACUAAGGAACCAAUCUUCUAAAGCCAACCAAUCGCCAUAGCUGAGCGAGUGCCCGAGGCGGGAGUUUAACCUGUUUGCAUUUAAGCCCUCGCUUCUCAUUUGGACGUUUAACAGCCGAUCUGGACGUCUGGGAAGGGAGAGGGGGGAAGGUGUCGGGCCGAAGGAGUACGUUUGCUGGUACACCGGUAAGCGUAAUGGACCGCCGUUAUCUAUGUAAAAUCAAGUAUUUUGUGCACUGGUAAUAUGUCUGACUACAUUGCGGUUAACCGGUCGGAUCCUUCUGUGCGCAACAAGAUCC
2	0.4556446373462677	0.4561403691768646	1	12	6	6	6	6	780	400	CCAUCUCUCCAUUUCGUGACACGUGUUUAUUUCGGCAAAUUGAGUAAUAUGUAUUAAGCAAGGCAUCCUAAAGAUGCGGGGUGAUCGGCACUGUAUAUUACAAAGAUACCCGGCGAAAACUCUGGGAAUCCCUAUAACGAUAGUCGUGGGAUCGGUUUUAUAAGCCAUGAUCGUGAGGUGCAUGCCGGUUUUAAGCAAGACAGUGCCAGCAAAUCUGAGCCAAAACAUCGGACUGCAAGAAGUACAGGAUCAACGUUCCUCCAGUCCGCCUUAAACCGCAACCAGUAACCUAGGCCCCCGCACCGGCACCGCGUCGCAUAAAAGACACGUACGUCAGCUCCCAGCUUCCUAGAGCUGCCCACCAUGGGACGUAUCUCCGUGGGCGAACCAAUAGCUCCGC
2	0.6898345351219177	0.6899563670158386	2	12	6	6	6	6	780	400	CCAUCUCUCCAUUUCGUGACACGUGUUUAUUUCGGCAAAUUGAGUAAUAUGUAUUAAGCAAGGCAUCCUAAAGAUGCGGGGUGAUCGGCACUGUAUAUUACAAAGAUACCCGGCGAAAACUCUGGGAAUCCCUAUAACGAUAGUCGUGGGAUCGGUUUUAUAAGCCAUGAUCGUGAGGUGCAUGCCGGUUUUAAGCAAGACAGUGCCAGCAAAUCUGAGCCAAAACAUCGGACUGCAAGAAGUACAGGAUCAACGUUCCUCCAGUCCGCCUUAAACCGCAACCAGUAACCUAGGCCCCCGCACCGGCACCGCGUCGCAUAAAAGACACGUACGUCAGCUCCCAGCUUCCUAGAGCUGCCCACCAUGGGACGUAUCUCCGUGGGCGAACCAAUAGCUCCGC
2	0.45153796672821045	0.4521739184856415	3	12	6	6	6	6	780	400	CCAUCUCUCCAUUUCGUGACACGUGUUUAUUUCGGCAAAUUGAGUAAUAUGUAUUAAGCAAGGCAUCCUAAAGAUGCGGGGUGAUCGGCACUGUAUAUUACAAAGAUACCCGGCGAAAACUCUGGGAAUCCCUAUAACGAUAGUCGUGGGAUCGGUUUUAUAAGCCAUGAUCGUGAGGUGCAUGCCGGUUUUAAGCAAGACAGUGCCAGCAAAUCUGAGCCAAAACAUCGGACUGCAAGAAGUACAGGAUCAACGUUCCUCCAGUCCGCCUUAAACCGCAACCAGUAACCUAGGCCCCCGCACCGGCACCGCGUCGCAUAAAAGACACGUACGUCAGCUCCCAGCUUCCUAGAGCUGCCCACCAUGGGACGUAUCUCCGUGGGCGAACCAAUAGCUCCGC
2	0.7550699710845947	0.755364716053009	4	12	6	6	6	6	780	400	CCAUCUCUCCAUUUCGUGACACGUGUUUAUUUCGGCAAAUUGAGUAAUAUGUAUUAAGCAAGGCAUCCUAAAGAUGCGGGGUGAUCGGCACUGUAUAUUACAAAGAUACCCGGCGAAAACUCUGGGAAUCCCUAUAACGAUAGUCGUGGGAUCGGUUUUAUAAGCCAUGAUCGUGAGGUGCAUGCCGGUUUUAAGCAAGACAGUGCCAGCAAAUCUGAGCCAAAACAUCGGACUGCAAGAAGUACAGGAUCAACGUUCCUCCAGUCCGCCUUAAACCGCAACCAGUAACCUAGGCCCCCGCACCGGCACCGCGUCGCAUAAAAGACACGUACGUCAGCUCCCAGCUUCCUAGAGCUGCCCACCAUGGGACGUAUCUCCGUGGGCGAACCAAUAGCUCCGC
2	0.7831162214279175	0.7833333015441895	5	12	6	6	6	6	780	400	CCAUCUCUCCAUUUCGUGACACGUGUUUAUUUCGGCAAAUUGAGUAAUAUGUAUUAAGCAAGGCAUCCUAAAGAUGCGGGGUGAUCGGCACUGUAUAUUACAAAGAUACCCGGCGAAAACUCUGGGAAUCCCUAUAACGAUAGUCGUGGGAUCGGUUUUAUAAGCCAUGAUCGUGAGGUGCAUGCCGGUUUUAAGCAAGACAGUGCCAGCAAAUCUGAGCCAAAACAUCGGACUGCAAGAAGUACAGGAUCAACGUUCCUCCAGUCCGCCUUAAACCGCAACCAGUAACCUAGGCCCCCGCACCGGCACCGCGUCGCAUAAAAGACACGUACGUCAGCUCCCAGCUUCCUAGAGCUGCCCACCAUGGGACGUAUCUCCGUGGGCGAACCAAUAGCUCCGC
2	0.7307167649269104	0.7310924530029297	6	12	6	6	6	6	780	400	CCAUCUCUCCAUUUCGUGACACGUGUUUAUUUCGGCAAAUUGAGUAAUAUGUAUUAAGCAAGGCAUCCUAAAGAUGCGGGGUGAUCGGCACUGUAUAUUACAAAGAUACCCGGCGAAAACUCUGGGAAUCCCUAUAACGAUAGUCGUGGGAUCGGUUUUAUAAGCCAUGAUCGUGAGGUGCAUGCCGGUUUUAAGCAAGACAGUGCCAGCAAAUCUGAGCCAAAACAUCGGACUGCAAGAAGUACAGGAUCAACGUUCCUCCAGUCCGCCUUAAACCGCAACCAGUAACCUAGGCCCCCGCACCGGCACCGCGUCGCAUAAAAGACACGUACGUCAGCUCCCAGCUUCCUAGAGCUGCCCACCAUGGGACGUAUCUCCGUGGGCGAACCAAUAGCUCCGC
2	0.882208526134491	0.882352888584137	7	12	6	6	6	6	780	400	CCAUCUCUCCAUUUCGUGACACGUGUUUAUUUCGGCAAAUUGAGUAAUAUGUAUUAAGCAAGGCAUCCUAAAGAUGCGGGGUGAUCGGCACUGUAUAUUACAAAGAUACCCGGCGAAAACUCUGGGAAUCCCUAUAACGAUAGUCGUGGGAUCGGUUUUAUAAGCCAUGAUCGUGAGGUGCAUGCCGGUUUUAAGCAAGACAGUGCCAGCAAAUCUGAGCCAAAACAUCGGACUGCAAGAAGUACAGGAUCAACGUUCCUCCAGUCCGCCUUAAACCGCAACCAGUAACCUAGGCCCCCGCACCGGCACCGCGUCGCAUAAAAGACACGUACGUCAGCUCCCAGCUUCCUAGAGCUGCCCACCAUGGGACGUAUCUCCGUGGGCGAACCAAUAGCUCCGC
2	0.8485437035560608	0.848739504814148	8	12	6	6	6	6	780	400	CCAUCUCUCCAUUUCGUGACACGUGUUUAUUUCGGCAAAUUGAGUAAUAUGUAUUAAGCAAGGCAUCCUAAAGAUGCGGGGUGAUCGGCACUGUAUAUUACAAAGAUACCCGGCGAAAACUCUGGGAAUCCCUAUAACGAUAGUCGUGGGAUCGGUUUUAUAAGCCAUGAUCGUGAGGUGCAUGCCGGUUUUAAGCAAGACAGUGCCAGCAAAUCUGAGCCAAAACAUCGGACUGCAAGAAGUACAGGAUCAACGUUCCUCCAGUCCGCCUUAAACCGCAACCAGUAACCUAGGCCCCCGCACCGGCACCGCGUCGCAUAAAAGACACGUACGUCAGCUCCCAGCUUCCUAGAGCUGCCCACCAUGGGACGUAUCUCCGUGGGCGAACCAAUAGCUCCGC
2	0.680671751499176	0.6810344457626343	9	12	6	6	6	6	780	400	CCAUCUCUCCAUUUCGUGACACGUGUUUAUUUCGGCAAAUUGAGUAAUAUGUAUUAAGCAAGGCAUCCUAAAGAUGCGGGGUGAUCGGCACUGUAUAUUACAAAGAUACCCGGCGAAAACUCUGGGAAUCCCUAUAACGAUAGUCGUGGGAUCGGUUUUAUAAGCCAUGAUCGUGAGGUGCAUGCCGGUUUUAAGCAAGACAGUGCCAGCAAAUCUGAGCCAAAACAUCGGACUGCAAGAAGUACAGGAUCAACGUUCCUCCAGUCCGCCUUAAACCGCAACCAGUAACCUAGGCCCCCGCACCGGCACCGCGUCGCAUAAAAGACACGUACGUCAGCUCCCAGCUUCCUAGAGCUGCCCACCAUGGGACGUAUCUCCGUGGGCGAACCAAUAGCUCCGC
2	0.7623605132102966	0.7627118825912476	10	12	6	6	6	6	780	400	CCAUCUCUCCAUUUCGUGACACGUGUUUAUUUCGGCAAAUUGAGUAAUAUGUAUUAAGCAAGGCAUCCUAAAGAUGCGGGGUGAUCGGCACUGUAUAUUACAAAGAUACCCGGCGAAAACUCUGGGAAUCCCUAUAACGAUAGUCGUGGGAUCGGUUUUAUAAGCCAUGAUCGUGAGGUGCAUGCCGGUUUUAAGCAAGACAGUGCCAGCAAAUCUGAGCCAAAACAUCGGACUGCAAGAAGUACAGGAUCAACGUUCCUCCAGUCCGCCUUAAACCGCAACCAGUAACCUAGGCCCCCGCACCGGCACCGCGUCGCAUAAAAGACACGUACGUCAGCUCCCAGCUUCCUAGAGCUGCCCACCAUGGGACGUAUCUCCGUGGGCGAACCAAUAGCUCCGC
2	0.8401274085044861	0.8403361439704895	11	12	6	6	6	6	780	400	CCAUCUCUCCAUUUCGUGACACGUGUUUAUUUCGGCAAAUUGAGUAAUAUGUAUUAAGCAAGGCAUCCUAAAGAUGCGGGGUGAUCGGCACUGUAUAUUACAAAGAUACCCGGCGAAAACUCUGGGAAUCCCUAUAACGAUAGUCGUGGGAUCGGUUUUAUAAGCCAUGAUCGUGAGGUGCAUGCCGGUUUUAAGCAAGACAGUGCCAGCAAAUCUGAGCCAAAACAUCGGACUGCAAGAAGUACAGGAUCAACGUUCCUCCAGUCCGCCUUAAACCGCAACCAGUAACCUAGGCCCCCGCACCGGCACCGCGUCGCAUAAAAGACACGUACGUCAGCUCCCAGCUUCCUAGAGCUGCCCACCAUGGGACGUAUCUCCGUGGGCGAACCAAUAGCUCCGC
2	0.8450228571891785	0.845188319683075	12	12	6	6	6	6	780	400	CCAUCUCUCCAUUUCGUGACACGUGUUUAUUUCGGCAAAUUGAGUAAUAUGUAUUAAGCAAGGCAUCCUAAAGAUGCGGGGUGAUCGGCACUGUAUAUUACAAAGAUACCCGGCGAAAACUCUGGGAAUCCCUAUAACGAUAGUCGUGGGAUCGGUUUUAUAAGCCAUGAUCGUGAGGUGCAUGCCGGUUUUAAGCAAGACAGUGCCAGCAAAUCUGAGCCAAAACAUCGGACUGCAAGAAGUACAGGAUCAACGUUCCUCCAGUCCGCCUUAAACCGCAACCAGUAACCUAGGCCCCCGCACCGGCACCGCGUCGCAUAAAAGACACGUACGUCAGCUCCCAGCUUCCUAGAGCUGCCCACCAUGGGACGUAUCUCCGUGGGCGAACCAAUAGCUCCGC
2	0.8165044188499451	0.8166666626930237	12	12	6	6	6	6	780	400	CCAUCUCUCCAUUUCGUGACACGUGUUUAUUUCGGCAAAUUGAGUAAUAUGUAUUAAGCAAGGCAUCCUAAAGAUGCGGGGUGAUCGGCACUGUAUAUUACAAAGAUACCCGGCGAAAACUCUGGGAAUCCCUAUAACGAUAGUCGUGGGAUCGGUUUUAUAAGCCAUGAUCGUGAGGUGCAUGCCGGUUUUAAGCAAGACAGUGCCAGCAAAUCUGAGCCAAAACAUCGGACUGCAAGAAGUACAGGAUCAACGUUCCUCCAGUCCGCCUUAAACCGCAACCAGUAACCUAGGCCCCCGCACCGGCACCGCGUCGCAUAAAAGACACGUACGUCAGCUCCCAGCUUCCUAGAGCUGCCCACCAUGGGACGUAUCUCCGUGGGCGAACCAAUAGCUCCGC
2	0.8401274085044861	0.8403361439704895	12	12	6	6	6	6	780	400	CCAUCUCUCCAUUUCGUGACACGUGUUUAUUUCGGCAAAUUGAGUAAUAUGUAUUAAGCAAGGCAUCCUAAAGAUGCGGGGUGAUCGGCACUGUAUAUUACAAAGAUACCCGGCGAAAACUCUGGGAAUCCCUAUAACGAUAGUCGUGGGAUCGGUUUUAUAAGCCAUGAUCGUGAGGUGCAUGCCGGUUUUAAGCAAGACAGUGCCAGCAAAUCUGAGCCAAAACAUCGGACUGCAAGAAGUACAGGAUCAACGUUCCUCCAGUCCGCCUUAAACCGCAACCAGUAACCUAGGCCCCCGCACCGGCACCGCGUCGCAUAAAAGACACGUACGUCAGCUCCCAGCUUCCUAGAGCUGCCCACCAUGGGACGUAUCUCCGUGGGCGAACCAAUAGCUCCGC
2	0.8678984642028809	0.8680850863456726	11	12	6	6	6	6	780	400	CCAUCUCUCCAUUUCGUGACACGUGUUUAUUUCGGCAAAUUGAGUAAUAUGUAUUAAGCAAGGCAUCCUAAAGAUGCGGGGUGAUCGGCACUGUAUAUUACAAAGAUACCCGGCGAAAACUCUGGGAAUCCCUAUAACGAUAGUCGUGGGAUCGGUUUUAUAAGCCAUGAUCGUGAGGUGCAUGCCGGUUUUAAGCAAGACAGUGCCAGCAAAUCUGAGCCAAAACAUCGGACUGCAAGAAGUACAGGAUCAACGUUCCUCCAGUCCGCCUUAAACCGCAACCAGUAACCUAGGCCCCCGCACCGGCACCGCGUCGCAUAAAAGACACGUACGUCAGCUCCCAGCUUCCUAGAGCUGCCCACCAUGGGACGUAUCUCCGUGGGCGAACCAAUAGCUCCGC
2	0.6857761144638062	0.6861924529075623	12	12	6	6	6	6	780	400	CCAUCUCUCCAUUUCGUGACACGUGUUUAUUUCGGCAAAUUGAGUAAUAUGUAUUAAGCAAGGCAUCCUAAAGAUGCGGGGUGAUCGGCACUGUAUAUUACAAAGAUACCCGGCGAAAACUCUGGGAAUCCCUAUAACGAUAGUCGUGGGAUCGGUUUUAUAAGCCAUGAUCGUGAGGUGCAUGCCGGUUUUAAGCAAGACAGUGCCAGCAAAUCUGAGCCAAAACAUCGGACUGCAAGAAGUACAGGAUCAACGUUCCUCCAGUCCGCCUUAAACCGCAACCAGUAACCUAGGCCCCCGCACCGGCACCGCGUCGCAUAAAAGACACGUACGUCAGCUCCCAGCUUCCUAGAGCUGCCCACCAUGGGACGUAUCUCCGUGGGCGAACCAAUAGCUCCGC
2	0.884394645690918	0.8842974901199341	12	12	6	6	6	6	780	400	CCAUCUCUCCAUUUCGUGACACGUGUUUAUUUCGGCAAAUUGAGUAAUAUGUAUUAAGCAAGGCAUCCUAAAGAUGCGGGGUGAUCGGCACUGUAUAUUACAAAGAUACCCGGCGAAAACUCUGGGAAUCCCUAUAACGAUAGUCGUGGGAUCGGUUUUAUAAGCCAUGAUCGUGAGGUGCAUGCCGGUUUUAAGCAAGACAGUGCCAGCAAAUCUGAGCCAAAACAUCGGACUGCAAGAAGUACAGGAUCAACGUUCCUCCAGUCCGCCUUAAACCGCAACCAGUAACCUAGGCCCCCGCACCGGCACCGCGUCGCAUAAAAGACACGUACGUCAGCUCCCAGCUUCCUAGAGCUGCCCACCAUGGGACGUAUCUCCGUGGGCGAACCAAUAGCUCCGC
2	0.7109203934669495	0.7112970948219299	11	12	6	6	6	6	780	400	CCAUCUCUCCAUUUCGUGACACGUGUUUAUUUCGGCAAAUUGAGUAAUAUGUAUUAAGCAAGGCAUCCUAAAGAUGCGGGGUGAUCGGCACUGUAUAUUACAAAGAUACCCGGCGAAAACUCUGGGAAUCCCUAUAACGAUAGUCGUGGGAUCGGUUUUAUAAGCCAUGAUCGUGAGGUGCAUGCCGGUUUUAAGCAAGACAGUGCCAGCAAAUCUGAGCCAAAACAUCGGACUGCAAGAAGUACAGGAUCAACGUUCCUCCAGUCCGCCUUAAACCGCAACCAGUAACCUAGGCCCCCGCACCGGCACCGCGUCGCAUAAAAGACACGUACGUCAGCUCCCAGCUUCCUAGAGCUGCCCACCAUGGGACGUAUCUCCGUGGGCGAACCAAUAGCUCCGC
2	0.8381105661392212	0.8381742238998413	13	12	6	6	6	6	780	400	CCAUCUCUCCAUUUCGUGACACGUGUUUAUUUCGGCAAAUUGAGUAAUAUGUAUUAAGCAAGGCAUCCUAAAGAUGCGGGGUGAUCGGCACUGUAUAUUACAAAGAUACCCGGCGAAAACUCUGGGAAUCCCUAUAACGAUAGUCGUGGGAUCGGUUUUAUAAGCCAUGAUCGUGAGGUGCAUGCCGGUUUUAAGCAAGACAGUGCCAGCAAAUCUGAGCCAAAACAUCGGACUGCAAGAAGUACAGGAUCAACGUUCCUCCAGUCCGCCUUAAACCGCAACCAGUAACCUAGGCCCCCGCACCGGCACCGCGUCGCAUAAAAGACACGUACGUCAGCUCCCAGCUUCCUAGAGCUGCCCACCAUGGGACGUAUCUCCGUGGGCGAACCAAUAGCUCCGC
2	0.8381105661392212	0.8381742238998413	12	12	6	6	6	6	780	400	CCAUCUCUCCAUUUCGUGACACGUGUUUAUUUCGGCAAAUUGAGUAAUAUGUAUUAAGCAAGGCAUCCUAAAGAUGCGGGGUGAUCGGCACUGUAUAUUACAAAGAUACCCGGCGAAAACUCUGGGAAUCCCUAUAACGAUAGUCGUGGGAUCGGUUUUAUAAGCCAUGAUCGUGAGGUGCAUGCCGGUUUUAAGCAAGACAGUGCCAGCAAAUCUGAGCCAAAACAUCGGACUGCAAGAAGUACAGGAUCAACGUUCCUCCAGUCCGCCUUAAACCGCAACCAGUAACCUAGGCCCCCGCACCGGCACCGCGUCGCAUAAAAGACACGUACGUCAGCUCCCAGCUUCCUAGAGCUGCCCACCAUGGGACGUAUCUCCGUGGGCGAACCAAUAGCUCCGC
2	0.8557188510894775	0.8559321761131287	11	12	6	6	6	6	780	400	CCAUCUCUCCAUUUCGUGACACGUGUUUAUUUCGGCAAAUUGAGUAAUAUGUAUUAAGCAAGGCAUCCUAAAGAUGCGGGGUGAUCGGCACUGUAUAUUACAAAGAUACCCGGCGAAAACUCUGGGAAUCCCUAUAACGAUAGUCGUGGGAUCGGUUUUAUAAGCCAUGAUCGUGAGGUGCAUGCCGGUUUUAAGCAAGACAGUGCCAGCAAAUCUGAGCCAAAACAUCGGACUGCAAGAAGUACAGGAUCAACGUUCCUCCAGUCCGCCUUAAACCGCAACCAGUAACCUAGGCCCCCGCACCGGCACCGCGUCGCAUAAAAGACACGUACGUCAGCUCCCAGCUUCCUAGAGCUGCCCACCAUGGGACGUAUCUCCGUGGGCGAACCAAUAGCUCCGC
2	0.8630499243736267	0.863070547580719	11	12	6	6	6	6	780	400	CCAUCUCUCCAUUUCGUGACACGUGUUUAUUUCGGCAAAUUGAGUAAUAUGUAUUAAGCAAGGCAUCCUAAAGAUGCGGGGUGAUCGGCACUGUAUAUUACAAAGAUACCCGGCGAAAACUCUGGGAAUCCCUAUAACGAUAGUCGUGGGAUCGGUUUUAUAAGCCAUGAUCGUGAGGUGCAUGCCGGUUUUAAGCAAGACAGUGCCAGCAAAUCUGAGCCAAAACAUCGGACUGCAAGAAGUACAGGAUCAACGUUCCUCCAGUCCGCCUUAAACCGCAACCAGUAACCUAGGCCCCCGCACCGGCACCGCGUCGCAUAAAAGACACGUACGUCAGCUCCCAGCUUCCUAGAGCUGCCCACCAUGGGACGUAUCUCCGUGGGCGAACCAAUAGCUCCGC
2	0.8381105661392212	0.8381742238998413	11	12	6	6	6	6	780	400	CCAUCUCUCCAUUUCGUGACACGUGUUUAUUUCGGCAAAUUGAGUAAUAUGUAUUAAGCAAGGCAUCCUAAAGAUGCGGGGUGAUCGGCACUGUAUAUUACAAAGAUACCCGGCGAAAACUCUGGGAAUCCCUAUAACGAUAGUCGUGGGAUCGGUUUUAUAAGCCAUGAUCGUGAGGUGCAUGCCGGUUUUAAGCAAGACAGUGCCAGCAAAUCUGAGCCAAAACAUCGGACUGCAAGAAGUACAGGAUCAACGUUCCUCCAGUCCGCCUUAAACCGCAACCAGUAACCUAGGCCCCCGCACCGGCACCGCGUCGCAUAAAAGACACGUACGUCAGCUCCCAGCUUCCUAGAGCUGCCCACCAUGGGACGUAUCUCCGUGGGCGAACCAAUAGCUCCGC
2	0.8232950568199158	0.8235294222831726	13	12	6	6	6	6	780	400	CCAUCUCUCCAUUUCGUGACACGUGUUUAUUUCGGCAAAUUGAGUAAUAUGUAUUAAGCAAGGCAUCCUAAAGAUGCGGGGUGAUCGGCACUGUAUAUUACAAAGAUACCCGGCGAAAACUCUGGGAAUCCCUAUAACGAUAGUCGUGGGAUCGGUUUUAUAAGCCAUGAUCGUGAGGUGCAUGCCGGUUUUAAGCAAGACAGUGCCAGCAAAUCUGAGCCAAAACAUCGGACUGCAAGAAGUACAGGAUCAACGUUCCUCCAGUCCGCCUUAAACCGCAACCAGUAACCUAGGCCCCCGCACCGGCACCGCGUCGCAUAAAAGACACGUACGUCAGCUCCCAGCUUCCUAGAGCUGCCCACCAUGGGACGUAUCUCCGUGGGCGAACCAAUAGCUCCGC
2	0.8485437035560608	0.848739504814148	12	12	6	6	6	6	780	400	CCAUCUCUCCAUUUCGUGACACGUGUUUAUUUCGGCAAAUUGAGUAAUAUGUAUUAAGCAAGGCAUCCUAAAGAUGCGGGGUGAUCGGCACUGUAUAUUACAAAGAUACCCGGCGAAAACUCUGGGAAUCCCUAUAACGAUAGUCGUGGGAUCGGUUUUAUAAGCCAUGAUCGUGAGGUGCAUGCCGGUUUUAAGCAAGACAGUGCCAGCAAAUCUGAGCCAAAACAUCGGACUGCAAGAAGUACAGGAUCAACGUUCCUCCAGUCCGCCUUAAACCGCAACCAGUAACCUAGGCCCCCGCACCGGCACCGCGUCGCAUAAAAGACACGUACGUCAGCUCCCAGCUUCCUAGAGCUGCCCACCAUGGGACGUAUCUCCGUGGGCGAACCAAUAGCUCCGC
2	0.8808432817459106	0.8806583881378174	11	12	6	6	6	6	780	400	CCAUCUCUCCAUUUCGUGACACGUGUUUAUUUCGGCAAAUUGAGUAAUAUGUAUUAAGCAAGGCAUCCUAAAGAUGCGGGGUGAUCGGCACUGUAUAUUACAAAGAUACCCGGCGAAAACUCUGGGAAUCCCUAUAACGAUAGUCGUGGGAUCGGUUUUAUAAGCCAUGAUCGUGAGGUGCAUGCCGGUUUUAAGCAAGACAGUGCCAGCAAAUCUGAGCCAAAACAUCGGACUGCAAGAAGUACAGGAUCAACGUUCCUCCAGUCCGCCUUAAACCGCAACCAGUAACCUAGGCCCCCGCACCGGCACCGCGUCGCAUAAAAGACACGUACGUCAGCUCCCAGCUUCCUAGAGCUGCCCACCAUGGGACGUAUCUCCGUGGGCGAACCAAUAGCUCCGC
2	0.7812139987945557	0.7815124988555908	12	12	6	6	6	6	780	400	CCAUCUCUCCAUUUCGUGACACGUGUUUAUUUCGGCAAAUUGAGUAAUAUGUAUUAAGCAAGGCAUCCUAAAGAUGCGGGGUGAUCGGCACUGUAUAUUACAAAGAUACCCGGCGAAAACUCUGGGAAUCCCUAUAACGAUAGUCGUGGGAUCGGUUUUAUAAGCCAUGAUCGUGAGGUGCAUGCCGGUUUUAAGCAAGACAGUGCCAGCAAAUCUGAGCCAAAACAUCGGACUGCAAGAAGUACAGGAUCAACGUUCCUCCAGUCCGCCUUAAACCGCAACCAGUAACCUAGGCCCCCGCACCGGCACCGCGUCGCAUAAAAGACACGUACGUCAGCUCCCAGCUUCCUAGAGCUGCCCACCAUGGGACGUAUCUCCGUGGGCGAACCAAUAGCUCCGC
2	0.8485437035560608	0.848739504814148	12	12	6	6	6	6	780	400	CCAUCUCUCCAUUUCGUGACACGUGUUUAUUUCGGCAAAUUGAGUAAUAUGUAUUAAGCAAGGCAUCCUAAAGAUGCGGGGUGAUCGGCACUGUAUAUUACAAAGAUACCCGGCGAAAACUCUGGGAAUCCCUAUAACGAUAGUCGUGGGAUCGGUUUUAUAAGCCAUGAUCGUGAGGUGCAUGCCGGUUUUAAGCAAGACAGUGCCAGCAAAUCUGAGCCAAAACAUCGGACUGCAAGAAGUACAGGAUCAACGUUCCUCCAGUCCGCCUUAAACCGCAACCAGUAACCUAGGCCCCCGCACCGGCACCGCGUCGCAUAAAAGACACGUACGUCAGCUCCCAGCUUCCUAGAGCUGCCCACCAUGGGACGUAUCUCCGUGGGCGAACCAAUAGCUCCGC
2	0.8132832050323486	0.8135592937469482	12	12	6	6	6	6	780	400	CCAUCUCUCCAUUUCGUGACACGUGUUUAUUUCGGCAAAUUGAGUAAUAUGUAUUAAGCAAGGCAUCCUAAAGAUGCGGGGUGAUCGGCACUGUAUAUUACAAAGAUACCCGGCGAAAACUCUGGGAAUCCCUAUAACGAUAGUCGUGGGAUCGGUUUUAUAAGCCAUGAUCGUGAGGUGCAUGCCGGUUUUAAGCAAGACAGUGCCAGCAAAUCUGAGCCAAAACAUCGGACUGCAAGAAGUACAGGAUCAACGUUCCUCCAGUCCGCCUUAAACCGCAACCAGUAACCUAGGCCCCCGCACCGGCACCGCGUCGCAUAAAAGACACGUACGUCAGCUCCCAGCUUCCUAGAGCUGCCCACCAUGGGACGUAUCUCCGUGGGCGAACCAAUAGCUCCGC
3	0.47802507877349854	0.47863247990608215	1	12	6	6	6	6	780	400	ACAGACCCAGCAACGUCAGUCGAUCCGCGCGGAUAACUAGUUAAGGCGUAUCUAUUACCUGGUCCCCGAAGGAGAAAGCUUAGUACGACGGGAAACAAUUACUGGCAUGCCUUUAGGUAAACGCGUCUGUUUAAGCUGUCAGCCCAUAGAACUCGCAGGAAGAGAGAGCUGAGCGCUAUCUAAUCAUUAUGACCGGCUCAAGUAGUACUGGCGCCAGUGGUAGGGUCAUGGUGGCAUCGCGACCGGUGACCAGAAGAUUUUUGGUUCAUAGUGAGCCAUGCCGUGUCUGCAAUCUAUGCCGUACAGUAAACAUGACCCGAUGAUAUGAUCGUCAAACUUUGCAGUUCUCUGCGCACGUGGCAAAGCAUAUAAAGACACAAUUGAUUUGACAGCCUGUUAG
3	0.32077252864837646	0.32173916697502136	2	12	6	6	6	6	780	400	ACAGACCCAGCAACGUCAGUCGAUCCGCGCGGAUAACUAGUUAAGGCGUAUCUAUUACCUGGUCCCCGAAGGAGAAAGCUUAGUACGACGGGAAACAAUUACUGGCAUGCCUUUAGGUAAACGCGUCUGUUUAAGCUGUCAGCCCAUAGAACUCGCAGGAAGAGAGAGCUGAGCGCUAUCUAAUCAUUAUGACCGGCUCAAGUAGUACUGGCGCCAGUGGUAGGGUCAUGGUGGCAUCGCGACCGGUGACCAGAAGAUUUUUGGUUCAUAGUGAGCCAUGCCGUGUCUGCAAUCUAUGCCGUACAGUAAACAUGACCCGAUGAUAUGAUCGUCAAACUUUGCAGUUCUCUGCGCACGUGGCAAAGCAUAUAAAGACACAAUUGAUUUGACAGCCUGUUAG
3	0.5101443529129028	0.5106383562088013	3	12	6	6	6	6	780	400	ACAGACCCAGCAACGUCAGUCGAUCCGCGCGGAUAACUAGUUAAGGCGUAUCUAUUACCUGGUCCCCGAAGGAGAAAGCUUAGUACGACGGGAAACAAUUACUGGCAUGCCUUUAGGUAAACGCGUCUGUUUAAGCUGUCAGCCCAUAGAACUCGCAGGAAGAGAGAGCUGAGCGCUAUCUAAUCAUUAUGACCGGCUCAAGUAGUACUGGCGCCAGUGGUAGGGUCAUGGUGGCAUCGCGACCGGUGACCAGAAGAUUUUUGGUUCAUAGUGAGCCAUGCCGUGUCUGCAAUCUAUGCCGUACAGUAAACAUGACCCGAUGAUAUGAUCGUCAAACUUUGCAGUUCUCUGCGCACGUGGCAAAGCAUAUAAAGACACAAUUGAUUUGACAGCCUGUUAG
3	0.9119205474853516	0.9113923907279968	4	12	6	6	6	6	780	400	ACAGACCCAGCAACGUCAGUCGAUCCGCGCGGAUAACUAGUUAAGGCGUAUCUAUUACCUGGUCCCCGAAGGAGAAAGCUUAGUACGACGGGAAACAAUUACUGGCAUGCCUUUAGGUAAACGCGUCUGUUUAAGCUGUCAGCCCAUAGAACUCGCAGGAAGAGAGAGCUGAGCGCUAUCUAAUCAUUAUGACCGGCUCAAGUAGUACUGGCGCCAGUGGUAGGGUCAUGGUGGCAUCGCGACCGGUGACCAGAAGAUUUUUGGUUCAUAGUGAGCCAUGCCGUGUCUGCAAUCUAUGCCGUACAGUAAACAUGACCCGAUGAUAUGAUCGUCAAACUUUGCAGUUCUCUGCGCACGUGGCAAAGCAUAUAAAGACACAAUUGAUUUGACAGCCUGUUAG
3	0.5488244295120239	0.5493562817573547	5	12	6	6	6	6	780	400	ACAGACCCAGCAACGUCAGUCGAUCCGCGCGGAUAACUAGUUAAGGCGUAUCUAUUACCUGGUCCCCGAAGGAGAAAGCUUAGUACGACGGGAAACAAUUACUGGCAUGCCUUUAGGUAAACGCGUCUGUUUAAGCUGUCAGCCCAUAGAACUCGCAGGAAGAGAGAGCUGAGCGCUAUCUAAUCAUUAUGACCGGCUCAAGUAGUACUGGCGCCAGUGGUAGGGUCAUGGUGGCAUCGCGACCGGUGACCAGAAGAUUUUUGGUUCAUAGUGAGCCAUGCCGUGUCUGCAAUCUAUGCCGUACAGUAAACAUGACCCGAUGAUAUGAUCGUCAAACUUUGCAGUUCUCUGCGCACGUGGCAAAGCAUAUAAAGACACAAUUGAUUUGACAGCCUGUUAG
3	0.8341294527053833	0.8333333134651184	6	12	6	6	6	6	780	400	ACAGACCCAGCAACGUCAGUCGAUCCGCGCGGAUAACUAGUUAAGGCGUAUCUAUUACCUGGUCCCCGAAGGAGAAAGCUUAGUACGACGGGAAACAAUUACUGGCAUGCCUUUAGGUAAACGCGUCUGUUUAAGCUGUCAGCCCAUAGAACUCGCAGGAAGAGAGAGCUGAGCGCUAUCUAAUCAUUAUGACCGGCUCAAGUAGUACUGGCGCCAGUGGUAGGGUCAUGGUGGCAUCGCGACCGGUGACCAGAAGAUUUUUGGUUCAUAGUGAGCCAUGCCGUGUCUGCAAUCUAUGCCGUACAGUAAACAUGACCCGAUGAUAUGAUCGUCAAACUUUGCAGUUCUCUGCGCACGUGGCAAAGCAUAUAAAGACACAAUUGAUUUGACAGCCUGUUAG
3	0.8661129474639893	0.8655462265014648	7	12	6	6	6	6	780	400	ACAGACCCAGCAACGUCAGUCGAUCCGCGCGGAUAACUAGUUAAGGCGUAUCUAUUACCUGGUCCCCGAAGGAGAAAGCUUAGUACGACGGGAAACAAUUACUGGCAUGCCUUUAGGUAAACGCGUCUGUUUAAGCUGUCAGCCCAUAGAACUCGCAGGAAGAGAGAGCUGAGCGCUAUCUAAUCAUUAUGACCGGCUCAAGUAGUACUGGCGCCAGUGGUAGGGUCAUGGUGGCAUCGCGACCGGUGACCAGAAGAUUUUUGGUUCAUAGUGAGCCAUGCCGUGUCUGCAAUCUAUGCCGUACAGUAAACAUGACCCGAUGAUAUGAUCGUCAAACUUUGCAGUUCUCUGCGCACGUGGCAAAGCAUAUAAAGACACAAUUGAUUUGACAGCCUGUUAG
3	0.8661129474639893	0.8655462265014648	8	12	6	6	6	6	780	400	ACAGACCCAGCAACGUCAGUCGAUCCGCGCGGAUAACUAGUUAAGGCGUAUCUAUUACCUGGUCCCCGAAGGAGAAAGCUUAGUACGACGGGAAACAAUUACUGGCAUGCCUUUAGGUAAACGCGUCUGUUUAAGCUGUCAGCCCAUAGAACUCGCAGGAAGAGAGAGCUGAGCGCUAUCUAAUCAUUAUGACCGGCUCAAGUAGUACUGGCGCCAGUGGUAGGGUCAUGGUGGCAUCGCGACCGGUGACCAGAAGAUUUUUGGUUCAUAGUGAGCCAUGCCGUGUCUGCAAUCUAUGCCGUACAGUAAACAUGACCCGAUGAUAUGAUCGUCAAACUUUGCAGUUCUCUGCGCACGUGGCAAAGCAUAUAAAGACACAAUUGAUUUGACAGCCUGUUAG
3	0.7387819886207581	0.739130437374115	9	12	6	6	6	6	780	400	ACAGACCCAGCAACGUCAGUCGAUCCGCGCGGAUAACUAGUUAAGGCGUAUCUAUUACCUGGUCCCCGAAGGAGAAAGCUUAGUACGACGGGAAACAAUUACUGGCAUGCCUUUAGGUAAACGCGUCUGUUUAAGCUGUCAGCCCAUAGAACUCGCAGGAAGAGAGAGCUGAGCGCUAUCUAAUCAUUAUGACCGGCUCAAGUAGUACUGGCGCCAGUGGUAGGGUCAUGGUGGCAUCGCGACCGGUGACCAGAAGAUUUUUGGUUCAUAGUGAGCCAUGCCGUGUCUGCAAUCUAUGCCGUACAGUAAACAUGACCCGAUGAUAUGAUCGUCAAACUUUGCAGUUCUCUGCGCACGUGGCAAAGCAUAUAAAGACACAAUUGAUUUGACAGCCUGUUAG
3	0.8901806473731995	0.8898305296897888	10	12	6	6	6	6	780	400	ACAGACCCAGCAACGUCAGUCGAUCCGCGCGGAUAACUAGUUAAGGCGUAUCUAUUACCUGGUCCCCGAAGGAGAAAGCUUAGUACGACGGGAAACAAUUACUGGCAUGCCUUUAGGUAAACGCGUCUGUUUAAGCUGUCAGCCCAUAGAACUCGCAGGAAGAGAGAGCUGAGCGCUAUCUAAUCAUUAUGACCGGCUCAAGUAGUACUGGCGCCAGUGGUAGGGUCAUGGUGGCAUCGCGACCGGUGACCAGAAGAUUUUUGGUUCAUAGUGAGCCAUGCCGUGUCUGCAAUCUAUGCCGUACAGUAAACAUGACCCGAUGAUAUGAUCGUCAAACUUUGCAGUUCUCUGCGCACGUGGCAAAGCAUAUAAAGACACAAUUGAUUUGACAGCCUGUUAG
3	0.8901806473731995	0.8898305296897888	11	12	6	6	6	6	780	400	ACAGACCCAGCAACGUCAGUCGAUCCGCGCGGAUAACUAGUUAAGGCGUAUCUAUUACCUGGUCCCCGAAGGAGAAAGCUUAGUACGACGGGAAACAAUUACUGGCAUGCCUUUAGGUAAACGCGUCUGUUUAAGCUGUCAGCCCAUAGAACUCGCAGGAAGAGAGAGCUGAGCGCUAUCUAAUCAUUAUGACCGGCUCAAGUAGUACUGGCGCCAGUGGUAGGGUCAUGGUGGCAUCGCGACCGGUGACCAGAAGAUUUUUGGUUCAUAGUGAGCCAUGCCGUGUCUGCAAUCUAUGCCGUACAGUAAACAUGACCCGAUGAUAUGAUCGUCAAACUUUGCAGUUCUCUGCGCACGUGGCAAAGCAUAUAAAGACACAAUUGAUUUGACAGCCUGUUAG
3	0.8408428430557251	0.8403361439704895	12	12	6	6	6	6	780	400	ACAGACCCAGCAACGUCAGUCGAUCCGCGCGGAUAACUAGUUAAGGCGUAUCUAUUACCUGGUCCCCGAAGGAGAAAGCUUAGUACGACGGGAAACAAUUACUGGCAUGCCUUUAGGUAAACGCGUCUGUUUAAGCUGUCAGCCCAUAGAACUCGCAGGAAGAGAGAGCUGAGCGCUAUCUAAUCAUUAUGACCGGCUCAAGUAGUACUGGCGCCAGUGGUAGGGUCAUGGUGGCAUCGCGACCGGUGACCAGAAGAUUUUUGGUUCAUAGUGAGCCAUGCCGUGUCUGCAAUCUAUGCCGUACAGUAAACAUGACCCGAUGAUAUGAUCGUCAAACUUUGCAGUUCUCUGCGCACGUGGCAAAGCAUAUAAAGACACAAUUGAUUUGACAGCCUGUUAG
3	0.839228630065918	0.8389830589294434	13	12	6	6	6	6	780	400	ACAGACCCAGCAACGUCAGUCGAUCCGCGCGGAUAACUAGUUAAGGCGUAUCUAUUACCUGGUCCCCGAAGGAGAAAGCUUAGUACGACGGGAAACAAUUACUGGCAUGCCUUUAGGUAAACGCGUCUGUUUAAGCUGUCAGCCCAUAGAACUCGCAGGAAGAGAGAGCUGAGCGCUAUCUAAUCAUUAUGACCGGCUCAAGUAGUACUGGCGCCAGUGGUAGGGUCAUGGUGGCAUCGCGACCGGUGACCAGAAGAUUUUUGGUUCAUAGUGAGCCAUGCCGUGUCUGCAAUCUAUGCCGUACAGUAAACAUGACCCGAUGAUAUGAUCGUCAAACUUUGCAGUUCUCUGCGCACGUGGCAAAGCAUAUAAAGACACAAUUGAUUUGACAGCCUGUUAG
3	0.8794142007827759	0.8786610960960388	12	12	6	6	6	6	780	400	ACAGACCCAGCAACGUCAGUCGAUCCGCGCGGAUAACUAGUUAAGGCGUAUCUAUUACCUGGUCCCCGAAGGAGAAAGCUUAGUACGACGGGAAACAAUUACUGGCAUGCCUUUAGGUAAACGCGUCUGUUUAAGCUGUCAGCCCAUAGAACUCGCAGGAAGAGAGAGCUGAGCGCUAUCUAAUCAUUAUGACCGGCUCAAGUAGUACUGGCGCCAGUGGUAGGGUCAUGGUGGCAUCGCGACCGGUGACCAGAAGAUUUUUGGUUCAUAGUGAGCCAUGCCGUGUCUGCAAUCUAUGCCGUACAGUAAACAUGACCCGAUGAUAUGAUCGUCAAACUUUGCAGUUCUCUGCGCACGUGGCAAAGCAUAUAAAGACACAAUUGAUUUGACAGCCUGUUAG
3	0.8710246086120605	0.8702928423881531	11	12	6	6	6	6	780	400	ACAGACCCAGCAACGUCAGUCGAUCCGCGCGGAUAACUAGUUAAGGCGUAUCUAUUACCUGGUCCCCGAAGGAGAAAGCUUAGUACGACGGGAAACAAUUACUGGCAUGCCUUUAGGUAAACGCGUCUGUUUAAGCUGUCAGCCCAUAGAACUCGCAGGAAGAGAGAGCUGAGCGCUAUCUAAUCAUUAUGACCGGCUCAAGUAGUACUGGCGCCAGUGGUAGGGUCAUGGUGGCAUCGCGACCGGUGACCAGAAGAUUUUUGGUUCAUAGUGAGCCAUGCCGUGUCUGCAAUCUAUGCCGUACAGUAAACAUGACCCGAUGAUAUGAUCGUCAAACUUUGCAGUUCUCUGCGCACGUGGCAAAGCAUAUAAAGACACAAUUGAUUUGACAGCCUGUUAG
3	0.8794142007827759	0.8786610960960388	12	12	6	6	6	6	780	400	ACAGACCCAGCAACGUCAGUCGAUCCGCGCGGAUAACUAGUUAAGGCGUAUCUAUUACCUGGUCCCCGAAGGAGAAAGCUUAGUACGACGGGAAACAAUUACUGGCAUGCCUUUAGGUAAACGCGUCUGUUUAAGCUGUCAGCCCAUAGAACUCGCAGGAAGAGAGAGCUGAGCGCUAUCUAAUCAUUAUGACCGGCUCAAGUAGUACUGGCGCCAGUGGUAGGGUCAUGGUGGCAUCGCGACCGGUGACCAGAAGAUUUUUGGUUCAUAGUGAGCCAUGCCGUGUCUGCAAUCUAUGCCGUACAGUAAACAUGACCCGAUGAUAUGAUCGUCAAACUUUGCAGUUCUCUGCGCACGUGGCAAAGCAUAUAAAGACACAAUUGAUUUGACAGCCUGUUAG
3	0.8661129474639893	0.8655462265014648	11	12	6	6	6	6	780	400	ACAGACCCAGCAACGUCAGUCGAUCCGCGCGGAUAACUAGUUAAGGCGUAUCUAUUACCUGGUCCCCGAAGGAGAAAGCUUAGUACGACGGGAAACAAUUACUGGCAUGCCUUUAGGUAAACGCGUCUGUUUAAGCUGUCAGCCCAUAGAACUCGCAGGAAGAGAGAGCUGAGCGCUAUCUAAUCAUUAUGACCGGCUCAAGUAGUACUGGCGCCAGUGGUAGGGUCAUGGUGGCAUCGCGACCGGUGACCAGAAGAUUUUUGGUUCAUAGUGAGCCAUGCCGUGUCUGCAAUCUAUGCCGUACAGUAAACAUGACCCGAUGAUAUGAUCGUCAAACUUUGCAGUUCUCUGCGCACGUGGCAAAGCAUAUAAAGACACAAUUGAUUUGACAGCCUGUUAG
3	0.8626349568367004	0.8619246482849121	14	12	6	6	6	6	780	400	ACAGACCCAGCAACGUCAGUCGAUCCGCGCGGAUAACUAGUUAAGGCGUAUCUAUUACCUGGUCCCCGAAGGAGAAAGCUUAGUACGACGGGAAACAAUUACUGGCAUGCCUUUAGGUAAACGCGUCUGUUUAAGCUGUCAGCCCAUAGAACUCGCAGGAAGAGAGAGCUGAGCGCUAUCUAAUCAUUAUGACCGGCUCAAGUAGUACUGGCGCCAGUGGUAGGGUCAUGGUGGCAUCGCGACCGGUGACCAGAAGAUUUUUGGUUCAUAGUGAGCCAUGCCGUGUCUGCAAUCUAUGCCGUACAGUAAACAUGACCCGAUGAUAUGAUCGUCAAACUUUGCAGUUCUCUGCGCACGUGGCAAAGCAUAUAAAGACACAAUUGAUUUGACAGCCUGUUAG
3	0.9223899245262146	0.9211618304252625	11	12	6	6	6	6	780	400	ACAGACCCAGCAACGUCAGUCGAUCCGCGCGGAUAACUAGUUAAGGCGUAUCUAUUACCUGGUCCCCGAAGGAGAAAGCUUAGUACGACGGGAAACAAUUACUGGCAUGCCUUUAGGUAAACGCGUCUGUUUAAGCUGUCAGCCCAUAGAACUCGCAGGAAGAGAGAGCUGAGCGCUAUCUAAUCAUUAUGACCGGCUCAAGUAGUACUGGCGCCAGUGGUAGGGUCAUGGUGGCAUCGCGACCGGUGACCAGAAGAUUUUUGGUUCAUAGUGAGCCAUGCCGUGUCUGCAAUCUAUGCCGUACAGUAAACAUGACCCGAUGAUAUGAUCGUCAAACUUUGCAGUUCUCUGCGCACGUGGCAAAGCAUAUAAAGACACAAUUGAUUUGACAGCCUGUUAG
3	0.8211700320243835	0.8196721076965332	12	12	6	6	6	6	780	400	ACAGACCCAGCAACGUCAGUCGAUCCGCGCGGAUAACUAGUUAAGGCGUAUCUAUUACCUGGUCCCCGAAGGAGAAAGCUUAGUACGACGGGAAACAAUUACUGGCAUGCCUUUAGGUAAACGCGUCUGUUUAAGCUGUCAGCCCAUAGAACUCGCAGGAAGAGAGAGCUGAGCGCUAUCUAAUCAUUAUGACCGGCUCAAGUAGUACUGGCGCCAGUGGUAGGGUCAUGGUGGCAUCGCGACCGGUGACCAGAAGAUUUUUGGUUCAUAGUGAGCCAUGCCGUGUCUGCAAUCUAUGCCGUACAGUAAACAUGACCCGAUGAUAUGAUCGUCAAACUUUGCAGUUCUCUGCGCACGUGGCAAAGCAUAUAAAGACACAAUUGAUUUGACAGCCUGUUAG
3	0.9129727482795715	0.9121339321136475	13	12	6	6	6	6	780	400	ACAGACCCAGCAACGUCAGUCGAUCCGCGCGGAUAACUAGUUAAGGCGUAUCUAUUACCUGGUCCCCGAAGGAGAAAGCUUAGUACGACGGGAAACAAUUACUGGCAUGCCUUUAGGUAAACGCGUCUGUUUAAGCUGUCAGCCCAUAGAACUCGCAGGAAGAGAGAGCUGAGCGCUAUCUAAUCAUUAUGACCGGCUCAAGUAGUACUGGCGCCAGUGGUAGGGUCAUGGUGGCAUCGCGACCGGUGACCAGAAGAUUUUUGGUUCAUAGUGAGCCAUGCCGUGUCUGCAAUCUAUGCCGUACAGUAAACAUGACCCGAUGAUAUGAUCGUCAAACUUUGCAGUUCUCUGCGCACGUGGCAAAGCAUAUAAAGACACAAUUGAUUUGACAGCCUGUUAG
3	0.8408428430557251	0.8403361439704895	12	12	6	6	6	6	780	400	ACAGACCCAGCAACGUCAGUCGAUCCGCGCGGAUAACUAGUUAAGGCGUAUCUAUUACCUGGUCCCCGAAGGAGAAAGCUUAGUACGACGGGAAACAAUUACUGGCAUGCCUUUAGGUAAACGCGUCUGUUUAAGCUGUCAGCCCAUAGAACUCGCAGGAAGAGAGAGCUGAGCGCUAUCUAAUCAUUAUGACCGGCUCAAGUAGUACUGGCGCCAGUGGUAGGGUCAUGGUGGCAUCGCGACCGGUGACCAGAAGAUUUUUGGUUCAUAGUGAGCCAUGCCGUGUCUGCAAUCUAUGCCGUACAGUAAACAUGACCCGAUGAUAUGAUCGUCAAACUUUGCAGUUCUCUGCGCACGUGGCAAAGCAUAUAAAGACACAAUUGAUUUGACAGCCUGUUAG
3	0.8745362162590027	0.8739495277404785	13	12	6	6	6	6	780	400	ACAGACCCAGCAACGUCAGUCGAUCCGCGCGGAUAACUAGUUAAGGCGUAUCUAUUACCUGGUCCCCGAAGGAGAAAGCUUAGUACGACGGGAAACAAUUACUGGCAUGCCUUUAGGUAAACGCGUCUGUUUAAGCUGUCAGCCCAUAGAACUCGCAGGAAGAGAGAGCUGAGCGCUAUCUAAUCAUUAUGACCGGCUCAAGUAGUACUGGCGCCAGUGGUAGGGUCAUGGUGGCAUCGCGACCGGUGACCAGAAGAUUUUUGGUUCAUAGUGAGCCAUGCCGUGUCUGCAAUCUAUGCCGUACAGUAAACAUGACCCGAUGAUAUGAUCGUCAAACUUUGCAGUUCUCUGCGCACGUGGCAAAGCAUAUAAAGACACAAUUGAUUUGACAGCCUGUUAG
3	0.8442608118057251	0.8438819050788879	11	12	6	6	6	6	780	400	ACAGACCCAGCAACGUCAGUCGAUCCGCGCGGAUAACUAGUUAAGGCGUAUCUAUUACCUGGUCCCCGAAGGAGAAAGCUUAGUACGACGGGAAACAAUUACUGGCAUGCCUUUAGGUAAACGCGUCUGUUUAAGCUGUCAGCCCAUAGAACUCGCAGGAAGAGAGAGCUGAGCGCUAUCUAAUCAUUAUGACCGGCUCAAGUAGUACUGGCGCCAGUGGUAGGGUCAUGGUGGCAUCGCGACCGGUGACCAGAAGAUUUUUGGUUCAUAGUGAGCCAUGCCGUGUCUGCAAUCUAUGCCGUACAGUAAACAUGACCCGAUGAUAUGAUCGUCAAACUUUGCAGUUCUCUGCGCACGUGGCAAAGCAUAUAAAGACACAAUUGAUUUGACAGCCUGUUAG
3	0.7935159802436829	0.7932490110397339	11	12	6	6	6	6	780	400	ACAGACCCAGCAACGUCAGUCGAUCCGCGCGGAUAACUAGUUAAGGCGUAUCUAUUACCUGGUCCCCGAAGGAGAAAGCUUAGUACGACGGGAAACAAUUACUGGCAUGCCUUUAGGUAAACGCGUCUGUUUAAGCUGUCAGCCCAUAGAACUCGCAGGAAGAGAGAGCUGAGCGCUAUCUAAUCAUUAUGACCGGCUCAAGUAGUACUGGCGCCAGUGGUAGGGUCAUGGUGGCAUCGCGACCGGUGACCAGAAGAUUUUUGGUUCAUAGUGAGCCAUGCCGUGUCUGCAAUCUAUGCCGUACAGUAAACAUGACCCGAUGAUAUGAUCGUCAAACUUUGCAGUUCUCUGCGCACGUGGCAAAGCAUAUAAAGACACAAUUGAUUUGACAGCCUGUUAG
3	0.9250763654708862	0.924369752407074	11	12	6	6	6	6	780	400	ACAGACCCAGCAACGUCAGUCGAUCCGCGCGGAUAACUAGUUAAGGCGUAUCUAUUACCUGGUCCCCGAAGGAGAAAGCUUAGUACGACGGGAAACAAUUACUGGCAUGCCUUUAGGUAAACGCGUCUGUUUAAGCUGUCAGCCCAUAGAACUCGCAGGAAGAGAGAGCUGAGCGCUAUCUAAUCAUUAUGACCGGCUCAAGUAGUACUGGCGCCAGUGGUAGGGUCAUGGUGGCAUCGCGACCGGUGACCAGAAGAUUUUUGGUUCAUAGUGAGCCAUGCCGUGUCUGCAAUCUAUGCCGUACAGUAAACAUGACCCGAUGAUAUGAUCGUCAAACUUUGCAGUUCUCUGCGCACGUGGCAAAGCAUAUAAAGACACAAUUGAUUUGACAGCCUGUUAG
3	0.8524464964866638	0.8512396216392517	12	12	6	6	6	6	780	400	ACAGACCCAGCAACGUCAGUCGAUCCGCGCGGAUAACUAGUUAAGGCGUAUCUAUUACCUGGUCCCCGAAGGAGAAAGCUUAGUACGACGGGAAACAAUUACUGGCAUGCCUUUAGGUAAACGCGUCUGUUUAAGCUGUCAGCCCAUAGAACUCGCAGGAAGAGAGAGCUGAGCGCUAUCUAAUCAUUAUGACCGGCUCAAGUAGUACUGGCGCCAGUGGUAGGGUCAUGGUGGCAUCGCGACCGGUGACCAGAAGAUUUUUGGUUCAUAGUGAGCCAUGCCGUGUCUGCAAUCUAUGCCGUACAGUAAACAUGACCCGAUGAUAUGAUCGUCAAACUUUGCAGUUCUCUGCGCACGUGGCAAAGCAUAUAAAGACACAAUUGAUUUGACAGCCUGUUAG
3	0.8374660015106201	0.836820125579834	13	12	6	6	6	6	780	400	ACAGACCCAGCAACGUCAGUCGAUCCGCGCGGAUAACUAGUUAAGGCGUAUCUAUUACCUGGUCCCCGAAGGAGAAAGCUUAGUACGACGGGAAACAAUUACUGGCAUGCCUUUAGGUAAACGCGUCUGUUUAAGCUGUCAGCCCAUAGAACUCGCAGGAAGAGAGAGCUGAGCGCUAUCUAAUCAUUAUGACCGGCUCAAGUAGUACUGGCGCCAGUGGUAGGGUCAUGGUGGCAUCGCGACCGGUGACCAGAAGAUUUUUGGUUCAUAGUGAGCCAUGCCGUGUCUGCAAUCUAUGCCGUACAGUAAACAUGACCCGAUGAUAUGAUCGUCAAACUUUGCAGUUCUCUGCGCACGUGGCAAAGCAUAUAAAGACACAAUUGAUUUGACAGCCUGUUAG
3	0.9194390177726746	0.9191489219665527	12	12	6	6	6	6	780	400	ACAGACCCAGCAACGUCAGUCGAUCCGCGCGGAUAACUAGUUAAGGCGUAUCUAUUACCUGGUCCCCGAAGGAGAAAGCUUAGUACGACGGGAAACAAUUACUGGCAUGCCUUUAGGUAAACGCGUCUGUUUAAGCUGUCAGCCCAUAGAACUCGCAGGAAGAGAGAGCUGAGCGCUAUCUAAUCAUUAUGACCGGCUCAAGUAGUACUGGCGCCAGUGGUAGGGUCAUGGUGGCAUCGCGACCGGUGACCAGAAGAUUUUUGGUUCAUAGUGAGCCAUGCCGUGUCUGCAAUCUAUGCCGUACAGUAAACAUGACCCGAUGAUAUGAUCGUCAAACUUUGCAGUUCUCUGCGCACGUGGCAAAGCAUAUAAAGACACAAUUGAUUUGACAGCCUGUUAG
4	0.8278742432594299	0.828125	1	12	6	6	6	6	780	400	GCAUCCGUACCCGUUAUCGCAAGAGAACGUAAGCGAGUUAGGCAAGUUUCGUUGUAUGCGGCGGGGAGUCUGGCGGAAAACUAAUGAACCCGAACUCUUAUUUCGUCUUUUUAGGCUCACUUCCCGGUGUAUUCGCACACGCUUAAUUAACGUCGGUCGCCUCGUUGUGCUAUGACGACGCUAUUACUACGCCAUAAUGAGUUUAGCAGUCAACCCUAAGCCCUAAAUAAGGGUGUGAGGAGGGUCCGCCUGUUUCCCGGACGGCACUAAUGUGUUUAAGUUGGUGCAUCUAUCACGGUGCGCUCUCAUCUGGAUGCAACUGGUACACAUGACAAGCGGUCGUCUGUUCUUAUGGGGGCGUAGUUAAGUACAUAACAAUUAUUUUCCUGGUGUUCGUGUC
4	0.9363807439804077	0.9359999895095825	2	12	6	6	6	6	780	400	GCAUCCGUACCCGUUAUCGCAAGAGAACGUAAGCGAGUUAGGCAAGUUUCGUUGUAUGCGGCGGGGAGUCUGGCGGAAAACUAAUGAACCCGAACUCUUAUUUCGUCUUUUUAGGCUCACUUCCCGGUGUAUUCGCACACGCUUAAUUAACGUCGGUCGCCUCGUUGUGCUAUGACGACGCUAUUACUACGCCAUAAUGAGUUUAGCAGUCAACCCUAAGCCCUAAAUAAGGGUGUGAGGAGGGUCCGCCUGUUUCCCGGACGGCACUAAUGUGUUUAAGUUGGUGCAUCUAUCACGGUGCGCUCUCAUCUGGAUGCAACUGGUACACAUGACAAGCGGUCGUCUGUUCUUAUGGGGGCGUAGUUAAGUACAUAACAAUUAUUUUCCUGGUGUUCGUGUC
4	0.9363807439804077	0.9359999895095825	3	12	6	6	6	6	780	400	GCAUCCGUACCCGUUAUCGCAAGAGAACGUAAGCGAGUUAGGCAAGUUUCGUUGUAUGCGGCGGGGAGUCUGGCGGAAAACUAAUGAACCCGAACUCUUAUUUCGUCUUUUUAGGCUCACUUCCCGGUGUAUUCGCACACGCUUAAUUAACGUCGGUCGCCUCGUUGUGCUAUGACGACGCUAUUACUACGCCAUAAUGAGUUUAGCAGUCAACCCUAAGCCCUAAAUAAGGGUGUGAGGAGGGUCCGCCUGUUUCCCGGACGGCACUAAUGUGUUUAAGUUGGUGCAUCUAUCACGGUGCGCUCUCAUCUGGAUGCAACUGGUACACAUGACAAGCGGUCGUCUGUUCUUAUGGGGGCGUAGUUAAGUACAUAACAAUUAUUUUCCUGGUGUUCGUGUC
4	0.9363807439804077	0.9359999895095825	4	12	6	6	6	6	780	400	GCAUCCGUACCCGUUAUCGCAAGAGAACGUAAGCGAGUUAGGCAAGUUUCGUUGUAUGCGGCGGGGAGUCUGGCGGAAAACUAAUGAACCCGAACUCUUAUUUCGUCUUUUUAGGCUCACUUCCCGGUGUAUUCGCACACGCUUAAUUAACGUCGGUCGCCUCGUUGUGCUAUGACGACGCUAUUACUACGCCAUAAUGAGUUUAGCAGUCAACCCUAAGCCCUAAAUAAGGGUGUGAGGAGGGUCCGCCUGUUUCCCGGACGGCACUAAUGUGUUUAAGUUGGUGCAUCUAUCACGGUGCGCUCUCAUCUGGAUGCAACUGGUACACAUGACAAGCGGUCGUCUGUUCUUAUGGGGGCGUAGUUAAGUACAUAACAAUUAUUUUCCUGGUGUUCGUGUC
4	0.8321641683578491	0.8320000171661377	5	12	6	6	6	6	780	400	GCAUCCGUACCCGUUAUCGCAAGAGAACGUAAGCGAGUUAGGCAAGUUUCGUUGUAUGCGGCGGGGAGUCUGGCGGAAAACUAAUGAACCCGAACUCUUAUUUCGUCUUUUUAGGCUCACUUCCCGGUGUAUUCGCACACGCUUAAUUAACGUCGGUCGCCUCGUUGUGCUAUGACGACGCUAUUACUACGCCAUAAUGAGUUUAGCAGUCAACCCUAAGCCCUAAAUAAGGGUGUGAGGAGGGUCCGCCUGUUUCCCGGACGGCACUAAUGUGUUUAAGUUGGUGCAUCUAUCACGGUGCGCUCUCAUCUGGAUGCAACUGGUACACAUGACAAGCGGUCGUCUGUUCUUAUGGGGGCGUAGUUAAGUACAUAACAAUUAUUUUCCUGGUGUUCGUGUC
4	0.7887477874755859	0.7890625596046448	6	12	6	6	6	6	780	400	GCAUCCGUACCCGUUAUCGCAAGAGAACGUAAGCGAGUUAGGCAAGUUUCGUUGUAUGCGGCGGGGAGUCUGGCGGAAAACUAAUGAACCCGAACUCUUAUUUCGUCUUUUUAGGCUCACUUCCCGGUGUAUUCGCACACGCUUAAUUAACGUCGGUCGCCUCGUUGUGCUAUGACGACGCUAUUACUACGCCAUAAUGAGUUUAGCAGUCAACCCUAAGCCCUAAAUAAGGGUGUGAGGAGGGUCCGCCUGUUUCCCGGACGGCACUAAUGUGUUUAAGUUGGUGCAUCUAUCACGGUGCGCUCUCAUCUGGAUGCAACUGGUACACAUGACAAGCGGUCGUCUGUUCUUAUGGGGGCGUAGUUAAGUACAUAACAAUUAUUUUCCUGGUGUUCGUGUC
4	0.9652016758918762	0.9652509689331055	7	12	6	6	6	6	780	400	GCAUCCGUACCCGUUAUCGCAAGAGAACGUAAGCGAGUUAGGCAAGUUUCGUUGUAUGCGGCGGGGAGUCUGGCGGAAAACUAAUGAACCCGAACUCUUAUUUCGUCUUUUUAGGCUCACUUCCCGGUGUAUUCGCACACGCUUAAUUAACGUCGGUCGCCUCGUUGUGCUAUGACGACGCUAUUACUACGCCAUAAUGAGUUUAGCAGUCAACCCUAAGCCCUAAAUAAGGGUGUGAGGAGGGUCCGCCUGUUUCCCGGACGGCACUAAUGUGUUUAAGUUGGUGCAUCUAUCACGGUGCGCUCUCAUCUGGAUGCAACUGGUACACAUGACAAGCGGUCGUCUGUUCUUAUGGGGGCGUAGUUAAGUACAUAACAAUUAUUUUCCUGGUGUUCGUGUC
4	0.8526903390884399	0.8525897264480591	8	12	6	6	6	6	780	400	GCAUCCGUACCCGUUAUCGCAAGAGAACGUAAGCGAGUUAGGCAAGUUUCGUUGUAUGCGGCGGGGAGUCUGGCGGAAAACUAAUGAACCCGAACUCUUAUUUCGUCUUUUUAGGCUCACUUCCCGGUGUAUUCGCACACGCUUAAUUAACGUCGGUCGCCUCGUUGUGCUAUGACGACGCUAUUACUACGCCAUAAUGAGUUUAGCAGUCAACCCUAAGCCCUAAAUAAGGGUGUGAGGAGGGUCCGCCUGUUUCCCGGACGGCACUAAUGUGUUUAAGUUGGUGCAUCUAUCACGGUGCGCUCUCAUCUGGAUGCAACUGGUACACAUGACAAGCGGUCGUCUGUUCUUAUGGGGGCGUAGUUAAGUACAUAACAAUUAUUUUCCUGGUGUUCGUGUC
4	0.8182439804077148	0.8185328841209412	9	12	6	6	6	6	780	400	GCAUCCGUACCCGUUAUCGCAAGAGAACGUAAGCGAGUUAGGCAAGUUUCGUUGUAUGCGGCGGGGAGUCUGGCGGAAAACUAAUGAACCCGAACUCUUAUUUCGUCUUUUUAGGCUCACUUCCCGGUGUAUUCGCACACGCUUAAUUAACGUCGGUCGCCUCGUUGUGCUAUGACGACGCUAUUACUACGCCAUAAUGAGUUUAGCAGUCAACCCUAAGCCCUAAAUAAGGGUGUGAGGAGGGUCCGCCUGUUUCCCGGACGGCACUAAUGUGUUUAAGUUGGUGCAUCUAUCACGGUGCGCUCUCAUCUGGAUGCAACUGGUACACAUGACAAGCGGUCGUCUGUUCUUAUGGGGGCGUAGUUAAGUACAUAACAAUUAUUUUCCUGGUGUUCGUGUC
4	0.9692093133926392	0.9692307710647583	10	12	6	6	6	6	780	400	GCAUCCGUACCCGUUAUCGCAAGAGAACGUAAGCGAGUUAGGCAAGUUUCGUUGUAUGCGGCGGGGAGUCUGGCGGAAAACUAAUGAACCCGAACUCUUAUUUCGUCUUUUUAGGCUCACUUCCCGGUGUAUUCGCACACGCUUAAUUAACGUCGGUCGCCUCGUUGUGCUAUGACGACGCUAUUACUACGCCAUAAUGAGUUUAGCAGUCAACCCUAAGCCCUAAAUAAGGGUGUGAGGAGGGUCCGCCUGUUUCCCGGACGGCACUAAUGUGUUUAAGUUGGUGCAUCUAUCACGGUGCGCUCUCAUCUGGAUGCAACUGGUACACAUGACAAGCGGUCGUCUGUUCUUAUGGGGGCGUAGUUAAGUACAUAACAAUUAUUUUCCUGGUGUUCGUGUC
4	0.9729363322257996	0.9729729294776917	11	12	6	6	6	6	780	400	GCAUCCGUACCCGUUAUCGCAAGAGAACGUAAGCGAGUUAGGCAAGUUUCGUUGUAUGCGGCGGGGAGUCUGGCGGAAAACUAAUGAACCCGAACUCUUAUUUCGUCUUUUUAGGCUCACUUCCCGGUGUAUUCGCACACGCUUAAUUAACGUCGGUCGCCUCGUUGUGCUAUGACGACGCUAUUACUACGCCAUAAUGAGUUUAGCAGUCAACCCUAAGCCCUAAAUAAGGGUGUGAGGAGGGUCCGCCUGUUUCCCGGACGGCACUAAUGUGUUUAAGUUGGUGCAUCUAUCACGGUGCGCUCUCAUCUGGAUGCAACUGGUACACAUGACAAGCGGUCGUCUGUUCUUAUGGGGGCGUAGUUAAGUACAUAACAAUUAUUUUCCUGGUGUUCGUGUC
4	0.9692093133926392	0.9692307710647583	12	12	6	6	6	6	780	400	GCAUCCGUACCCGUUAUCGCAAGAGAACGUAAGCGAGUUAGGCAAGUUUCGUUGUAUGCGGCGGGGAGUCUGGCGGAAAACUAAUGAACCCGAACUCUUAUUUCGUCUUUUUAGGCUCACUUCCCGGUGUAUUCGCACACGCUUAAUUAACGUCGGUCGCCUCGUUGUGCUAUGACGACGCUAUUACUACGCCAUAAUGAGUUUAGCAGUCAACCCUAAGCCCUAAAUAAGGGUGUGAGGAGGGUCCGCCUGUUUCCCGGACGGCACUAAUGUGUUUAAGUUGGUGCAUCUAUCACGGUGCGCUCUCAUCUGGAUGCAACUGGUACACAUGACAAGCGGUCGUCUGUUCUUAUGGGGGCGUAGUUAAGUACAUAACAAUUAUUUUCCUGGUGUUCGUGUC
4	0.9692093133926392	0.9692307710647583	13	12	6	6	6	6	780	400	GCAUCCGUACCCGUUAUCGCAAGAGAACGUAAGCGAGUUAGGCAAGUUUCGUUGUAUGCGGCGGGGAGUCUGGCGGAAAACUAAUGAACCCGAACUCUUAUUUCGUCUUUUUAGGCUCACUUCCCGGUGUAUUCGCACACGCUUAAUUAACGUCGGUCGCCUCGUUGUGCUAUGACGACGCUAUUACUACGCCAUAAUGAGUUUAGCAGUCAACCCUAAGCCCUAAAUAAGGGUGUGAGGAGGGUCCGCCUGUUUCCCGGACGGCACUAAUGUGUUUAAGUUGGUGCAUCUAUCACGGUGCGCUCUCAUCUGGAUGCAACUGGUACACAUGACAAGCGGUCGUCUGUUCUUAUGGGGGCGUAGUUAAGUACAUAACAAUUAUUUUCCUGGUGUUCGUGUC
4	0.9692093133926392	0.9692307710647583	13	12	6	6	6	6	780	400	GCAUCCGUACCCGUUAUCGCAAGAGAACGUAAGCGAGUUAGGCAAGUUUCGUUGUAUGCGGCGGGGAGUCUGGCGGAAAACUAAUGAACCCGAACUCUUAUUUCGUCUUUUUAGGCUCACUUCCCGGUGUAUUCGCACACGCUUAAUUAACGUCGGUCGCCUCGUUGUGCUAUGACGACGCUAUUACUACGCCAUAAUGAGUUUAGCAGUCAACCCUAAGCCCUAAAUAAGGGUGUGAGGAGGGUCCGCCUGUUUCCCGGACGGCACUAAUGUGUUUAAGUUGGUGCAUCUAUCACGGUGCGCUCUCAUCUGGAUGCAACUGGUACACAUGACAAGCGGUCGUCUGUUCUUAUGGGGGCGUAGUUAAGUACAUAACAAUUAUUUUCCUGGUGUUCGUGUC
4	0.9611775279045105	0.961240291595459	14	12	6	6	6	6	780	400	GCAUCCGUACCCGUUAUCGCAAGAGAACGUAAGCGAGUUAGGCAAGUUUCGUUGUAUGCGGCGGGGAGUCUGGCGGAAAACUAAUGAACCCGAACUCUUAUUUCGUCUUUUUAGGCUCACUUCCCGGUGUAUUCGCACACGCUUAAUUAACGUCGGUCGCCUCGUUGUGCUAUGACGACGCUAUUACUACGCCAUAAUGAGUUUAGCAGUCAACCCUAAGCCCUAAAUAAGGGUGUGAGGAGGGUCCGCCUGUUUCCCGGACGGCACUAAUGUGUUUAAGUUGGUGCAUCUAUCACGGUGCGCUCUCAUCUGGAUGCAACUGGUACACAUGACAAGCGGUCGUCUGUUCUUAUGGGGGCGUAGUUAAGUACAUAACAAUUAUUUUCCUGGUGUUCGUGUC
4	0.9692093133926392	0.9692307710647583	13	12	6	6	6	6	780	400	GCAUCCGUACCCGUUAUCGCAAGAGAACGUAAGCGAGUUAGGCAAGUUUCGUUGUAUGCGGCGGGGAGUCUGGCGGAAAACUAAUGAACCCGAACUCUUAUUUCGUCUUUUUAGGCUCACUUCCCGGUGUAUUCGCACACGCUUAAUUAACGUCGGUCGCCUCGUUGUGCUAUGACGACGCUAUUACUACGCCAUAAUGAGUUUAGCAGUCAACCCUAAGCCCUAAAUAAGGGUGUGAGGAGGGUCCGCCUGUUUCCCGGACGGCACUAAUGUGUUUAAGUUGGUGCAUCUAUCACGGUGCGCUCUCAUCUGGAUGCAACUGGUACACAUGACAAGCGGUCGUCUGUUCUUAUGGGGGCGUAGUUAAGUACAUAACAAUUAUUUUCCUGGUGUUCGUGUC
4	0.9465877413749695	0.9465649127960205	13	12	6	6	6	6	780	400	GCAUCCGUACCCGUUAUCGCAAGAGAACGUAAGCGAGUUAGGCAAGUUUCGUUGUAUGCGGCGGGGAGUCUGGCGGAAAACUAAUGAACCCGAACUCUUAUUUCGUCUUUUUAGGCUCACUUCCCGGUGUAUUCGCACACGCUUAAUUAACGUCGGUCGCCUCGUUGUGCUAUGACGACGCUAUUACUACGCCAUAAUGAGUUUAGCAGUCAACCCUAAGCCCUAAAUAAGGGUGUGAGGAGGGUCCGCCUGUUUCCCGGACGGCACUAAUGUGUUUAAGUUGGUGCAUCUAUCACGGUGCGCUCUCAUCUGGAUGCAACUGGUACACAUGACAAGCGGUCGUCUGUUCUUAUGGGGGCGUAGUUAAGUACAUAACAAUUAUUUUCCUGGUGUUCGUGUC
4	0.9692093133926392	0.9692307710647583	15	12	6	6	6	6	780	400	GCAUCCGUACCCGUUAUCGCAAGAGAACGUAAGCGAGUUAGGCAAGUUUCGUUGUAUGCGGCGGGGAGUCUGGCGGAAAACUAAUGAACCCGAACUCUUAUUUCGUCUUUUUAGGCUCACUUCCCGGUGUAUUCGCACACGCUUAAUUAACGUCGGUCGCCUCGUUGUGCUAUGACGACGCUAUUACUACGCCAUAAUGAGUUUAGCAGUCAACCCUAAGCCCUAAAUAAGGGUGUGAGGAGGGUCCGCCUGUUUCCCGGACGGCACUAAUGUGUUUAAGUUGGUGCAUCUAUCACGGUGCGCUCUCAUCUGGAUGCAACUGGUACACAUGACAAGCGGUCGUCUGUUCUUAUGGGGGCGUAGUUAAGUACAUAACAAUUAUUUUCCUGGUGUUCGUGUC
4	0.954234778881073	0.9541984796524048	13	12	6	6	6	6	780	400	GCAUCCGUACCCGUUAUCGCAAGAGAACGUAAGCGAGUUAGGCAAGUUUCGUUGUAUGCGGCGGGGAGUCUGGCGGAAAACUAAUGAACCCGAACUCUUAUUUCGUCUUUUUAGGCUCACUUCCCGGUGUAUUCGCACACGCUUAAUUAACGUCGGUCGCCUCGUUGUGCUAUGACGACGCUAUUACUACGCCAUAAUGAGUUUAGCAGUCAACCCUAAGCCCUAAAUAAGGGUGUGAGGAGGGUCCGCCUGUUUCCCGGACGGCACUAAUGUGUUUAAGUUGGUGCAUCUAUCACGGUGCGCUCUCAUCUGGAUGCAACUGGUACACAUGACAAGCGGUCGUCUGUUCUUAUGGGGGCGUAGUUAAGUACAUAACAAUUAUUUUCCUGGUGUUCGUGUC
4	0.9692093133926392	0.9692307710647583	14	12	6	6	6	6	780	400	GCAUCCGUACCCGUUAUCGCAAGAGAACGUAAGCGAGUUAGGCAAGUUUCGUUGUAUGCGGCGGGGAGUCUGGCGGAAAACUAAUGAACCCGAACUCUUAUUUCGUCUUUUUAGGCUCACUUCCCGGUGUAUUCGCACACGCUUAAUUAACGUCGGUCGCCUCGUUGUGCUAUGACGACGCUAUUACUACGCCAUAAUGAGUUUAGCAGUCAACCCUAAGCCCUAAAUAAGGGUGUGAGGAGGGUCCGCCUGUUUCCCGGACGGCACUAAUGUGUUUAAGUUGGUGCAUCUAUCACGGUGCGCUCUCAUCUGGAUGCAACUGGUACACAUGACAAGCGGUCGUCUGUUCUUAUGGGGGCGUAGUUAAGUACAUAACAAUUAUUUUCCUGGUGUUCGUGUC
4	0.954234778881073	0.9541984796524048	13	12	6	6	6	6	780	400	GCAUCCGUACCCGUUAUCGCAAGAGAACGUAAGCGAGUUAGGCAAGUUUCGUUGUAUGCGGCGGGGAGUCUGGCGGAAAACUAAUGAACCCGAACUCUUAUUUCGUCUUUUUAGGCUCACUUCCCGGUGUAUUCGCACACGCUUAAUUAACGUCGGUCGCCUCGUUGUGCUAUGACGACGCUAUUACUACGCCAUAAUGAGUUUAGCAGUCAACCCUAAGCCCUAAAUAAGGGUGUGAGGAGGGUCCGCCUGUUUCCCGGACGGCACUAAUGUGUUUAAGUUGGUGCAUCUAUCACGGUGCGCUCUCAUCUGGAUGCAACUGGUACACAUGACAAGCGGUCGUCUGUUCUUAUGGGGGCGUAGUUAAGUACAUAACAAUUAUUUUCCUGGUGUUCGUGUC
4	0.954234778881073	0.9541984796524048	13	12	6	6	6	6	780	400	GCAUCCGUACCCGUUAUCGCAAGAGAACGUAAGCGAGUUAGGCAAGUUUCGUUGUAUGCGGCGGGGAGUCUGGCGGAAAACUAAUGAACCCGAACUCUUAUUUCGUCUUUUUAGGCUCACUUCCCGGUGUAUUCGCACACGCUUAAUUAACGUCGGUCGCCUCGUUGUGCUAUGACGACGCUAUUACUACGCCAUAAUGAGUUUAGCAGUCAACCCUAAGCCCUAAAUAAGGGUGUGAGGAGGGUCCGCCUGUUUCCCGGACGGCACUAAUGUGUUUAAGUUGGUGCAUCUAUCACGGUGCGCUCUCAUCUGGAUGCAACUGGUACACAUGACAAGCGGUCGUCUGUUCUUAUGGGGGCGUAGUUAAGUACAUAACAAUUAUUUUCCUGGUGUUCGUGUC
4	0.954234778881073	0.9541984796524048	14	12	6	6	6	6	780	400	GCAUCCGUACCCGUUAUCGCAAGAGAACGUAAGCGAGUUAGGCAAGUUUCGUUGUAUGCGGCGGGGAGUCUGGCGGAAAACUAAUGAACCCGAACUCUUAUUUCGUCUUUUUAGGCUCACUUCCCGGUGUAUUCGCACACGCUUAAUUAACGUCGGUCGCCUCGUUGUGCUAUGACGACGCUAUUACUACGCCAUAAUGAGUUUAGCAGUCAACCCUAAGCCCUAAAUAAGGGUGUGAGGAGGGUCCGCCUGUUUCCCGGACGGCACUAAUGUGUUUAAGUUGGUGCAUCUAUCACGGUGCGCUCUCAUCUGGAUGCAACUGGUACACAUGACAAGCGGUCGUCUGUUCUUAUGGGGGCGUAGUUAAGUACAUAACAAUUAUUUUCCUGGUGUUCGUGUC
4	0.9460940361022949	0.9461538791656494	14	12	6	6	6	6	780	400	GCAUCCGUACCCGUUAUCGCAAGAGAACGUAAGCGAGUUAGGCAAGUUUCGUUGUAUGCGGCGGGGAGUCUGGCGGAAAACUAAUGAACCCGAACUCUUAUUUCGUCUUUUUAGGCUCACUUCCCGGUGUAUUCGCACACGCUUAAUUAACGUCGGUCGCCUCGUUGUGCUAUGACGACGCUAUUACUACGCCAUAAUGAGUUUAGCAGUCAACCCUAAGCCCUAAAUAAGGGUGUGAGGAGGGUCCGCCUGUUUCCCGGACGGCACUAAUGUGUUUAAGUUGGUGCAUCUAUCACGGUGCGCUCUCAUCUGGAUGCAACUGGUACACAUGACAAGCGGUCGUCUGUUCUUAUGGGGGCGUAGUUAAGUACAUAACAAUUAUUUUCCUGGUGUUCGUGUC
4	0.9460940361022949	0.9461538791656494	13	12	6	6	6	6	780	400	GCAUCCGUACCCGUUAUCGCAAGAGAACGUAAGCGAGUUAGGCAAGUUUCGUUGUAUGCGGCGGGGAGUCUGGCGGAAAACUAAUGAACCCGAACUCUUAUUUCGUCUUUUUAGGCUCACUUCCCGGUGUAUUCGCACACGCUUAAUUAACGUCGGUCGCCUCGUUGUGCUAUGACGACGCUAUUACUACGCCAUAAUGAGUUUAGCAGUCAACCCUAAGCCCUAAAUAAGGGUGUGAGGAGGGUCCGCCUGUUUCCCGGACGGCACUAAUGUGUUUAAGUUGGUGCAUCUAUCACGGUGCGCUCUCAUCUGGAUGCAACUGGUACACAUGACAAGCGGUCGUCUGUUCUUAUGGGGGCGUAGUUAAGUACAUAACAAUUAUUUUCCUGGUGUUCGUGUC
4	0.9692093133926392	0.9692307710647583	13	12	6	6	6	6	780	400	GCAUCCGUACCCGUUAUCGCAAGAGAACGUAAGCGAGUUAGGCAAGUUUCGUUGUAUGCGGCGGGGAGUCUGGCGGAAAACUAAUGAACCCGAACUCUUAUUUCGUCUUUUUAGGCUCACUUCCCGGUGUAUUCGCACACGCUUAAUUAACGUCGGUCGCCUCGUUGUGCUAUGACGACGCUAUUACUACGCCAUAAUGAGUUUAGCAGUCAACCCUAAGCCCUAAAUAAGGGUGUGAGGAGGGUCCGCCUGUUUCCCGGACGGCACUAAUGUGUUUAAGUUGGUGCAUCUAUCACGGUGCGCUCUCAUCUGGAUGCAACUGGUACACAUGACAAGCGGUCGUCUGUUCUUAUGGGGGCGUAGUUAAGUACAUAACAAUUAUUUUCCUGGUGUUCGUGUC
4	0.9611775279045105	0.961240291595459	15	12	6	6	6	6	780	400	GCAUCCGUACCCGUUAUCGCAAGAGAACGUAAGCGAGUUAGGCAAGUUUCGUUGUAUGCGGCGGGGAGUCUGGCGGAAAACUAAUGAACCCGAACUCUUAUUUCGUCUUUUUAGGCUCACUUCCCGGUGUAUUCGCACACGCUUAAUUAACGUCGGUCGCCUCGUUGUGCUAUGACGACGCUAUUACUACGCCAUAAUGAGUUUAGCAGUCAACCCUAAGCCCUAAAUAAGGGUGUGAGGAGGGUCCGCCUGUUUCCCGGACGGCACUAAUGUGUUUAAGUUGGUGCAUCUAUCACGGUGCGCUCUCAUCUGGAUGCAACUGGUACACAUGACAAGCGGUCGUCUGUUCUUAUGGGGGCGUAGUUAAGUACAUAACAAUUAUUUUCCUGGUGUUCGUGUC
4	0.9692093133926392	0.9692307710647583	14	12	6	6	6	6	780	400	GCAUCCGUACCCGUUAUCGCAAGAGAACGUAAGCGAGUUAGGCAAGUUUCGUUGUAUGCGGCGGGGAGUCUGGCGGAAAACUAAUGAACCCGAACUCUUAUUUCGUCUUUUUAGGCUCACUUCCCGGUGUAUUCGCACACGCUUAAUUAACGUCGGUCGCCUCGUUGUGCUAUGACGACGCUAUUACUACGCCAUAAUGAGUUUAGCAGUCAACCCUAAGCCCUAAAUAAGGGUGUGAGGAGGGUCCGCCUGUUUCCCGGACGGCACUAAUGUGUUUAAGUUGGUGCAUCUAUCACGGUGCGCUCUCAUCUGGAUGCAACUGGUACACAUGACAAGCGGUCGUCUGUUCUUAUGGGGGCGUAGUUAAGUACAUAACAAUUAUUUUCCUGGUGUUCGUGUC
4	0.9692093133926392	0.9692307710647583	14	12	6	6	6	6	780	400	GCAUCCGUACCCGUUAUCGCAAGAGAACGUAAGCGAGUUAGGCAAGUUUCGUUGUAUGCGGCGGGGAGUCUGGCGGAAAACUAAUGAACCCGAACUCUUAUUUCGUCUUUUUAGGCUCACUUCCCGGUGUAUUCGCACACGCUUAAUUAACGUCGGUCGCCUCGUUGUGCUAUGACGACGCUAUUACUACGCCAUAAUGAGUUUAGCAGUCAACCCUAAGCCCUAAAUAAGGGUGUGAGGAGGGUCCGCCUGUUUCCCGGACGGCACUAAUGUGUUUAAGUUGGUGCAUCUAUCACGGUGCGCUCUCAUCUGGAUGCAACUGGUACACAUGACAAGCGGUCGUCUGUUCUUAUGGGGGCGUAGUUAAGUACAUAACAAUUAUUUUCCUGGUGUUCGUGUC
5	0.35000285506248474	0.35087719559669495	1	12	6	6	6	6	780	400	CGCACCGUAGCGCUUUCUUAUAAACCCCCGUGAAACGGGGUCGUUAACCUCUGCUAGCCGAGCUGCACUUGCUCCUACUACACGAAGUACAACUCACUGACGGAUAGAGGCAGUUUUUGGAAAACACCUAUCCUAAGGACAGGUGUGGGGUCCAAGAAUUCGGCAGAGCUAGUACCUUCACCUCAUCCGGUCGGCAACGAAACACGACAGGAGAUGCGCGCUACAUCGGUUUAUCAUCACAUACUGCUCUAAUCGCGCGUACAUUGCCCGAAUCUUCGCCCCCACACAUCUGAGGUAUAUGGGCGCUGAAGUGGGGUGGAAACAUUUGCUGUCCCUCCGCACCAGGCCCAACCUCACUUAUAUAGUGGAAUACUGGAAGGGAAUGUGUUCAUCUUGACAC
5	0.35000285506248474	0.35087719559669495	2	12	6	6	6	6	780	400	CGCACCGUAGCGCUUUCUUAUAAACCCCCGUGAAACGGGGUCGUUAACCUCUGCUAGCCGAGCUGCACUUGCUCCUACUACACGAAGUACAACUCACUGACGGAUAGAGGCAGUUUUUGGAAAACACCUAUCCUAAGGACAGGUGUGGGGUCCAAGAAUUCGGCAGAGCUAGUACCUUCACCUCAUCCGGUCGGCAACGAAACACGACAGGAGAUGCGCGCUACAUCGGUUUAUCAUCACAUACUGCUCUAAUCGCGCGUACAUUGCCCGAAUCUUCGCCCCCACACAUCUGAGGUAUAUGGGCGCUGAAGUGGGGUGGAAACAUUUGCUGUCCCUCCGCACCAGGCCCAACCUCACUUAUAUAGUGGAAUACUGGAAGGGAAUGUGUUCAUCUUGACAC
5	0.5457151532173157	0.5462184548377991	3	12	6	6	6	6	780	400	CGCACCGUAGCGCUUUCUUAUAAACCCCCGUGAAACGGGGUCGUUAACCUCUGCUAGCCGAGCUGCACUUGCUCCUACUACACGAAGUACAACUCACUGACGGAUAGAGGCAGUUUUUGGAAAACACCUAUCCUAAGGACAGGUGUGGGGUCCAAGAAUUCGGCAGAGCUAGUACCUUCACCUCAUCCGGUCGGCAACGAAACACGACAGGAGAUGCGCGCUACAUCGGUUUAUCAUCACAUACUGCUCUAAUCGCGCGUACAUUGCCCGAAUCUUCGCCCCCACACAUCUGAGGUAUAUGGGCGCUGAAGUGGGGUGGAAACAUUUGCUGUCCCUCCGCACCAGGCCCAACCUCACUUAUAUAGUGGAAUACUGGAAGGGAAUGUGUUCAUCUUGACAC
5	0.669050931930542	0.6695278882980347	4	12	6	6	6	6	780	400	CGCACCGUAGCGCUUUCUUAUAAACCCCCGUGAAACGGGGUCGUUAACCUCUGCUAGCCGAGCUGCACUUGCUCCUACUACACGAAGUACAACUCACUGACGGAUAGAGGCAGUUUUUGGAAAACACCUAUCCUAAGGACAGGUGUGGGGUCCAAGAAUUCGGCAGAGCUAGUACCUUCACCUCAUCCGGUCGGCAACGAAACACGACAGGAGAUGCGCGCUACAUCGGUUUAUCAUCACAUACUGCUCUAAUCGCGCGUACAUUGCCCGAAUCUUCGCCCCCACACAUCUGAGGUAUAUGGGCGCUGAAGUGGGGUGGAAACAUUUGCUGUCCCUCCGCACCAGGCCCAACCUCACUUAUAUAGUGGAAUACUGGAAGGGAAUGUGUUCAUCUUGACAC
5	0.7603602409362793	0.7606837749481201	5	12	6	6	6	6	780	400	CGCACCGUAGCGCUUUCUUAUAAACCCCCGUGAAACGGGGUCGUUAACCUCUGCUAGCCGAGCUGCACUUGCUCCUACUACACGAAGUACAACUCACUGACGGAUAGAGGCAGUUUUUGGAAAACACCUAUCCUAAGGACAGGUGUGGGGUCCAAGAAUUCGGCAGAGCUAGUACCUUCACCUCAUCCGGUCGGCAACGAAACACGACAGGAGAUGCGCGCUACAUCGGUUUAUCAUCACAUACUGCUCUAAUCGCGCGUACAUUGCCCGAAUCUUCGCCCCCACACAUCUGAGGUAUAUGGGCGCUGAAGUGGGGUGGAAACAUUUGCUGUCCCUCCGCACCAGGCCCAACCUCACUUAUAUAGUGGAAUACUGGAAGGGAAUGUGUUCAUCUUGACAC
5	0.8082943558692932	0.8085107207298279	6	12	6	6	6	6	780	400	CGCACCGUAGCGCUUUCUUAUAAACCCCCGUGAAACGGGGUCGUUAACCUCUGCUAGCCGAGCUGCACUUGCUCCUACUACACGAAGUACAACUCACUGACGGAUAGAGGCAGUUUUUGGAAAACACCUAUCCUAAGGACAGGUGUGGGGUCCAAGAAUUCGGCAGAGCUAGUACCUUCACCUCAUCCGGUCGGCAACGAAACACGACAGGAGAUGCGCGCUACAUCGGUUUAUCAUCACAUACUGCUCUAAUCGCGCGUACAUUGCCCGAAUCUUCGCCCCCACACAUCUGAGGUAUAUGGGCGCUGAAGUGGGGUGGAAACAUUUGCUGUCCCUCCGCACCAGGCCCAACCUCACUUAUAUAGUGGAAUACUGGAAGGGAAUGUGUUCAUCUUGACAC
5	0.7387112379074097	0.7385892271995544	7	12	6	6	6	6	780	400	CGCACCGUAGCGCUUUCUUAUAAACCCCCGUGAAACGGGGUCGUUAACCUCUGCUAGCCGAGCUGCACUUGCUCCUACUACACGAAGUACAACUCACUGACGGAUAGAGGCAGUUUUUGGAAAACACCUAUCCUAAGGACAGGUGUGGGGUCCAAGAAUUCGGCAGAGCUAGUACCUUCACCUCAUCCGGUCGGCAACGAAACACGACAGGAGAUGCGCGCUACAUCGGUUUAUCAUCACAUACUGCUCUAAUCGCGCGUACAUUGCCCGAAUCUUCGCCCCCACACAUCUGAGGUAUAUGGGCGCUGAAGUGGGGUGGAAACAUUUGCUGUCCCUCCGCACCAGGCCCAACCUCACUUAUAUAGUGGAAUACUGGAAGGGAAUGUGUUCAUCUUGACAC
5	0.6747731566429138	0.6751054525375366	8	12	6	6	6	6	780	400	CGCACCGUAGCGCUUUCUUAUAAACCCCCGUGAAACGGGGUCGUUAACCUCUGCUAGCCGAGCUGCACUUGCUCCUACUACACGAAGUACAACUCACUGACGGAUAGAGGCAGUUUUUGGAAAACACCUAUCCUAAGGACAGGUGUGGGGUCCAAGAAUUCGGCAGAGCUAGUACCUUCACCUCAUCCGGUCGGCAACGAAACACGACAGGAGAUGCGCGCUACAUCGGUUUAUCAUCACAUACUGCUCUAAUCGCGCGUACAUUGCCCGAAUCUUCGCCCCCACACAUCUGAGGUAUAUGGGCGCUGAAGUGGGGUGGAAACAUUUGCUGUCCCUCCGCACCAGGCCCAACCUCACUUAUAUAGUGGAAUACUGGAAGGGAAUGUGUUCAUCUUGACAC
5	0.8285513520240784	0.8284518718719482	9	12	6	6	6	6	780	400	CGCACCGUAGCGCUUUCUUAUAAACCCCCGUGAAACGGGGUCGUUAACCUCUGCUAGCCGAGCUGCACUUGCUCCUACUACACGAAGUACAACUCACUGACGGAUAGAGGCAGUUUUUGGAAAACACCUAUCCUAAGGACAGGUGUGGGGUCCAAGAAUUCGGCAGAGCUAGUACCUUCACCUCAUCCGGUCGGCAACGAAACACGACAGGAGAUGCGCGCUACAUCGGUUUAUCAUCACAUACUGCUCUAAUCGCGCGUACAUUGCCCGAAUCUUCGCCCCCACACAUCUGAGGUAUAUGGGCGCUGAAGUGGGGUGGAAACAUUUGCUGUCCCUCCGCACCAGGCCCAACCUCACUUAUAUAGUGGAAUACUGGAAGGGAAUGUGUUCAUCUUGACAC
5	0.8301994800567627	0.8298755288124084	10	12	6	6	6	6	780	400	CGCACCGUAGCGCUUUCUUAUAAACCCCCGUGAAACGGGGUCGUUAACCUCUGCUAGCCGAGCUGCACUUGCUCCUACUACACGAAGUACAACUCACUGACGGAUAGAGGCAGUUUUUGGAAAACACCUAUCCUAAGGACAGGUGUGGGGUCCAAGAAUUCGGCAGAGCUAGUACCUUCACCUCAUCCGGUCGGCAACGAAACACGACAGGAGAUGCGCGCUACAUCGGUUUAUCAUCACAUACUGCUCUAAUCGCGCGUACAUUGCCCGAAUCUUCGCCCCCACACAUCUGAGGUAUAUGGGCGCUGAAGUGGGGUGGAAACAUUUGCUGUCCCUCCGCACCAGGCCCAACCUCACUUAUAUAGUGGAAUACUGGAAGGGAAUGUGUUCAUCUUGACAC
5	0.8218823671340942	0.8215767741203308	11	12	6	6	6	6	780	400	CGCACCGUAGCGCUUUCUUAUAAACCCCCGUGAAACGGGGUCGUUAACCUCUGCUAGCCGAGCUGCACUUGCUCCUACUACACGAAGUACAACUCACUGACGGAUAGAGGCAGUUUUUGGAAAACACCUAUCCUAAGGACAGGUGUGGGGUCCAAGAAUUCGGCAGAGCUAGUACCUUCACCUCAUCCGGUCGGCAACGAAACACGACAGGAGAUGCGCGCUACAUCGGUUUAUCAUCACAUACUGCUCUAAUCGCGCGUACAUUGCCCGAAUCUUCGCCCCCACACAUCUGAGGUAUAUGGGCGCUGAAGUGGGGUGGAAACAUUUGCUGUCCCUCCGCACCAGGCCCAACCUCACUUAUAUAGUGGAAUACUGGAAGGGAAUGUGUUCAUCUUGACAC
5	0.8140438795089722	0.8130081295967102	12	12	6	6	6	6	780	400	CGCACCGUAGCGCUUUCUUAUAAACCCCCGUGAAACGGGGUCGUUAACCUCUGCUAGCCGAGCUGCACUUGCUCCUACUACACGAAGUACAACUCACUGACGGAUAGAGGCAGUUUUUGGAAAACACCUAUCCUAAGGACAGGUGUGGGGUCCAAGAAUUCGGCAGAGCUAGUACCUUCACCUCAUCCGGUCGGCAACGAAACACGACAGGAGAUGCGCGCUACAUCGGUUUAUCAUCACAUACUGCUCUAAUCGCGCGUACAUUGCCCGAAUCUUCGCCCCCACACAUCUGAGGUAUAUGGGCGCUGAAGUGGGGUGGAAACAUUUGCUGUCCCUCCGCACCAGGCCCAACCUCACUUAUAUAGUGGAAUACUGGAAGGGAAUGUGUUCAUCUUGACAC
5	0.8186075091362	0.8181818127632141	13	12	6	6	6	6	780	400	CGCACCGUAGCGCUUUCUUAUAAACCCCCGUGAAACGGGGUCGUUAACCUCUGCUAGCCGAGCUGCACUUGCUCCUACUACACGAAGUACAACUCACUGACGGAUAGAGGCAGUUUUUGGAAAACACCUAUCCUAAGGACAGGUGUGGGGUCCAAGAAUUCGGCAGAGCUAGUACCUUCACCUCAUCCGGUCGGCAACGAAACACGACAGGAGAUGCGCGCUACAUCGGUUUAUCAUCACAUACUGCUCUAAUCGCGCGUACAUUGCCCGAAUCUUCGCCCCCACACAUCUGAGGUAUAUGGGCGCUGAAGUGGGGUGGAAACAUUUGCUGUCCCUCCGCACCAGGCCCAACCUCACUUAUAUAGUGGAAUACUGGAAGGGAAUGUGUUCAUCUUGACAC
5	0.8236228227615356	0.8230452537536621	13	12	6	6	6	6	780	400	CGCACCGUAGCGCUUUCUUAUAAACCCCCGUGAAACGGGGUCGUUAACCUCUGCUAGCCGAGCUGCACUUGCUCCUACUACACGAAGUACAACUCACUGACGGAUAGAGGCAGUUUUUGGAAAACACCUAUCCUAAGGACAGGUGUGGGGUCCAAGAAUUCGGCAGAGCUAGUACCUUCACCUCAUCCGGUCGGCAACGAAACACGACAGGAGAUGCGCGCUACAUCGGUUUAUCAUCACAUACUGCUCUAAUCGCGCGUACAUUGCCCGAAUCUUCGCCCCCACACAUCUGAGGUAUAUGGGCGCUGAAGUGGGGUGGAAACAUUUGCUGUCCCUCCGCACCAGGCCCAACCUCACUUAUAUAGUGGAAUACUGGAAGGGAAUGUGUUCAUCUUGACAC
5	0.8236228227615356	0.8230452537536621	14	12	6	6	6	6	780	400	CGCACCGUAGCGCUUUCUUAUAAACCCCCGUGAAACGGGGUCGUUAACCUCUGCUAGCCGAGCUGCACUUGCUCCUACUACACGAAGUACAACUCACUGACGGAUAGAGGCAGUUUUUGGAAAACACCUAUCCUAAGGACAGGUGUGGGGUCCAAGAAUUCGGCAGAGCUAGUACCUUCACCUCAUCCGGUCGGCAACGAAACACGACAGGAGAUGCGCGCUACAUCGGUUUAUCAUCACAUACUGCUCUAAUCGCGCGUACAUUGCCCGAAUCUUCGCCCCCACACAUCUGAGGUAUAUGGGCGCUGAAGUGGGGUGGAAACAUUUGCUGUCCCUCCGCACCAGGCCCAACCUCACUUAUAUAGUGGAAUACUGGAAGGGAAUGUGUUCAUCUUGACAC
5	0.8218823671340942	0.8215767741203308	14	12	6	6	6	6	780	400	CGCACCGUAGCGCUUUCUUAUAAACCCCCGUGAAACGGGGUCGUUAACCUCUGCUAGCCGAGCUGCACUUGCUCCUACUACACGAAGUACAACUCACUGACGGAUAGAGGCAGUUUUUGGAAAACACCUAUCCUAAGGACAGGUGUGGGGUCCAAGAAUUCGGCAGAGCUAGUACCUUCACCUCAUCCGGUCGGCAACGAAACACGACAGGAGAUGCGCGCUACAUCGGUUUAUCAUCACAUACUGCUCUAAUCGCGCGUACAUUGCCCGAAUCUUCGCCCCCACACAUCUGAGGUAUAUGGGCGCUGAAGUGGGGUGGAAACAUUUGCUGUCCCUCCGCACCAGGCCCAACCUCACUUAUAUAGUGGAAUACUGGAAGGGAAUGUGUUCAUCUUGACAC
5	0.800145149230957	0.800000011920929	14	12	6	6	6	6	780	400	CGCACCGUAGCGCUUUCUUAUAAACCCCCGUGAAACGGGGUCGUUAACCUCUGCUAGCCGAGCUGCACUUGCUCCUACUACACGAAGUACAACUCACUGACGGAUAGAGGCAGUUUUUGGAAAACACCUAUCCUAAGGACAGGUGUGGGGUCCAAGAAUUCGGCAGAGCUAGUACCUUCACCUCAUCCGGUCGGCAACGAAACACGACAGGAGAUGCGCGCUACAUCGGUUUAUCAUCACAUACUGCUCUAAUCGCGCGUACAUUGCCCGAAUCUUCGCCCCCACACAUCUGAGGUAUAUGGGCGCUGAAGUGGGGUGGAAACAUUUGCUGUCCCUCCGCACCAGGCCCAACCUCACUUAUAUAGUGGAAUACUGGAAGGGAAUGUGUUCAUCUUGACAC
5	0.81719970703125	0.8163264989852905	15	12	6	6	6	6	780	400	CGCACCGUAGCGCUUUCUUAUAAACCCCCGUGAAACGGGGUCGUUAACCUCUGCUAGCCGAGCUGCACUUGCUCCUACUACACGAAGUACAACUCACUGACGGAUAGAGGCAGUUUUUGGAAAACACCUAUCCUAAGGACAGGUGUGGGGUCCAAGAAUUCGGCAGAGCUAGUACCUUCACCUCAUCCGGUCGGCAACGAAACACGACAGGAGAUGCGCGCUACAUCGGUUUAUCAUCACAUACUGCUCUAAUCGCGCGUACAUUGCCCGAAUCUUCGCCCCCACACAUCUGAGGUAUAUGGGCGCUGAAGUGGGGUGGAAACAUUUGCUGUCCCUCCGCACCAGGCCCAACCUCACUUAUAUAGUGGAAUACUGGAAGGGAAUGUGUUCAUCUUGACAC
5	0.8186075091362	0.8181818127632141	13	12	6	6	6	6	780	400	CGCACCGUAGCGCUUUCUUAUAAACCCCCGUGAAACGGGGUCGUUAACCUCUGCUAGCCGAGCUGCACUUGCUCCUACUACACGAAGUACAACUCACUGACGGAUAGAGGCAGUUUUUGGAAAACACCUAUCCUAAGGACAGGUGUGGGGUCCAAGAAUUCGGCAGAGCUAGUACCUUCACCUCAUCCGGUCGGCAACGAAACACGACAGGAGAUGCGCGCUACAUCGGUUUAUCAUCACAUACUGCUCUAAUCGCGCGUACAUUGCCCGAAUCUUCGCCCCCACACAUCUGAGGUAUAUGGGCGCUGAAGUGGGGUGGAAACAUUUGCUGUCCCUCCGCACCAGGCCCAACCUCACUUAUAUAGUGGAAUACUGGAAGGGAAUGUGUUCAUCUUGACAC
5	0.8186075091362	0.8181818127632141	12	12	6	6	6	6	780	400	CGCACCGUAGCGCUUUCUUAUAAACCCCCGUGAAACGGGGUCGUUAACCUCUGCUAGCCGAGCUGCACUUGCUCCUACUACACGAAGUACAACUCACUGACGGAUAGAGGCAGUUUUUGGAAAACACCUAUCCUAAGGACAGGUGUGGGGUCCAAGAAUUCGGCAGAGCUAGUACCUUCACCUCAUCCGGUCGGCAACGAAACACGACAGGAGAUGCGCGCUACAUCGGUUUAUCAUCACAUACUGCUCUAAUCGCGCGUACAUUGCCCGAAUCUUCGCCCCCACACAUCUGAGGUAUAUGGGCGCUGAAGUGGGGUGGAAACAUUUGCUGUCCCUCCGCACCAGGCCCAACCUCACUUAUAUAGUGGAAUACUGGAAGGGAAUGUGUUCAUCUUGACAC
5	0.8235285878181458	0.8235294222831726	14	12	6	6	6	6	780	400	CGCACCGUAGCGCUUUCUUAUAAACCCCCGUGAAACGGGGUCGUUAACCUCUGCUAGCCGAGCUGCACUUGCUCCUACUACACGAAGUACAACUCACUGACGGAUAGAGGCAGUUUUUGGAAAACACCUAUCCUAAGGACAGGUGUGGGGUCCAAGAAUUCGGCAGAGCUAGUACCUUCACCUCAUCCGGUCGGCAACGAAACACGACAGGAGAUGCGCGCUACAUCGGUUUAUCAUCACAUACUGCUCUAAUCGCGCGUACAUUGCCCGAAUCUUCGCCCCCACACAUCUGAGGUAUAUGGGCGCUGAAGUGGGGUGGAAACAUUUGCUGUCCCUCCGCACCAGGCCCAACCUCACUUAUAUAGUGGAAUACUGGAAGGGAAUGUGUUCAUCUUGACAC
5	0.81719970703125	0.8163264989852905	13	12	6	6	6	6	780	400	CGCACCGUAGCGCUUUCUUAUAAACCCCCGUGAAACGGGGUCGUUAACCUCUGCUAGCCGAGCUGCACUUGCUCCUACUACACGAAGUACAACUCACUGACGGAUAGAGGCAGUUUUUGGAAAACACCUAUCCUAAGGACAGGUGUGGGGUCCAAGAAUUCGGCAGAGCUAGUACCUUCACCUCAUCCGGUCGGCAACGAAACACGACAGGAGAUGCGCGCUACAUCGGUUUAUCAUCACAUACUGCUCUAAUCGCGCGUACAUUGCCCGAAUCUUCGCCCCCACACAUCUGAGGUAUAUGGGCGCUGAAGUGGGGUGGAAACAUUUGCUGUCCCUCCGCACCAGGCCCAACCUCACUUAUAUAGUGGAAUACUGGAAGGGAAUGUGUUCAUCUUGACAC
5	0.8236228227615356	0.8230452537536621	13	12	6	6	6	6	780	400	CGCACCGUAGCGCUUUCUUAUAAACCCCCGUGAAACGGGGUCGUUAACCUCUGCUAGCCGAGCUGCACUUGCUCCUACUACACGAAGUACAACUCACUGACGGAUAGAGGCAGUUUUUGGAAAACACCUAUCCUAAGGACAGGUGUGGGGUCCAAGAAUUCGGCAGAGCUAGUACCUUCACCUCAUCCGGUCGGCAACGAAACACGACAGGAGAUGCGCGCUACAUCGGUUUAUCAUCACAUACUGCUCUAAUCGCGCGUACAUUGCCCGAAUCUUCGCCCCCACACAUCUGAGGUAUAUGGGCGCUGAAGUGGGGUGGAAACAUUUGCUGUCCCUCCGCACCAGGCCCAACCUCACUUAUAUAGUGGAAUACUGGAAGGGAAUGUGUUCAUCUUGACAC
5	0.8052481412887573	0.8049792647361755	14	12	6	6	6	6	780	400	CGCACCGUAGCGCUUUCUUAUAAACCCCCGUGAAACGGGGUCGUUAACCUCUGCUAGCCGAGCUGCACUUGCUCCUACUACACGAAGUACAACUCACUGACGGAUAGAGGCAGUUUUUGGAAAACACCUAUCCUAAGGACAGGUGUGGGGUCCAAGAAUUCGGCAGAGCUAGUACCUUCACCUCAUCCGGUCGGCAACGAAACACGACAGGAGAUGCGCGCUACAUCGGUUUAUCAUCACAUACUGCUCUAAUCGCGCGUACAUUGCCCGAAUCUUCGCCCCCACACAUCUGAGGUAUAUGGGCGCUGAAGUGGGGUGGAAACAUUUGCUGUCCCUCCGCACCAGGCCCAACCUCACUUAUAUAGUGGAAUACUGGAAGGGAAUGUGUUCAUCUUGACAC
5	0.81719970703125	0.8163264989852905	12	12	6	6	6	6	780	400	CGCACCGUAGCGCUUUCUUAUAAACCCCCGUGAAACGGGGUCGUUAACCUCUGCUAGCCGAGCUGCACUUGCUCCUACUACACGAAGUACAACUCACUGACGGAUAGAGGCAGUUUUUGGAAAACACCUAUCCUAAGGACAGGUGUGGGGUCCAAGAAUUCGGCAGAGCUAGUACCUUCACCUCAUCCGGUCGGCAACGAAACACGACAGGAGAUGCGCGCUACAUCGGUUUAUCAUCACAUACUGCUCUAAUCGCGCGUACAUUGCCCGAAUCUUCGCCCCCACACAUCUGAGGUAUAUGGGCGCUGAAGUGGGGUGGAAACAUUUGCUGUCCCUCCGCACCAGGCCCAACCUCACUUAUAUAGUGGAAUACUGGAAGGGAAUGUGUUCAUCUUGACAC
5	0.8285513520240784	0.8284518718719482	12	12	6	6	6	6	780	400	CGCACCGUAGCGCUUUCUUAUAAACCCCCGUGAAACGGGGUCGUUAACCUCUGCUAGCCGAGCUGCACUUGCUCCUACUACACGAAGUACAACUCACUGACGGAUAGAGGCAGUUUUUGGAAAACACCUAUCCUAAGGACAGGUGUGGGGUCCAAGAAUUCGGCAGAGCUAGUACCUUCACCUCAUCCGGUCGGCAACGAAACACGACAGGAGAUGCGCGCUACAUCGGUUUAUCAUCACAUACUGCUCUAAUCGCGCGUACAUUGCCCGAAUCUUCGCCCCCACACAUCUGAGGUAUAUGGGCGCUGAAGUGGGGUGGAAACAUUUGCUGUCCCUCCGCACCAGGCCCAACCUCACUUAUAUAGUGGAAUACUGGAAGGGAAUGUGUUCAUCUUGACAC
5	0.800145149230957	0.800000011920929	13	12	6	6	6	6	780	400	CGCACCGUAGCGCUUUCUUAUAAACCCCCGUGAAACGGGGUCGUUAACCUCUGCUAGCCGAGCUGCACUUGCUCCUACUACACGAAGUACAACUCACUGACGGAUAGAGGCAGUUUUUGGAAAACACCUAUCCUAAGGACAGGUGUGGGGUCCAAGAAUUCGGCAGAGCUAGUACCUUCACCUCAUCCGGUCGGCAACGAAACACGACAGGAGAUGCGCGCUACAUCGGUUUAUCAUCACAUACUGCUCUAAUCGCGCGUACAUUGCCCGAAUCUUCGCCCCCACACAUCUGAGGUAUAUGGGCGCUGAAGUGGGGUGGAAACAUUUGCUGUCCCUCCGCACCAGGCCCAACCUCACUUAUAUAGUGGAAUACUGGAAGGGAAUGUGUUCAUCUUGACAC
5	0.8218823671340942	0.8215767741203308	13	12	6	6	6	6	780	400	CGCACCGUAGCGCUUUCUUAUAAACCCCCGUGAAACGGGGUCGUUAACCUCUGCUAGCCGAGCUGCACUUGCUCCUACUACACGAAGUACAACUCACUGACGGAUAGAGGCAGUUUUUGGAAAACACCUAUCCUAAGGACAGGUGUGGGGUCCAAGAAUUCGGCAGAGCUAGUACCUUCACCUCAUCCGGUCGGCAACGAAACACGACAGGAGAUGCGCGCUACAUCGGUUUAUCAUCACAUACUGCUCUAAUCGCGCGUACAUUGCCCGAAUCUUCGCCCCCACACAUCUGAGGUAUAUGGGCGCUGAAGUGGGGUGGAAACAUUUGCUGUCCCUCCGCACCAGGCCCAACCUCACUUAUAUAGUGGAAUACUGGAAGGGAAUGUGUUCAUCUUGACAC
5	0.8218823671340942	0.8215767741203308	14	12	6	6	6	6	780	400	CGCACCGUAGCGCUUUCUUAUAAACCCCCGUGAAACGGGGUCGUUAACCUCUGCUAGCCGAGCUGCACUUGCUCCUACUACACGAAGUACAACUCACUGACGGAUAGAGGCAGUUUUUGGAAAACACCUAUCCUAAGGACAGGUGUGGGGUCCAAGAAUUCGGCAGAGCUAGUACCUUCACCUCAUCCGGUCGGCAACGAAACACGACAGGAGAUGCGCGCUACAUCGGUUUAUCAUCACAUACUGCUCUAAUCGCGCGUACAUUGCCCGAAUCUUCGCCCCCACACAUCUGAGGUAUAUGGGCGCUGAAGUGGGGUGGAAACAUUUGCUGUCCCUCCGCACCAGGCCCAACCUCACUUAUAUAGUGGAAUACUGGAAGGGAAUGUGUUCAUCUUGACAC
6	0.8478704690933228	0.8480000495910645	1	12	6	6	6	6	780	400	AGAGAUUCGCACAUUUUGUUAGAGGCCAUGAGCAGCAUCCGAUGUCCUGAGCUAAUGCGGGUAAGGUACUUACUUUGUAAGCUUGUAUACGGCAGACGGCACGGAUUCGCUGCGAUGGGUAUUGUUCGUGAGGCUAGCGCACUAAGCAAAUGAGGCUCGAAAAAACAAAAACGUACCUCCAGAUUCAUCUUAGAGUGUAGACUAGCAUCACCUCCGUUCUAGGUCAGCCGCACUAUUUAAUGAAAGGUGUGCCUUUCGAUUUUCCGGGGUUUCGAUCCGCCGUGUGAUUAAGGUAUCUCUGUGUCUAAGGUCCCAAUGUAGUUUACCUUCACGCAGUCGCUAGCGGGGGGCCCCGUAUCCGGGGUCUCAUACCAAAUCCUCUAGUUAGGUCAGCUCAUUG
6	0.8843435645103455	0.8844621777534485	2	12	6	6	6	6	780	400	AGAGAUUCGCACAUUUUGUUAGAGGCCAUGAGCAGCAUCCGAUGUCCUGAGCUAAUGCGGGUAAGGUACUUACUUUGUAAGCUUGUAUACGGCAGACGGCACGGAUUCGCUGCGAUGGGUAUUGUUCGUGAGGCUAGCGCACUAAGCAAAUGAGGCUCGAAAAAACAAAAACGUACCUCCAGAUUCAUCUUAGAGUGUAGACUAGCAUCACCUCCGUUCUAGGUCAGCCGCACUAUUUAAUGAAAGGUGUGCCUUUCGAUUUUCCGGGGUUUCGAUCCGCCGUGUGAUUAAGGUAUCUCUGUGUCUAAGGUCCCAAUGUAGUUUACCUUCACGCAGUCGCUAGCGGGGGGCCCCGUAUCCGGGGUCUCAUACCAAAUCCUCUAGUUAGGUCAGCUCAUUG
6	0.7885686159133911	0.7888445854187012	3	12	6	6	6	6	780	400	AGAGAUUCGCACAUUUUGUUAGAGGCCAUGAGCAGCAUCCGAUGUCCUGAGCUAAUGCGGGUAAGGUACUUACUUUGUAAGCUUGUAUACGGCAGACGGCACGGAUUCGCUGCGAUGGGUAUUGUUCGUGAGGCUAGCGCACUAAGCAAAUGAGGCUCGAAAAAACAAAAACGUACCUCCAGAUUCAUCUUAGAGUGUAGACUAGCAUCACCUCCGUUCUAGGUCAGCCGCACUAUUUAAUGAAAGGUGUGCCUUUCGAUUUUCCGGGGUUUCGAUCCGCCGUGUGAUUAAGGUAUCUCUGUGUCUAAGGUCCCAAUGUAGUUUACCUUCACGCAGUCGCUAGCGGGGGGCCCCGUAUCCGGGGUCUCAUACCAAAUCCUCUAGUUAGGUCAGCUCAUUG
6	0.7904541492462158	0.7906976342201233	4	12	6	6	6	6	780	400	AGAGAUUCGCACAUUUUGUUAGAGGCCAUGAGCAGCAUCCGAUGUCCUGAGCUAAUGCGGGUAAGGUACUUACUUUGUAAGCUUGUAUACGGCAGACGGCACGGAUUCGCUGCGAUGGGUAUUGUUCGUGAGGCUAGCGCACUAAGCAAAUGAGGCUCGAAAAAACAAAAACGUACCUCCAGAUUCAUCUUAGAGUGUAGACUAGCAUCACCUCCGUUCUAGGUCAGCCGCACUAUUUAAUGAAAGGUGUGCCUUUCGAUUUUCCGGGGUUUCGAUCCGCCGUGUGAUUAAGGUAUCUCUGUGUCUAAGGUCCCAAUGUAGUUUACCUUCACGCAGUCGCUAGCGGGGGGCCCCGUAUCCGGGGUCUCAUACCAAAUCCUCUAGUUAGGUCAGCUCAUUG
6	0.8524186015129089	0.8525897264480591	5	12	6	6	6	6	780	400	AGAGAUUCGCACAUUUUGUUAGAGGCCAUGAGCAGCAUCCGAUGUCCUGAGCUAAUGCGGGUAAGGUACUUACUUUGUAAGCUUGUAUACGGCAGACGGCACGGAUUCGCUGCGAUGGGUAUUGUUCGUGAGGCUAGCGCACUAAGCAAAUGAGGCUCGAAAAAACAAAAACGUACCUCCAGAUUCAUCUUAGAGUGUAGACUAGCAUCACCUCCGUUCUAGGUCAGCCGCACUAUUUAAUGAAAGGUGUGCCUUUCGAUUUUCCGGGGUUUCGAUCCGCCGUGUGAUUAAGGUAUCUCUGUGUCUAAGGUCCCAAUGUAGUUUACCUUCACGCAGUCGCUAGCGGGGGGCCCCGUAUCCGGGGUCUCAUACCAAAUCCUCUAGUUAGGUCAGCUCAUUG
6	0.9089536666870117	0.9090909361839294	6	12	6	6	6	6	780	400	AGAGAUUCGCACAUUUUGUUAGAGGCCAUGAGCAGCAUCCGAUGUCCUGAGCUAAUGCGGGUAAGGUACUUACUUUGUAAGCUUGUAUACGGCAGACGGCACGGAUUCGCUGCGAUGGGUAUUGUUCGUGAGGCUAGCGCACUAAGCAAAUGAGGCUCGAAAAAACAAAAACGUACCUCCAGAUUCAUCUUAGAGUGUAGACUAGCAUCACCUCCGUUCUAGGUCAGCCGCACUAUUUAAUGAAAGGUGUGCCUUUCGAUUUUCCGGGGUUUCGAUCCGCCGUGUGAUUAAGGUAUCUCUGUGUCUAAGGUCCCAAUGUAGUUUACCUUCACGCAGUCGCUAGCGGGGGGCCCCGUAUCCGGGGUCUCAUACCAAAUCCUCUAGUUAGGUCAGCUCAUUG
6	0.9211342930793762	0.9212598204612732	7	12	6	6	6	6	780	400	AGAGAUUCGCACAUUUUGUUAGAGGCCAUGAGCAGCAUCCGAUGUCCUGAGCUAAUGCGGGUAAGGUACUUACUUUGUAAGCUUGUAUACGGCAGACGGCACGGAUUCGCUGCGAUGGGUAUUGUUCGUGAGGCUAGCGCACUAAGCAAAUGAGGCUCGAAAAAACAAAAACGUACCUCCAGAUUCAUCUUAGAGUGUAGACUAGCAUCACCUCCGUUCUAGGUCAGCCGCACUAUUUAAUGAAAGGUGUGCCUUUCGAUUUUCCGGGGUUUCGAUCCGCCGUGUGAUUAAGGUAUCUCUGUGUCUAAGGUCCCAAUGUAGUUUACCUUCACGCAGUCGCUAGCGGGGGGCCCCGUAUCCGGGGUCUCAUACCAAAUCCUCUAGUUAGGUCAGCUCAUUG
6	0.9247891306877136	0.9249011278152466	8	12	6	6	6	6	780	400	AGAGAUUCGCACAUUUUGUUAGAGGCCAUGAGCAGCAUCCGAUGUCCUGAGCUAAUGCGGGUAAGGUACUUACUUUGUAAGCUUGUAUACGGCAGACGGCACGGAUUCGCUGCGAUGGGUAUUGUUCGUGAGGCUAGCGCACUAAGCAAAUGAGGCUCGAAAAAACAAAAACGUACCUCCAGAUUCAUCUUAGAGUGUAGACUAGCAUCACCUCCGUUCUAGGUCAGCCGCACUAUUUAAUGAAAGGUGUGCCUUUCGAUUUUCCGGGGUUUCGAUCCGCCGUGUGAUUAAGGUAUCUCUGUGUCUAAGGUCCCAAUGUAGUUUACCUUCACGCAGUCGCUAGCGGGGGGCCCCGUAUCCGGGGUCUCAUACCAAAUCCUCUAGUUAGGUCAGCUCAUUG
6	0.9082872867584229	0.9083665013313293	9	12	6	6	6	6	780	400	AGAGAUUCGCACAUUUUGUUAGAGGCCAUGAGCAGCAUCCGAUGUCCUGAGCUAAUGCGGGUAAGGUACUUACUUUGUAAGCUUGUAUACGGCAGACGGCACGGAUUCGCUGCGAUGGGUAUUGUUCGUGAGGCUAGCGCACUAAGCAAAUGAGGCUCGAAAAAACAAAAACGUACCUCCAGAUUCAUCUUAGAGUGUAGACUAGCAUCACCUCCGUUCUAGGUCAGCCGCACUAUUUAAUGAAAGGUGUGCCUUUCGAUUUUCCGGGGUUUCGAUCCGCCGUGUGAUUAAGGUAUCUCUGUGUCUAAGGUCCCAAUGUAGUUUACCUUCACGCAGUCGCUAGCGGGGGGCCCCGUAUCCGGGGUCUCAUACCAAAUCCUCUAGUUAGGUCAGCUCAUUG
6	0.9069355130195618	0.9069767594337463	10	12	6	6	6	6	780	400	AGAGAUUCGCACAUUUUGUUAGAGGCCAUGAGCAGCAUCCGAUGUCCUGAGCUAAUGCGGGUAAGGUACUUACUUUGUAAGCUUGUAUACGGCAGACGGCACGGAUUCGCUGCGAUGGGUAUUGUUCGUGAGGCUAGCGCACUAAGCAAAUGAGGCUCGAAAAAACAAAAACGUACCUCCAGAUUCAUCUUAGAGUGUAGACUAGCAUCACCUCCGUUCUAGGUCAGCCGCACUAUUUAAUGAAAGGUGUGCCUUUCGAUUUUCCGGGGUUUCGAUCCGCCGUGUGAUUAAGGUAUCUCUGUGUCUAAGGUCCCAAUGUAGUUUACCUUCACGCAGUCGCUAGCGGGGGGCCCCGUAUCCGGGGUCUCAUACCAAAUCCUCUAGUUAGGUCAGCUCAUUG
6	0.8264955282211304	0.8267717361450195	11	12	6	6	6	6	780	400	AGAGAUUCGCACAUUUUGUUAGAGGCCAUGAGCAGCAUCCGAUGUCCUGAGCUAAUGCGGGUAAGGUACUUACUUUGUAAGCUUGUAUACGGCAGACGGCACGGAUUCGCUGCGAUGGGUAUUGUUCGUGAGGCUAGCGCACUAAGCAAAUGAGGCUCGAAAAAACAAAAACGUACCUCCAGAUUCAUCUUAGAGUGUAGACUAGCAUCACCUCCGUUCUAGGUCAGCCGCACUAUUUAAUGAAAGGUGUGCCUUUCGAUUUUCCGGGGUUUCGAUCCGCCGUGUGAUUAAGGUAUCUCUGUGUCUAAGGUCCCAAUGUAGUUUACCUUCACGCAGUCGCUAGCGGGGGGCCCCGUAUCCGGGGUCUCAUACCAAAUCCUCUAGUUAGGUCAGCUCAUUG
6	0.9112229943275452	0.9111968874931335	12	12	6	6	6	6	780	400	AGAGAUUCGCACAUUUUGUUAGAGGCCAUGAGCAGCAUCCGAUGUCCUGAGCUAAUGCGGGUAAGGUACUUACUUUGUAAGCUUGUAUACGGCAGACGGCACGGAUUCGCUGCGAUGGGUAUUGUUCGUGAGGCUAGCGCACUAAGCAAAUGAGGCUCGAAAAAACAAAAACGUACCUCCAGAUUCAUCUUAGAGUGUAGACUAGCAUCACCUCCGUUCUAGGUCAGCCGCACUAUUUAAUGAAAGGUGUGCCUUUCGAUUUUCCGGGGUUUCGAUCCGCCGUGUGAUUAAGGUAUCUCUGUGUCUAAGGUCCCAAUGUAGUUUACCUUCACGCAGUCGCUAGCGGGGGGCCCCGUAUCCGGGGUCUCAUACCAAAUCCUCUAGUUAGGUCAGCUCAUUG
6	0.9535280466079712	0.9534884095191956	12	12	6	6	6	6	780	400	AGAGAUUCGCACAUUUUGUUAGAGGCCAUGAGCAGCAUCCGAUGUCCUGAGCUAAUGCGGGUAAGGUACUUACUUUGUAAGCUUGUAUACGGCAGACGGCACGGAUUCGCUGCGAUGGGUAUUGUUCGUGAGGCUAGCGCACUAAGCAAAUGAGGCUCGAAAAAACAAAAACGUACCUCCAGAUUCAUCUUAGAGUGUAGACUAGCAUCACCUCCGUUCUAGGUCAGCCGCACUAUUUAAUGAAAGGUGUGCCUUUCGAUUUUCCGGGGUUUCGAUCCGCCGUGUGAUUAAGGUAUCUCUGUGUCUAAGGUCCCAAUGUAGUUUACCUUCACGCAGUCGCUAGCGGGGGGCCCCGUAUCCGGGGUCUCAUACCAAAUCCUCUAGUUAGGUCAGCUCAUUG
6	0.9112229943275452	0.9111968874931335	13	12	6	6	6	6	780	400	AGAGAUUCGCACAUUUUGUUAGAGGCCAUGAGCAGCAUCCGAUGUCCUGAGCUAAUGCGGGUAAGGUACUUACUUUGUAAGCUUGUAUACGGCAGACGGCACGGAUUCGCUGCGAUGGGUAUUGUUCGUGAGGCUAGCGCACUAAGCAAAUGAGGCUCGAAAAAACAAAAACGUACCUCCAGAUUCAUCUUAGAGUGUAGACUAGCAUCACCUCCGUUCUAGGUCAGCCGCACUAUUUAAUGAAAGGUGUGCCUUUCGAUUUUCCGGGGUUUCGAUCCGCCGUGUGAUUAAGGUAUCUCUGUGUCUAAGGUCCCAAUGUAGUUUACCUUCACGCAGUCGCUAGCGGGGGGCCCCGUAUCCGGGGUCUCAUACCAAAUCCUCUAGUUAGGUCAGCUCAUUG
6	0.9535280466079712	0.9534884095191956	12	12	6	6	6	6	780	400	AGAGAUUCGCACAUUUUGUUAGAGGCCAUGAGCAGCAUCCGAUGUCCUGAGCUAAUGCGGGUAAGGUACUUACUUUGUAAGCUUGUAUACGGCAGACGGCACGGAUUCGCUGCGAUGGGUAUUGUUCGUGAGGCUAGCGCACUAAGCAAAUGAGGCUCGAAAAAACAAAAACGUACCUCCAGAUUCAUCUUAGAGUGUAGACUAGCAUCACCUCCGUUCUAGGUCAGCCGCACUAUUUAAUGAAAGGUGUGCCUUUCGAUUUUCCGGGGUUUCGAUCCGCCGUGUGAUUAAGGUAUCUCUGUGUCUAAGGUCCCAAUGUAGUUUACCUUCACGCAGUCGCUAGCGGGGGGCCCCGUAUCCGGGGUCUCAUACCAAAUCCUCUAGUUAGGUCAGCUCAUUG
6	0.9112229943275452	0.9111968874931335	13	12	6	6	6	6	780	400	AGAGAUUCGCACAUUUUGUUAGAGGCCAUGAGCAGCAUCCGAUGUCCUGAGCUAAUGCGGGUAAGGUACUUACUUUGUAAGCUUGUAUACGGCAGACGGCACGGAUUCGCUGCGAUGGGUAUUGUUCGUGAGGCUAGCGCACUAAGCAAAUGAGGCUCGAAAAAACAAAAACGUACCUCCAGAUUCAUCUUAGAGUGUAGACUAGCAUCACCUCCGUUCUAGGUCAGCCGCACUAUUUAAUGAAAGGUGUGCCUUUCGAUUUUCCGGGGUUUCGAUCCGCCGUGUGAUUAAGGUAUCUCUGUGUCUAAGGUCCCAAUGUAGUUUACCUUCACGCAGUCGCUAGCGGGGGGCCCCGUAUCCGGGGUCUCAUACCAAAUCCUCUAGUUAGGUCAGCUCAUUG
6	0.9211342930793762	0.9212598204612732	12	12	6	6	6	6	780	400	AGAGAUUCGCACAUUUUGUUAGAGGCCAUGAGCAGCAUCCGAUGUCCUGAGCUAAUGCGGGUAAGGUACUUACUUUGUAAGCUUGUAUACGGCAGACGGCACGGAUUCGCUGCGAUGGGUAUUGUUCGUGAGGCUAGCGCACUAAGCAAAUGAGGCUCGAAAAAACAAAAACGUACCUCCAGAUUCAUCUUAGAGUGUAGACUAGCAUCACCUCCGUUCUAGGUCAGCCGCACUAUUUAAUGAAAGGUGUGCCUUUCGAUUUUCCGGGGUUUCGAUCCGCCGUGUGAUUAAGGUAUCUCUGUGUCUAAGGUCCCAAUGUAGUUUACCUUCACGCAGUCGCUAGCGGGGGGCCCCGUAUCCGGGGUCUCAUACCAAAUCCUCUAGUUAGGUCAGCUCAUUG
6	0.9026286005973816	0.9027237892150879	14	12	6	6	6	6	780	400	AGAGAUUCGCACAUUUUGUUAGAGGCCAUGAGCAGCAUCCGAUGUCCUGAGCUAAUGCGGGUAAGGUACUUACUUUGUAAGCUUGUAUACGGCAGACGGCACGGAUUCGCUGCGAUGGGUAUUGUUCGUGAGGCUAGCGCACUAAGCAAAUGAGGCUCGAAAAAACAAAAACGUACCUCCAGAUUCAUCUUAGAGUGUAGACUAGCAUCACCUCCGUUCUAGGUCAGCCGCACUAUUUAAUGAAAGGUGUGCCUUUCGAUUUUCCGGGGUUUCGAUCCGCCGUGUGAUUAAGGUAUCUCUGUGUCUAAGGUCCCAAUGUAGUUUACCUUCACGCAGUCGCUAGCGGGGGGCCCCGUAUCCGGGGUCUCAUACCAAAUCCUCUAGUUAGGUCAGCUCAUUG
6	0.9338092803955078	0.9338521957397461	14	12	6	6	6	6	780	400	AGAGAUUCGCACAUUUUGUUAGAGGCCAUGAGCAGCAUCCGAUGUCCUGAGCUAAUGCGGGUAAGGUACUUACUUUGUAAGCUUGUAUACGGCAGACGGCACGGAUUCGCUGCGAUGGGUAUUGUUCGUGAGGCUAGCGCACUAAGCAAAUGAGGCUCGAAAAAACAAAAACGUACCUCCAGAUUCAUCUUAGAGUGUAGACUAGCAUCACCUCCGUUCUAGGUCAGCCGCACUAUUUAAUGAAAGGUGUGCCUUUCGAUUUUCCGGGGUUUCGAUCCGCCGUGUGAUUAAGGUAUCUCUGUGUCUAAGGUCCCAAUGUAGUUUACCUUCACGCAGUCGCUAGCGGGGGGCCCCGUAUCCGGGGUCUCAUACCAAAUCCUCUAGUUAGGUCAGCUCAUUG
6	0.910423755645752	0.9105058312416077	13	12	6	6	6	6	780	400	AGAGAUUCGCACAUUUUGUUAGAGGCCAUGAGCAGCAUCCGAUGUCCUGAGCUAAUGCGGGUAAGGUACUUACUUUGUAAGCUUGUAUACGGCAGACGGCACGGAUUCGCUGCGAUGGGUAUUGUUCGUGAGGCUAGCGCACUAAGCAAAUGAGGCUCGAAAAAACAAAAACGUACCUCCAGAUUCAUCUUAGAGUGUAGACUAGCAUCACCUCCGUUCUAGGUCAGCCGCACUAUUUAAUGAAAGGUGUGCCUUUCGAUUUUCCGGGGUUUCGAUCCGCCGUGUGAUUAAGGUAUCUCUGUGUCUAAGGUCCCAAUGUAGUUUACCUUCACGCAGUCGCUAGCGGGGGGCCCCGUAUCCGGGGUCUCAUACCAAAUCCUCUAGUUAGGUCAGCUCAUUG
6	0.9112229943275452	0.9111968874931335	12	12	6	6	6	6	780	400	AGAGAUUCGCACAUUUUGUUAGAGGCCAUGAGCAGCAUCCGAUGUCCUGAGCUAAUGCGGGUAAGGUACUUACUUUGUAAGCUUGUAUACGGCAGACGGCACGGAUUCGCUGCGAUGGGUAUUGUUCGUGAGGCUAGCGCACUAAGCAAAUGAGGCUCGAAAAAACAAAAACGUACCUCCAGAUUCAUCUUAGAGUGUAGACUAGCAUCACCUCCGUUCUAGGUCAGCCGCACUAUUUAAUGAAAGGUGUGCCUUUCGAUUUUCCGGGGUUUCGAUCCGCCGUGUGAUUAAGGUAUCUCUGUGUCUAAGGUCCCAAUGUAGUUUACCUUCACGCAGUCGCUAGCGGGGGGCCCCGUAUCCGGGGUCUCAUACCAAAUCCUCUAGUUAGGUCAGCUCAUUG
6	0.9690589308738708	0.9689922332763672	14	12	6	6	6	6	780	400	AGAGAUUCGCACAUUUUGUUAGAGGCCAUGAGCAGCAUCCGAUGUCCUGAGCUAAUGCGGGUAAGGUACUUACUUUGUAAGCUUGUAUACGGCAGACGGCACGGAUUCGCUGCGAUGGGUAUUGUUCGUGAGGCUAGCGCACUAAGCAAAUGAGGCUCGAAAAAACAAAAACGUACCUCCAGAUUCAUCUUAGAGUGUAGACUAGCAUCACCUCCGUUCUAGGUCAGCCGCACUAUUUAAUGAAAGGUGUGCCUUUCGAUUUUCCGGGGUUUCGAUCCGCCGUGUGAUUAAGGUAUCUCUGUGUCUAAGGUCCCAAUGUAGUUUACCUUCACGCAGUCGCUAGCGGGGGGCCCCGUAUCCGGGGUCUCAUACCAAAUCCUCUAGUUAGGUCAGCUCAUUG
6	0.972785234451294	0.9727626442909241	11	12	6	6	6	6	780	400	AGAGAUUCGCACAUUUUGUUAGAGGCCAUGAGCAGCAUCCGAUGUCCUGAGCUAAUGCGGGUAAGGUACUUACUUUGUAAGCUUGUAUACGGCAGACGGCACGGAUUCGCUGCGAUGGGUAUUGUUCGUGAGGCUAGCGCACUAAGCAAAUGAGGCUCGAAAAAACAAAAACGUACCUCCAGAUUCAUCUUAGAGUGUAGACUAGCAUCACCUCCGUUCUAGGUCAGCCGCACUAUUUAAUGAAAGGUGUGCCUUUCGAUUUUCCGGGGUUUCGAUCCGCCGUGUGAUUAAGGUAUCUCUGUGUCUAAGGUCCCAAUGUAGUUUACCUUCACGCAGUCGCUAGCGGGGGGCCCCGUAUCCGGGGUCUCAUACCAAAUCCUCUAGUUAGGUCAGCUCAUUG
6	0.9535280466079712	0.9534884095191956	13	12	6	6	6	6	780	400	AGAGAUUCGCACAUUUUGUUAGAGGCCAUGAGCAGCAUCCGAUGUCCUGAGCUAAUGCGGGUAAGGUACUUACUUUGUAAGCUUGUAUACGGCAGACGGCACGGAUUCGCUGCGAUGGGUAUUGUUCGUGAGGCUAGCGCACUAAGCAAAUGAGGCUCGAAAAAACAAAAACGUACCUCCAGAUUCAUCUUAGAGUGUAGACUAGCAUCACCUCCGUUCUAGGUCAGCCGCACUAUUUAAUGAAAGGUGUGCCUUUCGAUUUUCCGGGGUUUCGAUCCGCCGUGUGAUUAAGGUAUCUCUGUGUCUAAGGUCCCAAUGUAGUUUACCUUCACGCAGUCGCUAGCGGGGGGCCCCGUAUCCGGGGUCUCAUACCAAAUCCUCUAGUUAGGUCAGCUCAUUG
6	0.9112229943275452	0.9111968874931335	13	12	6	6	6	6	780	400	AGAGAUUCGCACAUUUUGUUAGAGGCCAUGAGCAGCAUCCGAUGUCCUGAGCUAAUGCGGGUAAGGUACUUACUUUGUAAGCUUGUAUACGGCAGACGGCACGGAUUCGCUGCGAUGGGUAUUGUUCGUGAGGCUAGCGCACUAAGCAAAUGAGGCUCGAAAAAACAAAAACGUACCUCCAGAUUCAUCUUAGAGUGUAGACUAGCAUCACCUCCGUUCUAGGUCAGCCGCACUAUUUAAUGAAAGGUGUGCCUUUCGAUUUUCCGGGGUUUCGAUCCGCCGUGUGAUUAAGGUAUCUCUGUGUCUAAGGUCCCAAUGUAGUUUACCUUCACGCAGUCGCUAGCGGGGGGCCCCGUAUCCGGGGUCUCAUACCAAAUCCUCUAGUUAGGUCAGCUCAUUG
6	0.8681083917617798	0.8682170510292053	12	12	6	6	6	6	780	400	AGAGAUUCGCACAUUUUGUUAGAGGCCAUGAGCAGCAUCCGAUGUCCUGAGCUAAUGCGGGUAAGGUACUUACUUUGUAAGCUUGUAUACGGCAGACGGCACGGAUUCGCUGCGAUGGGUAUUGUUCGUGAGGCUAGCGCACUAAGCAAAUGAGGCUCGAAAAAACAAAAACGUACCUCCAGAUUCAUCUUAGAGUGUAGACUAGCAUCACCUCCGUUCUAGGUCAGCCGCACUAUUUAAUGAAAGGUGUGCCUUUCGAUUUUCCGGGGUUUCGAUCCGCCGUGUGAUUAAGGUAUCUCUGUGUCUAAGGUCCCAAUGUAGUUUACCUUCACGCAGUCGCUAGCGGGGGGCCCCGUAUCCGGGGUCUCAUACCAAAUCCUCUAGUUAGGUCAGCUCAUUG
6	0.9302318096160889	0.930232584476471	14	12	6	6	6	6	780	400	AGAGAUUCGCACAUUUUGUUAGAGGCCAUGAGCAGCAUCCGAUGUCCUGAGCUAAUGCGGGUAAGGUACUUACUUUGUAAGCUUGUAUACGGCAGACGGCACGGAUUCGCUGCGAUGGGUAUUGUUCGUGAGGCUAGCGCACUAAGCAAAUGAGGCUCGAAAAAACAAAAACGUACCUCCAGAUUCAUCUUAGAGUGUAGACUAGCAUCACCUCCGUUCUAGGUCAGCCGCACUAUUUAAUGAAAGGUGUGCCUUUCGAUUUUCCGGGGUUUCGAUCCGCCGUGUGAUUAAGGUAUCUCUGUGUCUAAGGUCCCAAUGUAGUUUACCUUCACGCAGUCGCUAGCGGGGGGCCCCGUAUCCGGGGUCUCAUACCAAAUCCUCUAGUUAGGUCAGCUCAUUG
6	0.9274186491966248	0.9272030591964722	14	12	6	6	6	6	780	400	AGAGAUUCGCACAUUUUGUUAGAGGCCAUGAGCAGCAUCCGAUGUCCUGAGCUAAUGCGGGUAAGGUACUUACUUUGUAAGCUUGUAUACGGCAGACGGCACGGAUUCGCUGCGAUGGGUAUUGUUCGUGAGGCUAGCGCACUAAGCAAAUGAGGCUCGAAAAAACAAAAACGUACCUCCAGAUUCAUCUUAGAGUGUAGACUAGCAUCACCUCCGUUCUAGGUCAGCCGCACUAUUUAAUGAAAGGUGUGCCUUUCGAUUUUCCGGGGUUUCGAUCCGCCGUGUGAUUAAGGUAUCUCUGUGUCUAAGGUCCCAAUGUAGUUUACCUUCACGCAGUCGCUAGCGGGGGGCCCCGUAUCCGGGGUCUCAUACCAAAUCCUCUAGUUAGGUCAGCUCAUUG
6	0.9266950488090515	0.9266409277915955	13	12	6	6	6	6	780	400	AGAGAUUCGCACAUUUUGUUAGAGGCCAUGAGCAGCAUCCGAUGUCCUGAGCUAAUGCGGGUAAGGUACUUACUUUGUAAGCUUGUAUACGGCAGACGGCACGGAUUCGCUGCGAUGGGUAUUGUUCGUGAGGCUAGCGCACUAAGCAAAUGAGGCUCGAAAAAACAAAAACGUACCUCCAGAUUCAUCUUAGAGUGUAGACUAGCAUCACCUCCGUUCUAGGUCAGCCGCACUAUUUAAUGAAAGGUGUGCCUUUCGAUUUUCCGGGGUUUCGAUCCGCCGUGUGAUUAAGGUAUCUCUGUGUCUAAGGUCCCAAUGUAGUUUACCUUCACGCAGUCGCUAGCGGGGGGCCCCGUAUCCGGGGUCUCAUACCAAAUCCUCUAGUUAGGUCAGCUCAUUG
7	0.5348730683326721	0.5355648994445801	1	12	6	6	6	6	780	400	CCAGACUCUUGUCUCACUCUCAUAGUAUACUCCCAUUAGGUAAUGCUCAUGGUGUGCCCGACAAUGAGGGCAACAAGUCGGGAAAGAACUUUAUCCGCUGGCCGCACAACUCCUCAUAAUCUAUCCAAGAAUAGGCCCGCGACAAACGUUUAUCGGACAAUCCGCGAGGACGGUAUCAUCUAUUCCGGCCAGAUUGACGCUGCGACAUUCAUCUGGGCCUUAAAGCGUUCCGGGCCAUGUCGCGCACUCACGCAUUGGUGGCAGAUAUUGUUUUAUAUACGCGGGUGCAUAAGACGGUACCUGCCCGCCUAUGGCGAAGACAUUAAGUGCGCUCCGAUGCAUCGUCUGAAAUCAGGCUGCAGUAUGAUGACCCGUGGCGUCGCAGGUCGAUUCCGUUGUG
7	0.69367915391922	0.6932270526885986	2	12	6	6	6	6	780	400	CCAGACUCUUGUCUCACUCUCAUAGUAUACUCCCAUUAGGUAAUGCUCAUGGUGUGCCCGACAAUGAGGGCAACAAGUCGGGAAAGAACUUUAUCCGCUGGCCGCACAACUCCUCAUAAUCUAUCCAAGAAUAGGCCCGCGACAAACGUUUAUCGGACAAUCCGCGAGGACGGUAUCAUCUAUUCCGGCCAGAUUGACGCUGCGACAUUCAUCUGGGCCUUAAAGCGUUCCGGGCCAUGUCGCGCACUCACGCAUUGGUGGCAGAUAUUGUUUUAUAUACGCGGGUGCAUAAGACGGUACCUGCCCGCCUAUGGCGAAGACAUUAAGUGCGCUCCGAUGCAUCGUCUGAAAUCAGGCUGCAGUAUGAUGACCCGUGGCGUCGCAGGUCGAUUCCGUUGUG
7	0.5568686723709106	0.5573770403862	3	12	6	6	6	6	780	400	CCAGACUCUUGUCUCACUCUCAUAGUAUACUCCCAUUAGGUAAUGCUCAUGGUGUGCCCGACAAUGAGGGCAACAAGUCGGGAAAGAACUUUAUCCGCUGGCCGCACAACUCCUCAUAAUCUAUCCAAGAAUAGGCCCGCGACAAACGUUUAUCGGACAAUCCGCGAGGACGGUAUCAUCUAUUCCGGCCAGAUUGACGCUGCGACAUUCAUCUGGGCCUUAAAGCGUUCCGGGCCAUGUCGCGCACUCACGCAUUGGUGGCAGAUAUUGUUUUAUAUACGCGGGUGCAUAAGACGGUACCUGCCCGCCUAUGGCGAAGACAUUAAGUGCGCUCCGAUGCAUCGUCUGAAAUCAGGCUGCAGUAUGAUGACCCGUGGCGUCGCAGGUCGAUUCCGUUGUG
7	0.7284165620803833	0.7279999852180481	4	12	6	6	6	6	780	400	CCAGACUCUUGUCUCACUCUCAUAGUAUACUCCCAUUAGGUAAUGCUCAUGGUGUGCCCGACAAUGAGGGCAACAAGUCGGGAAAGAACUUUAUCCGCUGGCCGCACAACUCCUCAUAAUCUAUCCAAGAAUAGGCCCGCGACAAACGUUUAUCGGACAAUCCGCGAGGACGGUAUCAUCUAUUCCGGCCAGAUUGACGCUGCGACAUUCAUCUGGGCCUUAAAGCGUUCCGGGCCAUGUCGCGCACUCACGCAUUGGUGGCAGAUAUUGUUUUAUAUACGCGGGUGCAUAAGACGGUACCUGCCCGCCUAUGGCGAAGACAUUAAGUGCGCUCCGAUGCAUCGUCUGAAAUCAGGCUGCAGUAUGAUGACCCGUGGCGUCGCAGGUCGAUUCCGUUGUG
7	0.735236406326294	0.7355372309684753	5	12	6	6	6	6	780	400	CCAGACUCUUGUCUCACUCUCAUAGUAUACUCCCAUUAGGUAAUGCUCAUGGUGUGCCCGACAAUGAGGGCAACAAGUCGGGAAAGAACUUUAUCCGCUGGCCGCACAACUCCUCAUAAUCUAUCCAAGAAUAGGCCCGCGACAAACGUUUAUCGGACAAUCCGCGAGGACGGUAUCAUCUAUUCCGGCCAGAUUGACGCUGCGACAUUCAUCUGGGCCUUAAAGCGUUCCGGGCCAUGUCGCGCACUCACGCAUUGGUGGCAGAUAUUGUUUUAUAUACGCGGGUGCAUAAGACGGUACCUGCCCGCCUAUGGCGAAGACAUUAAGUGCGCUCCGAUGCAUCGUCUGAAAUCAGGCUGCAGUAUGAUGACCCGUGGCGUCGCAGGUCGAUUCCGUUGUG
7	0.7714828848838806	0.7710843682289124	6	12	6	6	6	6	780	400	CCAGACUCUUGUCUCACUCUCAUAGUAUACUCCCAUUAGGUAAUGCUCAUGGUGUGCCCGACAAUGAGGGCAACAAGUCGGGAAAGAACUUUAUCCGCUGGCCGCACAACUCCUCAUAAUCUAUCCAAGAAUAGGCCCGCGACAAACGUUUAUCGGACAAUCCGCGAGGACGGUAUCAUCUAUUCCGGCCAGAUUGACGCUGCGACAUUCAUCUGGGCCUUAAAGCGUUCCGGGCCAUGUCGCGCACUCACGCAUUGGUGGCAGAUAUUGUUUUAUAUACGCGGGUGCAUAAGACGGUACCUGCCCGCCUAUGGCGAAGACAUUAAGUGCGCUCCGAUGCAUCGUCUGAAAUCAGGCUGCAGUAUGAUGACCCGUGGCGUCGCAGGUCGAUUCCGUUGUG
7	0.7502235770225525	0.75	7	12	6	6	6	6	780	400	CCAGACUCUUGUCUCACUCUCAUAGUAUACUCCCAUUAGGUAAUGCUCAUGGUGUGCCCGACAAUGAGGGCAACAAGUCGGGAAAGAACUUUAUCCGCUGGCCGCACAACUCCUCAUAAUCUAUCCAAGAAUAGGCCCGCGACAAACGUUUAUCGGACAAUCCGCGAGGACGGUAUCAUCUAUUCCGGCCAGAUUGACGCUGCGACAUUCAUCUGGGCCUUAAAGCGUUCCGGGCCAUGUCGCGCACUCACGCAUUGGUGGCAGAUAUUGUUUUAUAUACGCGGGUGCAUAAGACGGUACCUGCCCGCCUAUGGCGAAGACAUUAAGUGCGCUCCGAUGCAUCGUCUGAAAUCAGGCUGCAGUAUGAUGACCCGUGGCGUCGCAGGUCGAUUCCGUUGUG
7	0.8114330768585205	0.811475396156311	8	12	6	6	6	6	780	400	CCAGACUCUUGUCUCACUCUCAUAGUAUACUCCCAUUAGGUAAUGCUCAUGGUGUGCCCGACAAUGAGGGCAACAAGUCGGGAAAGAACUUUAUCCGCUGGCCGCACAACUCCUCAUAAUCUAUCCAAGAAUAGGCCCGCGACAAACGUUUAUCGGACAAUCCGCGAGGACGGUAUCAUCUAUUCCGGCCAGAUUGACGCUGCGACAUUCAUCUGGGCCUUAAAGCGUUCCGGGCCAUGUCGCGCACUCACGCAUUGGUGGCAGAUAUUGUUUUAUAUACGCGGGUGCAUAAGACGGUACCUGCCCGCCUAUGGCGAAGACAUUAAGUGCGCUCCGAUGCAUCGUCUGAAAUCAGGCUGCAGUAUGAUGACCCGUGGCGUCGCAGGUCGAUUCCGUUGUG
7	0.8505370616912842	0.8502023816108704	9	12	6	6	6	6	780	400	CCAGACUCUUGUCUCACUCUCAUAGUAUACUCCCAUUAGGUAAUGCUCAUGGUGUGCCCGACAAUGAGGGCAACAAGUCGGGAAAGAACUUUAUCCGCUGGCCGCACAACUCCUCAUAAUCUAUCCAAGAAUAGGCCCGCGACAAACGUUUAUCGGACAAUCCGCGAGGACGGUAUCAUCUAUUCCGGCCAGAUUGACGCUGCGACAUUCAUCUGGGCCUUAAAGCGUUCCGGGCCAUGUCGCGCACUCACGCAUUGGUGGCAGAUAUUGUUUUAUAUACGCGGGUGCAUAAGACGGUACCUGCCCGCCUAUGGCGAAGACAUUAAGUGCGCUCCGAUGCAUCGUCUGAAAUCAGGCUGCAGUAUGAUGACCCGUGGCGUCGCAGGUCGAUUCCGUUGUG
7	0.7128919363021851	0.7131147384643555	10	12	6	6	6	6	780	400	CCAGACUCUUGUCUCACUCUCAUAGUAUACUCCCAUUAGGUAAUGCUCAUGGUGUGCCCGACAAUGAGGGCAACAAGUCGGGAAAGAACUUUAUCCGCUGGCCGCACAACUCCUCAUAAUCUAUCCAAGAAUAGGCCCGCGACAAACGUUUAUCGGACAAUCCGCGAGGACGGUAUCAUCUAUUCCGGCCAGAUUGACGCUGCGACAUUCAUCUGGGCCUUAAAGCGUUCCGGGCCAUGUCGCGCACUCACGCAUUGGUGGCAGAUAUUGUUUUAUAUACGCGGGUGCAUAAGACGGUACCUGCCCGCCUAUGGCGAAGACAUUAAGUGCGCUCCGAUGCAUCGUCUGAAAUCAGGCUGCAGUAUGAUGACCCGUGGCGUCGCAGGUCGAUUCCGUUGUG
7	0.8014615774154663	0.8016528487205505	11	12	6	6	6	6	780	400	CCAGACUCUUGUCUCACUCUCAUAGUAUACUCCCAUUAGGUAAUGCUCAUGGUGUGCCCGACAAUGAGGGCAACAAGUCGGGAAAGAACUUUAUCCGCUGGCCGCACAACUCCUCAUAAUCUAUCCAAGAAUAGGCCCGCGACAAACGUUUAUCGGACAAUCCGCGAGGACGGUAUCAUCUAUUCCGGCCAGAUUGACGCUGCGACAUUCAUCUGGGCCUUAAAGCGUUCCGGGCCAUGUCGCGCACUCACGCAUUGGUGGCAGAUAUUGUUUUAUAUACGCGGGUGCAUAAGACGGUACCUGCCCGCCUAUGGCGAAGACAUUAAGUGCGCUCCGAUGCAUCGUCUGAAAUCAGGCUGCAGUAUGAUGACCCGUGGCGUCGCAGGUCGAUUCCGUUGUG
7	0.9090774655342102	0.9090909361839294	12	12	6	6	6	6	780	400	CCAGACUCUUGUCUCACUCUCAUAGUAUACUCCCAUUAGGUAAUGCUCAUGGUGUGCCCGACAAUGAGGGCAACAAGUCGGGAAAGAACUUUAUCCGCUGGCCGCACAACUCCUCAUAAUCUAUCCAAGAAUAGGCCCGCGACAAACGUUUAUCGGACAAUCCGCGAGGACGGUAUCAUCUAUUCCGGCCAGAUUGACGCUGCGACAUUCAUCUGGGCCUUAAAGCGUUCCGGGCCAUGUCGCGCACUCACGCAUUGGUGGCAGAUAUUGUUUUAUAUACGCGGGUGCAUAAGACGGUACCUGCCCGCCUAUGGCGAAGACAUUAAGUGCGCUCCGAUGCAUCGUCUGAAAUCAGGCUGCAGUAUGAUGACCCGUGGCGUCGCAGGUCGAUUCCGUUGUG
7	0.8345742225646973	0.8347107172012329	13	12	6	6	6	6	780	400	CCAGACUCUUGUCUCACUCUCAUAGUAUACUCCCAUUAGGUAAUGCUCAUGGUGUGCCCGACAAUGAGGGCAACAAGUCGGGAAAGAACUUUAUCCGCUGGCCGCACAACUCCUCAUAAUCUAUCCAAGAAUAGGCCCGCGACAAACGUUUAUCGGACAAUCCGCGAGGACGGUAUCAUCUAUUCCGGCCAGAUUGACGCUGCGACAUUCAUCUGGGCCUUAAAGCGUUCCGGGCCAUGUCGCGCACUCACGCAUUGGUGGCAGAUAUUGUUUUAUAUACGCGGGUGCAUAAGACGGUACCUGCCCGCCUAUGGCGAAGACAUUAAGUGCGCUCCGAUGCAUCGUCUGAAAUCAGGCUGCAGUAUGAUGACCCGUGGCGUCGCAGGUCGAUUCCGUUGUG
7	0.9543619751930237	0.954356849193573	14	12	6	6	6	6	780	400	CCAGACUCUUGUCUCACUCUCAUAGUAUACUCCCAUUAGGUAAUGCUCAUGGUGUGCCCGACAAUGAGGGCAACAAGUCGGGAAAGAACUUUAUCCGCUGGCCGCACAACUCCUCAUAAUCUAUCCAAGAAUAGGCCCGCGACAAACGUUUAUCGGACAAUCCGCGAGGACGGUAUCAUCUAUUCCGGCCAGAUUGACGCUGCGACAUUCAUCUGGGCCUUAAAGCGUUCCGGGCCAUGUCGCGCACUCACGCAUUGGUGGCAGAUAUUGUUUUAUAUACGCGGGUGCAUAAGACGGUACCUGCCCGCCUAUGGCGAAGACAUUAAGUGCGCUCCGAUGCAUCGUCUGAAAUCAGGCUGCAGUAUGAUGACCCGUGGCGUCGCAGGUCGAUUCCGUUGUG
7	0.903812825679779	0.903225839138031	15	12	6	6	6	6	780	400	CCAGACUCUUGUCUCACUCUCAUAGUAUACUCCCAUUAGGUAAUGCUCAUGGUGUGCCCGACAAUGAGGGCAACAAGUCGGGAAAGAACUUUAUCCGCUGGCCGCACAACUCCUCAUAAUCUAUCCAAGAAUAGGCCCGCGACAAACGUUUAUCGGACAAUCCGCGAGGACGGUAUCAUCUAUUCCGGCCAGAUUGACGCUGCGACAUUCAUCUGGGCCUUAAAGCGUUCCGGGCCAUGUCGCGCACUCACGCAUUGGUGGCAGAUAUUGUUUUAUAUACGCGGGUGCAUAAGACGGUACCUGCCCGCCUAUGGCGAAGACAUUAAGUGCGCUCCGAUGCAUCGUCUGAAAUCAGGCUGCAGUAUGAUGACCCGUGGCGUCGCAGGUCGAUUCCGUUGUG
7	0.9631110429763794	0.9629629850387573	15	12	6	6	6	6	780	400	CCAGACUCUUGUCUCACUCUCAUAGUAUACUCCCAUUAGGUAAUGCUCAUGGUGUGCCCGACAAUGAGGGCAACAAGUCGGGAAAGAACUUUAUCCGCUGGCCGCACAACUCCUCAUAAUCUAUCCAAGAAUAGGCCCGCGACAAACGUUUAUCGGACAAUCCGCGAGGACGGUAUCAUCUAUUCCGGCCAGAUUGACGCUGCGACAUUCAUCUGGGCCUUAAAGCGUUCCGGGCCAUGUCGCGCACUCACGCAUUGGUGGCAGAUAUUGUUUUAUAUACGCGGGUGCAUAAGACGGUACCUGCCCGCCUAUGGCGAAGACAUUAAGUGCGCUCCGAUGCAUCGUCUGAAAUCAGGCUGCAGUAUGAUGACCCGUGGCGUCGCAGGUCGAUUCCGUUGUG
7	0.9796004891395569	0.9794238209724426	15	12	6	6	6	6	780	400	CCAGACUCUUGUCUCACUCUCAUAGUAUACUCCCAUUAGGUAAUGCUCAUGGUGUGCCCGACAAUGAGGGCAACAAGUCGGGAAAGAACUUUAUCCGCUGGCCGCACAACUCCUCAUAAUCUAUCCAAGAAUAGGCCCGCGACAAACGUUUAUCGGACAAUCCGCGAGGACGGUAUCAUCUAUUCCGGCCAGAUUGACGCUGCGACAUUCAUCUGGGCCUUAAAGCGUUCCGGGCCAUGUCGCGCACUCACGCAUUGGUGGCAGAUAUUGUUUUAUAUACGCGGGUGCAUAAGACGGUACCUGCCCGCCUAUGGCGAAGACAUUAAGUGCGCUCCGAUGCAUCGUCUGAAAUCAGGCUGCAGUAUGAUGACCCGUGGCGUCGCAGGUCGAUUCCGUUGUG
7	0.9145285487174988	0.9142857193946838	16	12	6	6	6	6	780	400	CCAGACUCUUGUCUCACUCUCAUAGUAUACUCCCAUUAGGUAAUGCUCAUGGUGUGCCCGACAAUGAGGGCAACAAGUCGGGAAAGAACUUUAUCCGCUGGCCGCACAACUCCUCAUAAUCUAUCCAAGAAUAGGCCCGCGACAAACGUUUAUCGGACAAUCCGCGAGGACGGUAUCAUCUAUUCCGGCCAGAUUGACGCUGCGACAUUCAUCUGGGCCUUAAAGCGUUCCGGGCCAUGUCGCGCACUCACGCAUUGGUGGCAGAUAUUGUUUUAUAUACGCGGGUGCAUAAGACGGUACCUGCCCGCCUAUGGCGAAGACAUUAAGUGCGCUCCGAUGCAUCGUCUGAAAUCAGGCUGCAGUAUGAUGACCCGUGGCGUCGCAGGUCGAUUCCGUUGUG
7	0.8922709226608276	0.891566276550293	15	12	6	6	6	6	780	400	CCAGACUCUUGUCUCACUCUCAUAGUAUACUCCCAUUAGGUAAUGCUCAUGGUGUGCCCGACAAUGAGGGCAACAAGUCGGGAAAGAACUUUAUCCGCUGGCCGCACAACUCCUCAUAAUCUAUCCAAGAAUAGGCCCGCGACAAACGUUUAUCGGACAAUCCGCGAGGACGGUAUCAUCUAUUCCGGCCAGAUUGACGCUGCGACAUUCAUCUGGGCCUUAAAGCGUUCCGGGCCAUGUCGCGCACUCACGCAUUGGUGGCAGAUAUUGUUUUAUAUACGCGGGUGCAUAAGACGGUACCUGCCCGCCUAUGGCGAAGACAUUAAGUGCGCUCCGAUGCAUCGUCUGAAAUCAGGCUGCAGUAUGAUGACCCGUGGCGUCGCAGGUCGAUUCCGUUGUG
7	0.9709858894348145	0.9709542989730835	15	12	6	6	6	6	780	400	CCAGACUCUUGUCUCACUCUCAUAGUAUACUCCCAUUAGGUAAUGCUCAUGGUGUGCCCGACAAUGAGGGCAACAAGUCGGGAAAGAACUUUAUCCGCUGGCCGCACAACUCCUCAUAAUCUAUCCAAGAAUAGGCCCGCGACAAACGUUUAUCGGACAAUCCGCGAGGACGGUAUCAUCUAUUCCGGCCAGAUUGACGCUGCGACAUUCAUCUGGGCCUUAAAGCGUUCCGGGCCAUGUCGCGCACUCACGCAUUGGUGGCAGAUAUUGUUUUAUAUACGCGGGUGCAUAAGACGGUACCUGCCCGCCUAUGGCGAAGACAUUAAGUGCGCUCCGAUGCAUCGUCUGAAAUCAGGCUGCAGUAUGAUGACCCGUGGCGUCGCAGGUCGAUUCCGUUGUG
7	0.8922709226608276	0.891566276550293	15	12	6	6	6	6	780	400	CCAGACUCUUGUCUCACUCUCAUAGUAUACUCCCAUUAGGUAAUGCUCAUGGUGUGCCCGACAAUGAGGGCAACAAGUCGGGAAAGAACUUUAUCCGCUGGCCGCACAACUCCUCAUAAUCUAUCCAAGAAUAGGCCCGCGACAAACGUUUAUCGGACAAUCCGCGAGGACGGUAUCAUCUAUUCCGGCCAGAUUGACGCUGCGACAUUCAUCUGGGCCUUAAAGCGUUCCGGGCCAUGUCGCGCACUCACGCAUUGGUGGCAGAUAUUGUUUUAUAUACGCGGGUGCAUAAGACGGUACCUGCCCGCCUAUGGCGAAGACAUUAAGUGCGCUCCGAUGCAUCGUCUGAAAUCAGGCUGCAGUAUGAUGACCCGUGGCGUCGCAGGUCGAUUCCGUUGUG
7	0.9631110429763794	0.9629629850387573	15	12	6	6	6	6	780	400	CCAGACUCUUGUCUCACUCUCAUAGUAUACUCCCAUUAGGUAAUGCUCAUGGUGUGCCCGACAAUGAGGGCAACAAGUCGGGAAAGAACUUUAUCCGCUGGCCGCACAACUCCUCAUAAUCUAUCCAAGAAUAGGCCCGCGACAAACGUUUAUCGGACAAUCCGCGAGGACGGUAUCAUCUAUUCCGGCCAGAUUGACGCUGCGACAUUCAUCUGGGCCUUAAAGCGUUCCGGGCCAUGUCGCGCACUCACGCAUUGGUGGCAGAUAUUGUUUUAUAUACGCGGGUGCAUAAGACGGUACCUGCCCGCCUAUGGCGAAGACAUUAAGUGCGCUCCGAUGCAUCGUCUGAAAUCAGGCUGCAGUAUGAUGACCCGUGGCGUCGCAGGUCGAUUCCGUUGUG
7	0.8278566002845764	0.8278688788414001	15	12	6	6	6	6	780	400	CCAGACUCUUGUCUCACUCUCAUAGUAUACUCCCAUUAGGUAAUGCUCAUGGUGUGCCCGACAAUGAGGGCAACAAGUCGGGAAAGAACUUUAUCCGCUGGCCGCACAACUCCUCAUAAUCUAUCCAAGAAUAGGCCCGCGACAAACGUUUAUCGGACAAUCCGCGAGGACGGUAUCAUCUAUUCCGGCCAGAUUGACGCUGCGACAUUCAUCUGGGCCUUAAAGCGUUCCGGGCCAUGUCGCGCACUCACGCAUUGGUGGCAGAUAUUGUUUUAUAUACGCGGGUGCAUAAGACGGUACCUGCCCGCCUAUGGCGAAGACAUUAAGUGCGCUCCGAUGCAUCGUCUGAAAUCAGGCUGCAGUAUGAUGACCCGUGGCGUCGCAGGUCGAUUCCGUUGUG
7	0.9631110429763794	0.9629629850387573	16	12	6	6	6	6	780	400	CCAGACUCUUGUCUCACUCUCAUAGUAUACUCCCAUUAGGUAAUGCUCAUGGUGUGCCCGACAAUGAGGGCAACAAGUCGGGAAAGAACUUUAUCCGCUGGCCGCACAACUCCUCAUAAUCUAUCCAAGAAUAGGCCCGCGACAAACGUUUAUCGGACAAUCCGCGAGGACGGUAUCAUCUAUUCCGGCCAGAUUGACGCUGCGACAUUCAUCUGGGCCUUAAAGCGUUCCGGGCCAUGUCGCGCACUCACGCAUUGGUGGCAGAUAUUGUUUUAUAUACGCGGGUGCAUAAGACGGUACCUGCCCGCCUAUGGCGAAGACAUUAAGUGCGCUCCGAUGCAUCGUCUGAAAUCAGGCUGCAGUAUGAUGACCCGUGGCGUCGCAGGUCGAUUCCGUUGUG
7	0.9145285487174988	0.9142857193946838	14	12	6	6	6	6	780	400	CCAGACUCUUGUCUCACUCUCAUAGUAUACUCCCAUUAGGUAAUGCUCAUGGUGUGCCCGACAAUGAGGGCAACAAGUCGGGAAAGAACUUUAUCCGCUGGCCGCACAACUCCUCAUAAUCUAUCCAAGAAUAGGCCCGCGACAAACGUUUAUCGGACAAUCCGCGAGGACGGUAUCAUCUAUUCCGGCCAGAUUGACGCUGCGACAUUCAUCUGGGCCUUAAAGCGUUCCGGGCCAUGUCGCGCACUCACGCAUUGGUGGCAGAUAUUGUUUUAUAUACGCGGGUGCAUAAGACGGUACCUGCCCGCCUAUGGCGAAGACAUUAAGUGCGCUCCGAUGCAUCGUCUGAAAUCAGGCUGCAGUAUGAUGACCCGUGGCGUCGCAGGUCGAUUCCGUUGUG
7	0.9466215372085571	0.9465020298957825	14	12	6	6	6	6	780	400	CCAGACUCUUGUCUCACUCUCAUAGUAUACUCCCAUUAGGUAAUGCUCAUGGUGUGCCCGACAAUGAGGGCAACAAGUCGGGAAAGAACUUUAUCCGCUGGCCGCACAACUCCUCAUAAUCUAUCCAAGAAUAGGCCCGCGACAAACGUUUAUCGGACAAUCCGCGAGGACGGUAUCAUCUAUUCCGGCCAGAUUGACGCUGCGACAUUCAUCUGGGCCUUAAAGCGUUCCGGGCCAUGUCGCGCACUCACGCAUUGGUGGCAGAUAUUGUUUUAUAUACGCGGGUGCAUAAGACGGUACCUGCCCGCCUAUGGCGAAGACAUUAAGUGCGCUCCGAUGCAUCGUCUGAAAUCAGGCUGCAGUAUGAUGACCCGUGGCGUCGCAGGUCGAUUCCGUUGUG
7	0.9796004891395569	0.9794238209724426	15	12	6	6	6	6	780	400	CCAGACUCUUGUCUCACUCUCAUAGUAUACUCCCAUUAGGUAAUGCUCAUGGUGUGCCCGACAAUGAGGGCAACAAGUCGGGAAAGAACUUUAUCCGCUGGCCGCACAACUCCUCAUAAUCUAUCCAAGAAUAGGCCCGCGACAAACGUUUAUCGGACAAUCCGCGAGGACGGUAUCAUCUAUUCCGGCCAGAUUGACGCUGCGACAUUCAUCUGGGCCUUAAAGCGUUCCGGGCCAUGUCGCGCACUCACGCAUUGGUGGCAGAUAUUGUUUUAUAUACGCGGGUGCAUAAGACGGUACCUGCCCGCCUAUGGCGAAGACAUUAAGUGCGCUCCGAUGCAUCGUCUGAAAUCAGGCUGCAGUAUGAUGACCCGUGGCGUCGCAGGUCGAUUCCGUUGUG
7	0.9308868646621704	0.930612325668335	14	12	6	6	6	6	780	400	CCAGACUCUUGUCUCACUCUCAUAGUAUACUCCCAUUAGGUAAUGCUCAUGGUGUGCCCGACAAUGAGGGCAACAAGUCGGGAAAGAACUUUAUCCGCUGGCCGCACAACUCCUCAUAAUCUAUCCAAGAAUAGGCCCGCGACAAACGUUUAUCGGACAAUCCGCGAGGACGGUAUCAUCUAUUCCGGCCAGAUUGACGCUGCGACAUUCAUCUGGGCCUUAAAGCGUUCCGGGCCAUGUCGCGCACUCACGCAUUGGUGGCAGAUAUUGUUUUAUAUACGCGGGUGCAUAAGACGGUACCUGCCCGCCUAUGGCGAAGACAUUAAGUGCGCUCCGAUGCAUCGUCUGAAAUCAGGCUGCAGUAUGAUGACCCGUGGCGUCGCAGGUCGAUUCCGUUGUG
7	0.8922709226608276	0.891566276550293	15	12	6	6	6	6	780	400	CCAGACUCUUGUCUCACUCUCAUAGUAUACUCCCAUUAGGUAAUGCUCAUGGUGUGCCCGACAAUGAGGGCAACAAGUCGGGAAAGAACUUUAUCCGCUGGCCGCACAACUCCUCAUAAUCUAUCCAAGAAUAGGCCCGCGACAAACGUUUAUCGGACAAUCCGCGAGGACGGUAUCAUCUAUUCCGGCCAGAUUGACGCUGCGACAUUCAUCUGGGCCUUAAAGCGUUCCGGGCCAUGUCGCGCACUCACGCAUUGGUGGCAGAUAUUGUUUUAUAUACGCGGGUGCAUAAGACGGUACCUGCCCGCCUAUGGCGAAGACAUUAAGUGCGCUCCGAUGCAUCGUCUGAAAUCAGGCUGCAGUAUGAUGACCCGUGGCGUCGCAGGUCGAUUCCGUUGUG
8	0.4993928372859955	0.5	1	12	6	6	6	6	780	400	GACUACCCCGCAGCCUGCCGUCAACCGAUCCAAUCGCAGAUUAGAUGCGGUGCGGAAGAAGCGAGCUACGCAAUCUCUUUCCUCAAAUGCAGUCGAGGUGGGUACAUGGCUCCCUCGCGGGGGGUAAAUACAGUCAACGGUAAAGGCGUCCAAACACAGCUAACUGUGCCGUUCAGCUGCCGUCGUCAAACCAGUCCCCUCAGCGCGUGUCUGCGUAAUAUACAGUGAGAAAUGACGUUGGCACUUGUUGGGCGACAGCGAUCUACCUCUGUGGUAAAGCUCCCUCCCUCUAGUGUAGCGGUGGCACAGUGAGCACCCAAGUACGUGCUUUUUAACAGAAGAUCAGACCAGUGCCAAGGUAACGGCGUAGAACUGACAUACGGAGGACAAAUAACCCCUC
8	0.49708718061447144	0.4977375268936157	2	12	6	6	6	6	780	400	GACUACCCCGCAGCCUGCCGUCAACCGAUCCAAUCGCAGAUUAGAUGCGGUGCGGAAGAAGCGAGCUACGCAAUCUCUUUCCUCAAAUGCAGUCGAGGUGGGUACAUGGCUCCCUCGCGGGGGGUAAAUACAGUCAACGGUAAAGGCGUCCAAACACAGCUAACUGUGCCGUUCAGCUGCCGUCGUCAAACCAGUCCCCUCAGCGCGUGUCUGCGUAAUAUACAGUGAGAAAUGACGUUGGCACUUGUUGGGCGACAGCGAUCUACCUCUGUGGUAAAGCUCCCUCCCUCUAGUGUAGCGGUGGCACAGUGAGCACCCAAGUACGUGCUUUUUAACAGAAGAUCAGACCAGUGCCAAGGUAACGGCGUAGAACUGACAUACGGAGGACAAAUAACCCCUC
8	0.2789589762687683	0.27966099977493286	3	12	6	6	6	6	780	400	GACUACCCCGCAGCCUGCCGUCAACCGAUCCAAUCGCAGAUUAGAUGCGGUGCGGAAGAAGCGAGCUACGCAAUCUCUUUCCUCAAAUGCAGUCGAGGUGGGUACAUGGCUCCCUCGCGGGGGGUAAAUACAGUCAACGGUAAAGGCGUCCAAACACAGCUAACUGUGCCGUUCAGCUGCCGUCGUCAAACCAGUCCCCUCAGCGCGUGUCUGCGUAAUAUACAGUGAGAAAUGACGUUGGCACUUGUUGGGCGACAGCGAUCUACCUCUGUGGUAAAGCUCCCUCCCUCUAGUGUAGCGGUGGCACAGUGAGCACCCAAGUACGUGCUUUUUAACAGAAGAUCAGACCAGUGCCAAGGUAACGGCGUAGAACUGACAUACGGAGGACAAAUAACCCCUC
8	0.8986127972602844	0.8986783623695374	4	12	6	6	6	6	780	400	GACUACCCCGCAGCCUGCCGUCAACCGAUCCAAUCGCAGAUUAGAUGCGGUGCGGAAGAAGCGAGCUACGCAAUCUCUUUCCUCAAAUGCAGUCGAGGUGGGUACAUGGCUCCCUCGCGGGGGGUAAAUACAGUCAACGGUAAAGGCGUCCAAACACAGCUAACUGUGCCGUUCAGCUGCCGUCGUCAAACCAGUCCCCUCAGCGCGUGUCUGCGUAAUAUACAGUGAGAAAUGACGUUGGCACUUGUUGGGCGACAGCGAUCUACCUCUGUGGUAAAGCUCCCUCCCUCUAGUGUAGCGGUGGCACAGUGAGCACCCAAGUACGUGCUUUUUAACAGAAGAUCAGACCAGUGCCAAGGUAACGGCGUAGAACUGACAUACGGAGGACAAAUAACCCCUC
8	0.8296480774879456	0.8296943306922913	5	12	6	6	6	6	780	400	GACUACCCCGCAGCCUGCCGUCAACCGAUCCAAUCGCAGAUUAGAUGCGGUGCGGAAGAAGCGAGCUACGCAAUCUCUUUCCUCAAAUGCAGUCGAGGUGGGUACAUGGCUCCCUCGCGGGGGGUAAAUACAGUCAACGGUAAAGGCGUCCAAACACAGCUAACUGUGCCGUUCAGCUGCCGUCGUCAAACCAGUCCCCUCAGCGCGUGUCUGCGUAAUAUACAGUGAGAAAUGACGUUGGCACUUGUUGGGCGACAGCGAUCUACCUCUGUGGUAAAGCUCCCUCCCUCUAGUGUAGCGGUGGCACAGUGAGCACCCAAGUACGUGCUUUUUAACAGAAGAUCAGACCAGUGCCAAGGUAACGGCGUAGAACUGACAUACGGAGGACAAAUAACCCCUC
8	0.847144603729248	0.8471615314483643	6	12	6	6	6	6	780	400	GACUACCCCGCAGCCUGCCGUCAACCGAUCCAAUCGCAGAUUAGAUGCGGUGCGGAAGAAGCGAGCUACGCAAUCUCUUUCCUCAAAUGCAGUCGAGGUGGGUACAUGGCUCCCUCGCGGGGGGUAAAUACAGUCAACGGUAAAGGCGUCCAAACACAGCUAACUGUGCCGUUCAGCUGCCGUCGUCAAACCAGUCCCCUCAGCGCGUGUCUGCGUAAUAUACAGUGAGAAAUGACGUUGGCACUUGUUGGGCGACAGCGAUCUACCUCUGUGGUAAAGCUCCCUCCCUCUAGUGUAGCGGUGGCACAGUGAGCACCCAAGUACGUGCUUUUUAACAGAAGAUCAGACCAGUGCCAAGGUAACGGCGUAGAACUGACAUACGGAGGACAAAUAACCCCUC
8	0.9393632411956787	0.939130425453186	7	12	6	6	6	6	780	400	GACUACCCCGCAGCCUGCCGUCAACCGAUCCAAUCGCAGAUUAGAUGCGGUGCGGAAGAAGCGAGCUACGCAAUCUCUUUCCUCAAAUGCAGUCGAGGUGGGUACAUGGCUCCCUCGCGGGGGGUAAAUACAGUCAACGGUAAAGGCGUCCAAACACAGCUAACUGUGCCGUUCAGCUGCCGUCGUCAAACCAGUCCCCUCAGCGCGUGUCUGCGUAAUAUACAGUGAGAAAUGACGUUGGCACUUGUUGGGCGACAGCGAUCUACCUCUGUGGUAAAGCUCCCUCCCUCUAGUGUAGCGGUGGCACAGUGAGCACCCAAGUACGUGCUUUUUAACAGAAGAUCAGACCAGUGCCAAGGUAACGGCGUAGAACUGACAUACGGAGGACAAAUAACCCCUC
8	0.9427322745323181	0.9427312612533569	8	12	6	6	6	6	780	400	GACUACCCCGCAGCCUGCCGUCAACCGAUCCAAUCGCAGAUUAGAUGCGGUGCGGAAGAAGCGAGCUACGCAAUCUCUUUCCUCAAAUGCAGUCGAGGUGGGUACAUGGCUCCCUCGCGGGGGGUAAAUACAGUCAACGGUAAAGGCGUCCAAACACAGCUAACUGUGCCGUUCAGCUGCCGUCGUCAAACCAGUCCCCUCAGCGCGUGUCUGCGUAAUAUACAGUGAGAAAUGACGUUGGCACUUGUUGGGCGACAGCGAUCUACCUCUGUGGUAAAGCUCCCUCCCUCUAGUGUAGCGGUGGCACAGUGAGCACCCAAGUACGUGCUUUUUAACAGAAGAUCAGACCAGUGCCAAGGUAACGGCGUAGAACUGACAUACGGAGGACAAAUAACCCCUC
8	0.8208998441696167	0.8209607005119324	9	12	6	6	6	6	780	400	GACUACCCCGCAGCCUGCCGUCAACCGAUCCAAUCGCAGAUUAGAUGCGGUGCGGAAGAAGCGAGCUACGCAAUCUCUUUCCUCAAAUGCAGUCGAGGUGGGUACAUGGCUCCCUCGCGGGGGGUAAAUACAGUCAACGGUAAAGGCGUCCAAACACAGCUAACUGUGCCGUUCAGCUGCCGUCGUCAAACCAGUCCCCUCAGCGCGUGUCUGCGUAAUAUACAGUGAGAAAUGACGUUGGCACUUGUUGGGCGACAGCGAUCUACCUCUGUGGUAAAGCUCCCUCCCUCUAGUGUAGCGGUGGCACAGUGAGCACCCAAGUACGUGCUUUUUAACAGAAGAUCAGACCAGUGCCAAGGUAACGGCGUAGAACUGACAUACGGAGGACAAAUAACCCCUC
8	0.847144603729248	0.8471615314483643	10	12	6	6	6	6	780	400	GACUACCCCGCAGCCUGCCGUCAACCGAUCCAAUCGCAGAUUAGAUGCGGUGCGGAAGAAGCGAGCUACGCAAUCUCUUUCCUCAAAUGCAGUCGAGGUGGGUACAUGGCUCCCUCGCGGGGGGUAAAUACAGUCAACGGUAAAGGCGUCCAAACACAGCUAACUGUGCCGUUCAGCUGCCGUCGUCAAACCAGUCCCCUCAGCGCGUGUCUGCGUAAUAUACAGUGAGAAAUGACGUUGGCACUUGUUGGGCGACAGCGAUCUACCUCUGUGGUAAAGCUCCCUCCCUCUAGUGUAGCGGUGGCACAGUGAGCACCCAAGUACGUGCUUUUUAACAGAAGAUCAGACCAGUGCCAAGGUAACGGCGUAGAACUGACAUACGGAGGACAAAUAACCCCUC
8	0.8399817943572998	0.8398268222808838	11	12	6	6	6	6	780	400	GACUACCCCGCAGCCUGCCGUCAACCGAUCCAAUCGCAGAUUAGAUGCGGUGCGGAAGAAGCGAGCUACGCAAUCUCUUUCCUCAAAUGCAGUCGAGGUGGGUACAUGGCUCCCUCGCGGGGGGUAAAUACAGUCAACGGUAAAGGCGUCCAAACACAGCUAACUGUGCCGUUCAGCUGCCGUCGUCAAACCAGUCCCCUCAGCGCGUGUCUGCGUAAUAUACAGUGAGAAAUGACGUUGGCACUUGUUGGGCGACAGCGAUCUACCUCUGUGGUAAAGCUCCCUCCCUCUAGUGUAGCGGUGGCACAGUGAGCACCCAAGUACGUGCUUUUUAACAGAAGAUCAGACCAGUGCCAAGGUAACGGCGUAGAACUGACAUACGGAGGACAAAUAACCCCUC
8	0.8996341824531555	0.8995633125305176	11	12	6	6	6	6	780	400	GACUACCCCGCAGCCUGCCGUCAACCGAUCCAAUCGCAGAUUAGAUGCGGUGCGGAAGAAGCGAGCUACGCAAUCUCUUUCCUCAAAUGCAGUCGAGGUGGGUACAUGGCUCCCUCGCGGGGGGUAAAUACAGUCAACGGUAAAGGCGUCCAAACACAGCUAACUGUGCCGUUCAGCUGCCGUCGUCAAACCAGUCCCCUCAGCGCGUGUCUGCGUAAUAUACAGUGAGAAAUGACGUUGGCACUUGUUGGGCGACAGCGAUCUACCUCUGUGGUAAAGCUCCCUCCCUCUAGUGUAGCGGUGGCACAGUGAGCACCCAAGUACGUGCUUUUUAACAGAAGAUCAGACCAGUGCCAAGGUAACGGCGUAGAACUGACAUACGGAGGACAAAUAACCCCUC
8	0.8882979154586792	0.8879310488700867	13	12	6	6	6	6	780	400	GACUACCCCGCAGCCUGCCGUCAACCGAUCCAAUCGCAGAUUAGAUGCGGUGCGGAAGAAGCGAGCUACGCAAUCUCUUUCCUCAAAUGCAGUCGAGGUGGGUACAUGGCUCCCUCGCGGGGGGUAAAUACAGUCAACGGUAAAGGCGUCCAAACACAGCUAACUGUGCCGUUCAGCUGCCGUCGUCAAACCAGUCCCCUCAGCGCGUGUCUGCGUAAUAUACAGUGAGAAAUGACGUUGGCACUUGUUGGGCGACAGCGAUCUACCUCUGUGGUAAAGCUCCCUCCCUCUAGUGUAGCGGUGGCACAGUGAGCACCCAAGUACGUGCUUUUUAACAGAAGAUCAGACCAGUGCCAAGGUAACGGCGUAGAACUGACAUACGGAGGACAAAUAACCCCUC
8	0.8920290470123291	0.8917748332023621	12	12	6	6	6	6	780	400	GACUACCCCGCAGCCUGCCGUCAACCGAUCCAAUCGCAGAUUAGAUGCGGUGCGGAAGAAGCGAGCUACGCAAUCUCUUUCCUCAAAUGCAGUCGAGGUGGGUACAUGGCUCCCUCGCGGGGGGUAAAUACAGUCAACGGUAAAGGCGUCCAAACACAGCUAACUGUGCCGUUCAGCUGCCGUCGUCAAACCAGUCCCCUCAGCGCGUGUCUGCGUAAUAUACAGUGAGAAAUGACGUUGGCACUUGUUGGGCGACAGCGAUCUACCUCUGUGGUAAAGCUCCCUCCCUCUAGUGUAGCGGUGGCACAGUGAGCACCCAAGUACGUGCUUUUUAACAGAAGAUCAGACCAGUGCCAAGGUAACGGCGUAGAACUGACAUACGGAGGACAAAUAACCCCUC
8	0.8176509141921997	0.8170212507247925	14	12	6	6	6	6	780	400	GACUACCCCGCAGCCUGCCGUCAACCGAUCCAAUCGCAGAUUAGAUGCGGUGCGGAAGAAGCGAGCUACGCAAUCUCUUUCCUCAAAUGCAGUCGAGGUGGGUACAUGGCUCCCUCGCGGGGGGUAAAUACAGUCAACGGUAAAGGCGUCCAAACACAGCUAACUGUGCCGUUCAGCUGCCGUCGUCAAACCAGUCCCCUCAGCGCGUGUCUGCGUAAUAUACAGUGAGAAAUGACGUUGGCACUUGUUGGGCGACAGCGAUCUACCUCUGUGGUAAAGCUCCCUCCCUCUAGUGUAGCGGUGGCACAGUGAGCACCCAAGUACGUGCUUUUUAACAGAAGAUCAGACCAGUGCCAAGGUAACGGCGUAGAACUGACAUACGGAGGACAAAUAACCCCUC
8	0.8143404722213745	0.8135592937469482	16	12	6	6	6	6	780	400	GACUACCCCGCAGCCUGCCGUCAACCGAUCCAAUCGCAGAUUAGAUGCGGUGCGGAAGAAGCGAGCUACGCAAUCUCUUUCCUCAAAUGCAGUCGAGGUGGGUACAUGGCUCCCUCGCGGGGGGUAAAUACAGUCAACGGUAAAGGCGUCCAAACACAGCUAACUGUGCCGUUCAGCUGCCGUCGUCAAACCAGUCCCCUCAGCGCGUGUCUGCGUAAUAUACAGUGAGAAAUGACGUUGGCACUUGUUGGGCGACAGCGAUCUACCUCUGUGGUAAAGCUCCCUCCCUCUAGUGUAGCGGUGGCACAGUGAGCACCCAAGUACGUGCUUUUUAACAGAAGAUCAGACCAGUGCCAAGGUAACGGCGUAGAACUGACAUACGGAGGACAAAUAACCCCUC
8	0.8920290470123291	0.8917748332023621	13	12	6	6	6	6	780	400	GACUACCCCGCAGCCUGCCGUCAACCGAUCCAAUCGCAGAUUAGAUGCGGUGCGGAAGAAGCGAGCUACGCAAUCUCUUUCCUCAAAUGCAGUCGAGGUGGGUACAUGGCUCCCUCGCGGGGGGUAAAUACAGUCAACGGUAAAGGCGUCCAAACACAGCUAACUGUGCCGUUCAGCUGCCGUCGUCAAACCAGUCCCCUCAGCGCGUGUCUGCGUAAUAUACAGUGAGAAAUGACGUUGGCACUUGUUGGGCGACAGCGAUCUACCUCUGUGGUAAAGCUCCCUCCCUCUAGUGUAGCGGUGGCACAGUGAGCACCCAAGUACGUGCUUUUUAACAGAAGAUCAGACCAGUGCCAAGGUAACGGCGUAGAACUGACAUACGGAGGACAAAUAACCCCUC
8	0.8920290470123291	0.8917748332023621	12	12	6	6	6	6	780	400	GACUACCCCGCAGCCUGCCGUCAACCGAUCCAAUCGCAGAUUAGAUGCGGUGCGGAAGAAGCGAGCUACGCAAUCUCUUUCCUCAAAUGCAGUCGAGGUGGGUACAUGGCUCCCUCGCGGGGGGUAAAUACAGUCAACGGUAAAGGCGUCCAAACACAGCUAACUGUGCCGUUCAGCUGCCGUCGUCAAACCAGUCCCCUCAGCGCGUGUCUGCGUAAUAUACAGUGAGAAAUGACGUUGGCACUUGUUGGGCGACAGCGAUCUACCUCUGUGGUAAAGCUCCCUCCCUCUAGUGUAGCGGUGGCACAGUGAGCACCCAAGUACGUGCUUUUUAACAGAAGAUCAGACCAGUGCCAAGGUAACGGCGUAGAACUGACAUACGGAGGACAAAUAACCCCUC
8	0.8228386044502258	0.8220338821411133	13	12	6	6	6	6	780	400	GACUACCCCGCAGCCUGCCGUCAACCGAUCCAAUCGCAGAUUAGAUGCGGUGCGGAAGAAGCGAGCUACGCAAUCUCUUUCCUCAAAUGCAGUCGAGGUGGGUACAUGGCUCCCUCGCGGGGGGUAAAUACAGUCAACGGUAAAGGCGUCCAAACACAGCUAACUGUGCCGUUCAGCUGCCGUCGUCAAACCAGUCCCCUCAGCGCGUGUCUGCGUAAUAUACAGUGAGAAAUGACGUUGGCACUUGUUGGGCGACAGCGAUCUACCUCUGUGGUAAAGCUCCCUCCCUCUAGUGUAGCGGUGGCACAGUGAGCACCCAAGUACGUGCUUUUUAACAGAAGAUCAGACCAGUGCCAAGGUAACGGCGUAGAACUGACAUACGGAGGACAAAUAACCCCUC
8	0.8760104179382324	0.8755364418029785	13	12	6	6	6	6	780	400	GACUACCCCGCAGCCUGCCGUCAACCGAUCCAAUCGCAGAUUAGAUGCGGUGCGGAAGAAGCGAGCUACGCAAUCUCUUUCCUCAAAUGCAGUCGAGGUGGGUACAUGGCUCCCUCGCGGGGGGUAAAUACAGUCAACGGUAAAGGCGUCCAAACACAGCUAACUGUGCCGUUCAGCUGCCGUCGUCAAACCAGUCCCCUCAGCGCGUGUCUGCGUAAUAUACAGUGAGAAAUGACGUUGGCACUUGUUGGGCGACAGCGAUCUACCUCUGUGGUAAAGCUCCCUCCCUCUAGUGUAGCGGUGGCACAGUGAGCACCCAAGUACGUGCUUUUUAACAGAAGAUCAGACCAGUGCCAAGGUAACGGCGUAGAACUGACAUACGGAGGACAAAUAACCCCUC
8	0.8162685632705688	0.8151260614395142	14	12	6	6	6	6	780	400	GACUACCCCGCAGCCUGCCGUCAACCGAUCCAAUCGCAGAUUAGAUGCGGUGCGGAAGAAGCGAGCUACGCAAUCUCUUUCCUCAAAUGCAGUCGAGGUGGGUACAUGGCUCCCUCGCGGGGGGUAAAUACAGUCAACGGUAAAGGCGUCCAAACACAGCUAACUGUGCCGUUCAGCUGCCGUCGUCAAACCAGUCCCCUCAGCGCGUGUCUGCGUAAUAUACAGUGAGAAAUGACGUUGGCACUUGUUGGGCGACAGCGAUCUACCUCUGUGGUAAAGCUCCCUCCCUCUAGUGUAGCGGUGGCACAGUGAGCACCCAAGUACGUGCUUUUUAACAGAAGAUCAGACCAGUGCCAAGGUAACGGCGUAGAACUGACAUACGGAGGACAAAUAACCCCUC
8	0.8261834979057312	0.8255319595336914	14	12	6	6	6	6	780	400	GACUACCCCGCAGCCUGCCGUCAACCGAUCCAAUCGCAGAUUAGAUGCGGUGCGGAAGAAGCGAGCUACGCAAUCUCUUUCCUCAAAUGCAGUCGAGGUGGGUACAUGGCUCCCUCGCGGGGGGUAAAUACAGUCAACGGUAAAGGCGUCCAAACACAGCUAACUGUGCCGUUCAGCUGCCGUCGUCAAACCAGUCCCCUCAGCGCGUGUCUGCGUAAUAUACAGUGAGAAAUGACGUUGGCACUUGUUGGGCGACAGCGAUCUACCUCUGUGGUAAAGCUCCCUCCCUCUAGUGUAGCGGUGGCACAGUGAGCACCCAAGUACGUGCUUUUUAACAGAAGAUCAGACCAGUGCCAAGGUAACGGCGUAGAACUGACAUACGGAGGACAAAUAACCCCUC
8	0.8228386044502258	0.8220338821411133	15	12	6	6	6	6	780	400	GACUACCCCGCAGCCUGCCGUCAACCGAUCCAAUCGCAGAUUAGAUGCGGUGCGGAAGAAGCGAGCUACGCAAUCUCUUUCCUCAAAUGCAGUCGAGGUGGGUACAUGGCUCCCUCGCGGGGGGUAAAUACAGUCAACGGUAAAGGCGUCCAAACACAGCUAACUGUGCCGUUCAGCUGCCGUCGUCAAACCAGUCCCCUCAGCGCGUGUCUGCGUAAUAUACAGUGAGAAAUGACGUUGGCACUUGUUGGGCGACAGCGAUCUACCUCUGUGGUAAAGCUCCCUCCCUCUAGUGUAGCGGUGGCACAGUGAGCACCCAAGUACGUGCUUUUUAACAGAAGAUCAGACCAGUGCCAAGGUAACGGCGUAGAACUGACAUACGGAGGACAAAUAACCCCUC
8	0.880973756313324	0.8803418874740601	13	12	6	6	6	6	780	400	GACUACCCCGCAGCCUGCCGUCAACCGAUCCAAUCGCAGAUUAGAUGCGGUGCGGAAGAAGCGAGCUACGCAAUCUCUUUCCUCAAAUGCAGUCGAGGUGGGUACAUGGCUCCCUCGCGGGGGGUAAAUACAGUCAACGGUAAAGGCGUCCAAACACAGCUAACUGUGCCGUUCAGCUGCCGUCGUCAAACCAGUCCCCUCAGCGCGUGUCUGCGUAAUAUACAGUGAGAAAUGACGUUGGCACUUGUUGGGCGACAGCGAUCUACCUCUGUGGUAAAGCUCCCUCCCUCUAGUGUAGCGGUGGCACAGUGAGCACCCAAGUACGUGCUUUUUAACAGAAGAUCAGACCAGUGCCAAGGUAACGGCGUAGAACUGACAUACGGAGGACAAAUAACCCCUC
8	0.8920290470123291	0.8917748332023621	12	12	6	6	6	6	780	400	GACUACCCCGCAGCCUGCCGUCAACCGAUCCAAUCGCAGAUUAGAUGCGGUGCGGAAGAAGCGAGCUACGCAAUCUCUUUCCUCAAAUGCAGUCGAGGUGGGUACAUGGCUCCCUCGCGGGGGGUAAAUACAGUCAACGGUAAAGGCGUCCAAACACAGCUAACUGUGCCGUUCAGCUGCCGUCGUCAAACCAGUCCCCUCAGCGCGUGUCUGCGUAAUAUACAGUGAGAAAUGACGUUGGCACUUGUUGGGCGACAGCGAUCUACCUCUGUGGUAAAGCUCCCUCCCUCUAGUGUAGCGGUGGCACAGUGAGCACCCAAGUACGUGCUUUUUAACAGAAGAUCAGACCAGUGCCAAGGUAACGGCGUAGAACUGACAUACGGAGGACAAAUAACCCCUC
8	0.8760104179382324	0.8755364418029785	12	12	6	6	6	6	780	400	GACUACCCCGCAGCCUGCCGUCAACCGAUCCAAUCGCAGAUUAGAUGCGGUGCGGAAGAAGCGAGCUACGCAAUCUCUUUCCUCAAAUGCAGUCGAGGUGGGUACAUGGCUCCCUCGCGGGGGGUAAAUACAGUCAACGGUAAAGGCGUCCAAACACAGCUAACUGUGCCGUUCAGCUGCCGUCGUCAAACCAGUCCCCUCAGCGCGUGUCUGCGUAAUAUACAGUGAGAAAUGACGUUGGCACUUGUUGGGCGACAGCGAUCUACCUCUGUGGUAAAGCUCCCUCCCUCUAGUGUAGCGGUGGCACAGUGAGCACCCAAGUACGUGCUUUUUAACAGAAGAUCAGACCAGUGCCAAGGUAACGGCGUAGAACUGACAUACGGAGGACAAAUAACCCCUC
8	0.8243945240974426	0.8240343332290649	13	12	6	6	6	6	780	400	GACUACCCCGCAGCCUGCCGUCAACCGAUCCAAUCGCAGAUUAGAUGCGGUGCGGAAGAAGCGAGCUACGCAAUCUCUUUCCUCAAAUGCAGUCGAGGUGGGUACAUGGCUCCCUCGCGGGGGGUAAAUACAGUCAACGGUAAAGGCGUCCAAACACAGCUAACUGUGCCGUUCAGCUGCCGUCGUCAAACCAGUCCCCUCAGCGCGUGUCUGCGUAAUAUACAGUGAGAAAUGACGUUGGCACUUGUUGGGCGACAGCGAUCUACCUCUGUGGUAAAGCUCCCUCCCUCUAGUGUAGCGGUGGCACAGUGAGCACCCAAGUACGUGCUUUUUAACAGAAGAUCAGACCAGUGCCAAGGUAACGGCGUAGAACUGACAUACGGAGGACAAAUAACCCCUC
8	0.8195338845252991	0.8185654282569885	14	12	6	6	6	6	780	400	GACUACCCCGCAGCCUGCCGUCAACCGAUCCAAUCGCAGAUUAGAUGCGGUGCGGAAGAAGCGAGCUACGCAAUCUCUUUCCUCAAAUGCAGUCGAGGUGGGUACAUGGCUCCCUCGCGGGGGGUAAAUACAGUCAACGGUAAAGGCGUCCAAACACAGCUAACUGUGCCGUUCAGCUGCCGUCGUCAAACCAGUCCCCUCAGCGCGUGUCUGCGUAAUAUACAGUGAGAAAUGACGUUGGCACUUGUUGGGCGACAGCGAUCUACCUCUGUGGUAAAGCUCCCUCCCUCUAGUGUAGCGGUGGCACAGUGAGCACCCAAGUACGUGCUUUUUAACAGAAGAUCAGACCAGUGCCAAGGUAACGGCGUAGAACUGACAUACGGAGGACAAAUAACCCCUC
8	0.8228386044502258	0.8220338821411133	15	12	6	6	6	6	780	400	GACUACCCCGCAGCCUGCCGUCAACCGAUCCAAUCGCAGAUUAGAUGCGGUGCGGAAGAAGCGAGCUACGCAAUCUCUUUCCUCAAAUGCAGUCGAGGUGGGUACAUGGCUCCCUCGCGGGGGGUAAAUACAGUCAACGGUAAAGGCGUCCAAACACAGCUAACUGUGCCGUUCAGCUGCCGUCGUCAAACCAGUCCCCUCAGCGCGUGUCUGCGUAAUAUACAGUGAGAAAUGACGUUGGCACUUGUUGGGCGACAGCGAUCUACCUCUGUGGUAAAGCUCCCUCCCUCUAGUGUAGCGGUGGCACAGUGAGCACCCAAGUACGUGCUUUUUAACAGAAGAUCAGACCAGUGCCAAGGUAACGGCGUAGAACUGACAUACGGAGGACAAAUAACCCCUC
9	0.3815248906612396	0.38247013092041016	1	12	6	6	6	6	780	400	GUUUGCCGACGGCGGCCAUCUUCCCAGGAGGGAUAGUUCGCUCUAGCCCAAUGCAUAGCGGACCGGGCAAAUCCCCUCGUGUAGGAUAGGCUUUGCAGGUAAUAUAUGUGGGUGUCGCGUUAAACACUGGGGUCGGGACCAAUAACCGUUAGGCCGUGACUAGGAAGCUGUGAGCUUCUAUCAUACCCUCCUUGCGGCACCUUCUGAGGUCGACCUUCAUGGAGUGUGAAGUCCUGAUAUCUUCUCCCAAUACAGCGAGCGGUCCUAUGGUGCAUAGCCUUGAGUCAAUGCUUAUCUCCAUCGGGGCGUGUACGCGACUCGCAGUUGAGCGAGAUGUUCCGCAGUUGGCCCUGUAUAACAUCCGCGAAUUAUAUAGUUCUGUAAACUCUACAAGGUACGG
9	0.577659010887146	0.5783132314682007	2	12	6	6	6	6	780	400	GUUUGCCGACGGCGGCCAUCUUCCCAGGAGGGAUAGUUCGCUCUAGCCCAAUGCAUAGCGGACCGGGCAAAUCCCCUCGUGUAGGAUAGGCUUUGCAGGUAAUAUAUGUGGGUGUCGCGUUAAACACUGGGGUCGGGACCAAUAACCGUUAGGCCGUGACUAGGAAGCUGUGAGCUUCUAUCAUACCCUCCUUGCGGCACCUUCUGAGGUCGACCUUCAUGGAGUGUGAAGUCCUGAUAUCUUCUCCCAAUACAGCGAGCGGUCCUAUGGUGCAUAGCCUUGAGUCAAUGCUUAUCUCCAUCGGGGCGUGUACGCGACUCGCAGUUGAGCGAGAUGUUCCGCAGUUGGCCCUGUAUAACAUCCGCGAAUUAUAUAGUUCUGUAAACUCUACAAGGUACGG
9	0.7190631031990051	0.7193675637245178	3	12	6	6	6	6	780	400	GUUUGCCGACGGCGGCCAUCUUCCCAGGAGGGAUAGUUCGCUCUAGCCCAAUGCAUAGCGGACCGGGCAAAUCCCCUCGUGUAGGAUAGGCUUUGCAGGUAAUAUAUGUGGGUGUCGCGUUAAACACUGGGGUCGGGACCAAUAACCGUUAGGCCGUGACUAGGAAGCUGUGAGCUUCUAUCAUACCCUCCUUGCGGCACCUUCUGAGGUCGACCUUCAUGGAGUGUGAAGUCCUGAUAUCUUCUCCCAAUACAGCGAGCGGUCCUAUGGUGCAUAGCCUUGAGUCAAUGCUUAUCUCCAUCGGGGCGUGUACGCGACUCGCAGUUGAGCGAGAUGUUCCGCAGUUGGCCCUGUAUAACAUCCGCGAAUUAUAUAGUUCUGUAAACUCUACAAGGUACGG
9	0.8045310974121094	0.8047808408737183	4	12	6	6	6	6	780	400	GUUUGCCGACGGCGGCCAUCUUCCCAGGAGGGAUAGUUCGCUCUAGCCCAAUGCAUAGCGGACCGGGCAAAUCCCCUCGUGUAGGAUAGGCUUUGCAGGUAAUAUAUGUGGGUGUCGCGUUAAACACUGGGGUCGGGACCAAUAACCGUUAGGCCGUGACUAGGAAGCUGUGAGCUUCUAUCAUACCCUCCUUGCGGCACCUUCUGAGGUCGACCUUCAUGGAGUGUGAAGUCCUGAUAUCUUCUCCCAAUACAGCGAGCGGUCCUAUGGUGCAUAGCCUUGAGUCAAUGCUUAUCUCCAUCGGGGCGUGUACGCGACUCGCAGUUGAGCGAGAUGUUCCGCAGUUGGCCCUGUAUAACAUCCGCGAAUUAUAUAGUUCUGUAAACUCUACAAGGUACGG
9	0.5923553109169006	0.592885434627533	5	12	6	6	6	6	780	400	GUUUGCCGACGGCGGCCAUCUUCCCAGGAGGGAUAGUUCGCUCUAGCCCAAUGCAUAGCGGACCGGGCAAAUCCCCUCGUGUAGGAUAGGCUUUGCAGGUAAUAUAUGUGGGUGUCGCGUUAAACACUGGGGUCGGGACCAAUAACCGUUAGGCCGUGACUAGGAAGCUGUGAGCUUCUAUCAUACCCUCCUUGCGGCACCUUCUGAGGUCGACCUUCAUGGAGUGUGAAGUCCUGAUAUCUUCUCCCAAUACAGCGAGCGGUCCUAUGGUGCAUAGCCUUGAGUCAAUGCUUAUCUCCAUCGGGGCGUGUACGCGACUCGCAGUUGAGCGAGAUGUUCCGCAGUUGGCCCUGUAUAACAUCCGCGAAUUAUAUAGUUCUGUAAACUCUACAAGGUACGG
9	0.6477899551391602	0.6482213735580444	6	12	6	6	6	6	780	400	GUUUGCCGACGGCGGCCAUCUUCCCAGGAGGGAUAGUUCGCUCUAGCCCAAUGCAUAGCGGACCGGGCAAAUCCCCUCGUGUAGGAUAGGCUUUGCAGGUAAUAUAUGUGGGUGUCGCGUUAAACACUGGGGUCGGGACCAAUAACCGUUAGGCCGUGACUAGGAAGCUGUGAGCUUCUAUCAUACCCUCCUUGCGGCACCUUCUGAGGUCGACCUUCAUGGAGUGUGAAGUCCUGAUAUCUUCUCCCAAUACAGCGAGCGGUCCUAUGGUGCAUAGCCUUGAGUCAAUGCUUAUCUCCAUCGGGGCGUGUACGCGACUCGCAGUUGAGCGAGAUGUUCCGCAGUUGGCCCUGUAUAACAUCCGCGAAUUAUAUAGUUCUGUAAACUCUACAAGGUACGG
9	0.8077247142791748	0.8079999685287476	7	12	6	6	6	6	780	400	GUUUGCCGACGGCGGCCAUCUUCCCAGGAGGGAUAGUUCGCUCUAGCCCAAUGCAUAGCGGACCGGGCAAAUCCCCUCGUGUAGGAUAGGCUUUGCAGGUAAUAUAUGUGGGUGUCGCGUUAAACACUGGGGUCGGGACCAAUAACCGUUAGGCCGUGACUAGGAAGCUGUGAGCUUCUAUCAUACCCUCCUUGCGGCACCUUCUGAGGUCGACCUUCAUGGAGUGUGAAGUCCUGAUAUCUUCUCCCAAUACAGCGAGCGGUCCUAUGGUGCAUAGCCUUGAGUCAAUGCUUAUCUCCAUCGGGGCGUGUACGCGACUCGCAGUUGAGCGAGAUGUUCCGCAGUUGGCCCUGUAUAACAUCCGCGAAUUAUAUAGUUCUGUAAACUCUACAAGGUACGG
9	0.6873860955238342	0.687747061252594	8	12	6	6	6	6	780	400	GUUUGCCGACGGCGGCCAUCUUCCCAGGAGGGAUAGUUCGCUCUAGCCCAAUGCAUAGCGGACCGGGCAAAUCCCCUCGUGUAGGAUAGGCUUUGCAGGUAAUAUAUGUGGGUGUCGCGUUAAACACUGGGGUCGGGACCAAUAACCGUUAGGCCGUGACUAGGAAGCUGUGAGCUUCUAUCAUACCCUCCUUGCGGCACCUUCUGAGGUCGACCUUCAUGGAGUGUGAAGUCCUGAUAUCUUCUCCCAAUACAGCGAGCGGUCCUAUGGUGCAUAGCCUUGAGUCAAUGCUUAUCUCCAUCGGGGCGUGUACGCGACUCGCAGUUGAGCGAGAUGUUCCGCAGUUGGCCCUGUAUAACAUCCGCGAAUUAUAUAGUUCUGUAAACUCUACAAGGUACGG
9	0.7499662637710571	0.75	9	12	6	6	6	6	780	400	GUUUGCCGACGGCGGCCAUCUUCCCAGGAGGGAUAGUUCGCUCUAGCCCAAUGCAUAGCGGACCGGGCAAAUCCCCUCGUGUAGGAUAGGCUUUGCAGGUAAUAUAUGUGGGUGUCGCGUUAAACACUGGGGUCGGGACCAAUAACCGUUAGGCCGUGACUAGGAAGCUGUGAGCUUCUAUCAUACCCUCCUUGCGGCACCUUCUGAGGUCGACCUUCAUGGAGUGUGAAGUCCUGAUAUCUUCUCCCAAUACAGCGAGCGGUCCUAUGGUGCAUAGCCUUGAGUCAAUGCUUAUCUCCAUCGGGGCGUGUACGCGACUCGCAGUUGAGCGAGAUGUUCCGCAGUUGGCCCUGUAUAACAUCCGCGAAUUAUAUAGUUCUGUAAACUCUACAAGGUACGG
9	0.9257209897041321	0.925490140914917	10	12	6	6	6	6	780	400	GUUUGCCGACGGCGGCCAUCUUCCCAGGAGGGAUAGUUCGCUCUAGCCCAAUGCAUAGCGGACCGGGCAAAUCCCCUCGUGUAGGAUAGGCUUUGCAGGUAAUAUAUGUGGGUGUCGCGUUAAACACUGGGGUCGGGACCAAUAACCGUUAGGCCGUGACUAGGAAGCUGUGAGCUUCUAUCAUACCCUCCUUGCGGCACCUUCUGAGGUCGACCUUCAUGGAGUGUGAAGUCCUGAUAUCUUCUCCCAAUACAGCGAGCGGUCCUAUGGUGCAUAGCCUUGAGUCAAUGCUUAUCUCCAUCGGGGCGUGUACGCGACUCGCAGUUGAGCGAGAUGUUCCGCAGUUGGCCCUGUAUAACAUCCGCGAAUUAUAUAGUUCUGUAAACUCUACAAGGUACGG
9	0.8841995000839233	0.8837209343910217	11	12	6	6	6	6	780	400	GUUUGCCGACGGCGGCCAUCUUCCCAGGAGGGAUAGUUCGCUCUAGCCCAAUGCAUAGCGGACCGGGCAAAUCCCCUCGUGUAGGAUAGGCUUUGCAGGUAAUAUAUGUGGGUGUCGCGUUAAACACUGGGGUCGGGACCAAUAACCGUUAGGCCGUGACUAGGAAGCUGUGAGCUUCUAUCAUACCCUCCUUGCGGCACCUUCUGAGGUCGACCUUCAUGGAGUGUGAAGUCCUGAUAUCUUCUCCCAAUACAGCGAGCGGUCCUAUGGUGCAUAGCCUUGAGUCAAUGCUUAUCUCCAUCGGGGCGUGUACGCGACUCGCAGUUGAGCGAGAUGUUCCGCAGUUGGCCCUGUAUAACAUCCGCGAAUUAUAUAGUUCUGUAAACUCUACAAGGUACGG
9	0.8729254603385925	0.8730158805847168	12	12	6	6	6	6	780	400	GUUUGCCGACGGCGGCCAUCUUCCCAGGAGGGAUAGUUCGCUCUAGCCCAAUGCAUAGCGGACCGGGCAAAUCCCCUCGUGUAGGAUAGGCUUUGCAGGUAAUAUAUGUGGGUGUCGCGUUAAACACUGGGGUCGGGACCAAUAACCGUUAGGCCGUGACUAGGAAGCUGUGAGCUUCUAUCAUACCCUCCUUGCGGCACCUUCUGAGGUCGACCUUCAUGGAGUGUGAAGUCCUGAUAUCUUCUCCCAAUACAGCGAGCGGUCCUAUGGUGCAUAGCCUUGAGUCAAUGCUUAUCUCCAUCGGGGCGUGUACGCGACUCGCAGUUGAGCGAGAUGUUCCGCAGUUGGCCCUGUAUAACAUCCGCGAAUUAUAUAGUUCUGUAAACUCUACAAGGUACGG
9	0.820651113986969	0.8199233412742615	13	12	6	6	6	6	780	400	GUUUGCCGACGGCGGCCAUCUUCCCAGGAGGGAUAGUUCGCUCUAGCCCAAUGCAUAGCGGACCGGGCAAAUCCCCUCGUGUAGGAUAGGCUUUGCAGGUAAUAUAUGUGGGUGUCGCGUUAAACACUGGGGUCGGGACCAAUAACCGUUAGGCCGUGACUAGGAAGCUGUGAGCUUCUAUCAUACCCUCCUUGCGGCACCUUCUGAGGUCGACCUUCAUGGAGUGUGAAGUCCUGAUAUCUUCUCCCAAUACAGCGAGCGGUCCUAUGGUGCAUAGCCUUGAGUCAAUGCUUAUCUCCAUCGGGGCGUGUACGCGACUCGCAGUUGAGCGAGAUGUUCCGCAGUUGGCCCUGUAUAACAUCCGCGAAUUAUAUAGUUCUGUAAACUCUACAAGGUACGG
9	0.896395206451416	0.8957529067993164	14	12	6	6	6	6	780	400	GUUUGCCGACGGCGGCCAUCUUCCCAGGAGGGAUAGUUCGCUCUAGCCCAAUGCAUAGCGGACCGGGCAAAUCCCCUCGUGUAGGAUAGGCUUUGCAGGUAAUAUAUGUGGGUGUCGCGUUAAACACUGGGGUCGGGACCAAUAACCGUUAGGCCGUGACUAGGAAGCUGUGAGCUUCUAUCAUACCCUCCUUGCGGCACCUUCUGAGGUCGACCUUCAUGGAGUGUGAAGUCCUGAUAUCUUCUCCCAAUACAGCGAGCGGUCCUAUGGUGCAUAGCCUUGAGUCAAUGCUUAUCUCCAUCGGGGCGUGUACGCGACUCGCAGUUGAGCGAGAUGUUCCGCAGUUGGCCCUGUAUAACAUCCGCGAAUUAUAUAGUUCUGUAAACUCUACAAGGUACGG
9	0.9091247916221619	0.9090909361839294	13	12	6	6	6	6	780	400	GUUUGCCGACGGCGGCCAUCUUCCCAGGAGGGAUAGUUCGCUCUAGCCCAAUGCAUAGCGGACCGGGCAAAUCCCCUCGUGUAGGAUAGGCUUUGCAGGUAAUAUAUGUGGGUGUCGCGUUAAACACUGGGGUCGGGACCAAUAACCGUUAGGCCGUGACUAGGAAGCUGUGAGCUUCUAUCAUACCCUCCUUGCGGCACCUUCUGAGGUCGACCUUCAUGGAGUGUGAAGUCCUGAUAUCUUCUCCCAAUACAGCGAGCGGUCCUAUGGUGCAUAGCCUUGAGUCAAUGCUUAUCUCCAUCGGGGCGUGUACGCGACUCGCAGUUGAGCGAGAUGUUCCGCAGUUGGCCCUGUAUAACAUCCGCGAAUUAUAUAGUUCUGUAAACUCUACAAGGUACGG
9	0.8830571174621582	0.8828125596046448	14	12	6	6	6	6	780	400	GUUUGCCGACGGCGGCCAUCUUCCCAGGAGGGAUAGUUCGCUCUAGCCCAAUGCAUAGCGGACCGGGCAAAUCCCCUCGUGUAGGAUAGGCUUUGCAGGUAAUAUAUGUGGGUGUCGCGUUAAACACUGGGGUCGGGACCAAUAACCGUUAGGCCGUGACUAGGAAGCUGUGAGCUUCUAUCAUACCCUCCUUGCGGCACCUUCUGAGGUCGACCUUCAUGGAGUGUGAAGUCCUGAUAUCUUCUCCCAAUACAGCGAGCGGUCCUAUGGUGCAUAGCCUUGAGUCAAUGCUUAUCUCCAUCGGGGCGUGUACGCGACUCGCAGUUGAGCGAGAUGUUCCGCAGUUGGCCCUGUAUAACAUCCGCGAAUUAUAUAGUUCUGUAAACUCUACAAGGUACGG
9	0.8719249963760376	0.8715953230857849	14	12	6	6	6	6	780	400	GUUUGCCGACGGCGGCCAUCUUCCCAGGAGGGAUAGUUCGCUCUAGCCCAAUGCAUAGCGGACCGGGCAAAUCCCCUCGUGUAGGAUAGGCUUUGCAGGUAAUAUAUGUGGGUGUCGCGUUAAACACUGGGGUCGGGACCAAUAACCGUUAGGCCGUGACUAGGAAGCUGUGAGCUUCUAUCAUACCCUCCUUGCGGCACCUUCUGAGGUCGACCUUCAUGGAGUGUGAAGUCCUGAUAUCUUCUCCCAAUACAGCGAGCGGUCCUAUGGUGCAUAGCCUUGAGUCAAUGCUUAUCUCCAUCGGGGCGUGUACGCGACUCGCAGUUGAGCGAGAUGUUCCGCAGUUGGCCCUGUAUAACAUCCGCGAAUUAUAUAGUUCUGUAAACUCUACAAGGUACGG
9	0.820651113986969	0.8199233412742615	14	12	6	6	6	6	780	400	GUUUGCCGACGGCGGCCAUCUUCCCAGGAGGGAUAGUUCGCUCUAGCCCAAUGCAUAGCGGACCGGGCAAAUCCCCUCGUGUAGGAUAGGCUUUGCAGGUAAUAUAUGUGGGUGUCGCGUUAAACACUGGGGUCGGGACCAAUAACCGUUAGGCCGUGACUAGGAAGCUGUGAGCUUCUAUCAUACCCUCCUUGCGGCACCUUCUGAGGUCGACCUUCAUGGAGUGUGAAGUCCUGAUAUCUUCUCCCAAUACAGCGAGCGGUCCUAUGGUGCAUAGCCUUGAGUCAAUGCUUAUCUCCAUCGGGGCGUGUACGCGACUCGCAGUUGAGCGAGAUGUUCCGCAGUUGGCCCUGUAUAACAUCCGCGAAUUAUAUAGUUCUGUAAACUCUACAAGGUACGG
9	0.8919698596000671	0.8914728760719299	14	12	6	6	6	6	780	400	GUUUGCCGACGGCGGCCAUCUUCCCAGGAGGGAUAGUUCGCUCUAGCCCAAUGCAUAGCGGACCGGGCAAAUCCCCUCGUGUAGGAUAGGCUUUGCAGGUAAUAUAUGUGGGUGUCGCGUUAAACACUGGGGUCGGGACCAAUAACCGUUAGGCCGUGACUAGGAAGCUGUGAGCUUCUAUCAUACCCUCCUUGCGGCACCUUCUGAGGUCGACCUUCAUGGAGUGUGAAGUCCUGAUAUCUUCUCCCAAUACAGCGAGCGGUCCUAUGGUGCAUAGCCUUGAGUCAAUGCUUAUCUCCAUCGGGGCGUGUACGCGACUCGCAGUUGAGCGAGAUGUUCCGCAGUUGGCCCUGUAUAACAUCCGCGAAUUAUAUAGUUCUGUAAACUCUACAAGGUACGG
9	0.8064962029457092	0.8062015771865845	15	12	6	6	6	6	780	400	GUUUGCCGACGGCGGCCAUCUUCCCAGGAGGGAUAGUUCGCUCUAGCCCAAUGCAUAGCGGACCGGGCAAAUCCCCUCGUGUAGGAUAGGCUUUGCAGGUAAUAUAUGUGGGUGUCGCGUUAAACACUGGGGUCGGGACCAAUAACCGUUAGGCCGUGACUAGGAAGCUGUGAGCUUCUAUCAUACCCUCCUUGCGGCACCUUCUGAGGUCGACCUUCAUGGAGUGUGAAGUCCUGAUAUCUUCUCCCAAUACAGCGAGCGGUCCUAUGGUGCAUAGCCUUGAGUCAAUGCUUAUCUCCAUCGGGGCGUGUACGCGACUCGCAGUUGAGCGAGAUGUUCCGCAGUUGGCCCUGUAUAACAUCCGCGAAUUAUAUAGUUCUGUAAACUCUACAAGGUACGG
9	0.8886536955833435	0.8880308866500854	14	12	6	6	6	6	780	400	GUUUGCCGACGGCGGCCAUCUUCCCAGGAGGGAUAGUUCGCUCUAGCCCAAUGCAUAGCGGACCGGGCAAAUCCCCUCGUGUAGGAUAGGCUUUGCAGGUAAUAUAUGUGGGUGUCGCGUUAAACACUGGGGUCGGGACCAAUAACCGUUAGGCCGUGACUAGGAAGCUGUGAGCUUCUAUCAUACCCUCCUUGCGGCACCUUCUGAGGUCGACCUUCAUGGAGUGUGAAGUCCUGAUAUCUUCUCCCAAUACAGCGAGCGGUCCUAUGGUGCAUAGCCUUGAGUCAAUGCUUAUCUCCAUCGGGGCGUGUACGCGACUCGCAGUUGAGCGAGAUGUUCCGCAGUUGGCCCUGUAUAACAUCCGCGAAUUAUAUAGUUCUGUAAACUCUACAAGGUACGG
9	0.8853740692138672	0.8846153020858765	14	12	6	6	6	6	780	400	GUUUGCCGACGGCGGCCAUCUUCCCAGGAGGGAUAGUUCGCUCUAGCCCAAUGCAUAGCGGACCGGGCAAAUCCCCUCGUGUAGGAUAGGCUUUGCAGGUAAUAUAUGUGGGUGUCGCGUUAAACACUGGGGUCGGGACCAAUAACCGUUAGGCCGUGACUAGGAAGCUGUGAGCUUCUAUCAUACCCUCCUUGCGGCACCUUCUGAGGUCGACCUUCAUGGAGUGUGAAGUCCUGAUAUCUUCUCCCAAUACAGCGAGCGGUCCUAUGGUGCAUAGCCUUGAGUCAAUGCUUAUCUCCAUCGGGGCGUGUACGCGACUCGCAGUUGAGCGAGAUGUUCCGCAGUUGGCCCUGUAUAACAUCCGCGAAUUAUAUAGUUCUGUAAACUCUACAAGGUACGG
9	0.8641255497932434	0.8638131618499756	13	12	6	6	6	6	780	400	GUUUGCCGACGGCGGCCAUCUUCCCAGGAGGGAUAGUUCGCUCUAGCCCAAUGCAUAGCGGACCGGGCAAAUCCCCUCGUGUAGGAUAGGCUUUGCAGGUAAUAUAUGUGGGUGUCGCGUUAAACACUGGGGUCGGGACCAAUAACCGUUAGGCCGUGACUAGGAAGCUGUGAGCUUCUAUCAUACCCUCCUUGCGGCACCUUCUGAGGUCGACCUUCAUGGAGUGUGAAGUCCUGAUAUCUUCUCCCAAUACAGCGAGCGGUCCUAUGGUGCAUAGCCUUGAGUCAAUGCUUAUCUCCAUCGGGGCGUGUACGCGACUCGCAGUUGAGCGAGAUGUUCCGCAGUUGGCCCUGUAUAACAUCCGCGAAUUAUAUAGUUCUGUAAACUCUACAAGGUACGG
9	0.8886536955833435	0.8880308866500854	15	12	6	6	6	6	780	400	GUUUGCCGACGGCGGCCAUCUUCCCAGGAGGGAUAGUUCGCUCUAGCCCAAUGCAUAGCGGACCGGGCAAAUCCCCUCGUGUAGGAUAGGCUUUGCAGGUAAUAUAUGUGGGUGUCGCGUUAAACACUGGGGUCGGGACCAAUAACCGUUAGGCCGUGACUAGGAAGCUGUGAGCUUCUAUCAUACCCUCCUUGCGGCACCUUCUGAGGUCGACCUUCAUGGAGUGUGAAGUCCUGAUAUCUUCUCCCAAUACAGCGAGCGGUCCUAUGGUGCAUAGCCUUGAGUCAAUGCUUAUCUCCAUCGGGGCGUGUACGCGACUCGCAGUUGAGCGAGAUGUUCCGCAGUUGGCCCUGUAUAACAUCCGCGAAUUAUAUAGUUCUGUAAACUCUACAAGGUACGG
9	0.8719249963760376	0.8715953230857849	14	12	6	6	6	6	780	400	GUUUGCCGACGGCGGCCAUCUUCCCAGGAGGGAUAGUUCGCUCUAGCCCAAUGCAUAGCGGACCGGGCAAAUCCCCUCGUGUAGGAUAGGCUUUGCAGGUAAUAUAUGUGGGUGUCGCGUUAAACACUGGGGUCGGGACCAAUAACCGUUAGGCCGUGACUAGGAAGCUGUGAGCUUCUAUCAUACCCUCCUUGCGGCACCUUCUGAGGUCGACCUUCAUGGAGUGUGAAGUCCUGAUAUCUUCUCCCAAUACAGCGAGCGGUCCUAUGGUGCAUAGCCUUGAGUCAAUGCUUAUCUCCAUCGGGGCGUGUACGCGACUCGCAGUUGAGCGAGAUGUUCCGCAGUUGGCCCUGUAUAACAUCCGCGAAUUAUAUAGUUCUGUAAACUCUACAAGGUACGG
9	0.8997401595115662	0.8992247581481934	12	12	6	6	6	6	780	400	GUUUGCCGACGGCGGCCAUCUUCCCAGGAGGGAUAGUUCGCUCUAGCCCAAUGCAUAGCGGACCGGGCAAAUCCCCUCGUGUAGGAUAGGCUUUGCAGGUAAUAUAUGUGGGUGUCGCGUUAAACACUGGGGUCGGGACCAAUAACCGUUAGGCCGUGACUAGGAAGCUGUGAGCUUCUAUCAUACCCUCCUUGCGGCACCUUCUGAGGUCGACCUUCAUGGAGUGUGAAGUCCUGAUAUCUUCUCCCAAUACAGCGAGCGGUCCUAUGGUGCAUAGCCUUGAGUCAAUGCUUAUCUCCAUCGGGGCGUGUACGCGACUCGCAGUUGAGCGAGAUGUUCCGCAGUUGGCCCUGUAUAACAUCCGCGAAUUAUAUAGUUCUGUAAACUCUACAAGGUACGG
9	0.867399275302887	0.8671874403953552	13	12	6	6	6	6	780	400	GUUUGCCGACGGCGGCCAUCUUCCCAGGAGGGAUAGUUCGCUCUAGCCCAAUGCAUAGCGGACCGGGCAAAUCCCCUCGUGUAGGAUAGGCUUUGCAGGUAAUAUAUGUGGGUGUCGCGUUAAACACUGGGGUCGGGACCAAUAACCGUUAGGCCGUGACUAGGAAGCUGUGAGCUUCUAUCAUACCCUCCUUGCGGCACCUUCUGAGGUCGACCUUCAUGGAGUGUGAAGUCCUGAUAUCUUCUCCCAAUACAGCGAGCGGUCCUAUGGUGCAUAGCCUUGAGUCAAUGCUUAUCUCCAUCGGGGCGUGUACGCGACUCGCAGUUGAGCGAGAUGUUCCGCAGUUGGCCCUGUAUAACAUCCGCGAAUUAUAUAGUUCUGUAAACUCUACAAGGUACGG
9	0.8752281665802002	0.875	15	12	6	6	6	6	780	400	GUUUGCCGACGGCGGCCAUCUUCCCAGGAGGGAUAGUUCGCUCUAGCCCAAUGCAUAGCGGACCGGGCAAAUCCCCUCGUGUAGGAUAGGCUUUGCAGGUAAUAUAUGUGGGUGUCGCGUUAAACACUGGGGUCGGGACCAAUAACCGUUAGGCCGUGACUAGGAAGCUGUGAGCUUCUAUCAUACCCUCCUUGCGGCACCUUCUGAGGUCGACCUUCAUGGAGUGUGAAGUCCUGAUAUCUUCUCCCAAUACAGCGAGCGGUCCUAUGGUGCAUAGCCUUGAGUCAAUGCUUAUCUCCAUCGGGGCGUGUACGCGACUCGCAGUUGAGCGAGAUGUUCCGCAGUUGGCCCUGUAUAACAUCCGCGAAUUAUAUAGUUCUGUAAACUCUACAAGGUACGG
9	0.8740596175193787	0.8740156888961792	13	12	6	6	6	6	780	400	GUUUGCCGACGGCGGCCAUCUUCCCAGGAGGGAUAGUUCGCUCUAGCCCAAUGCAUAGCGGACCGGGCAAAUCCCCUCGUGUAGGAUAGGCUUUGCAGGUAAUAUAUGUGGGUGUCGCGUUAAACACUGGGGUCGGGACCAAUAACCGUUAGGCCGUGACUAGGAAGCUGUGAGCUUCUAUCAUACCCUCCUUGCGGCACCUUCUGAGGUCGACCUUCAUGGAGUGUGAAGUCCUGAUAUCUUCUCCCAAUACAGCGAGCGGUCCUAUGGUGCAUAGCCUUGAGUCAAUGCUUAUCUCCAUCGGGGCGUGUACGCGACUCGCAGUUGAGCGAGAUGUUCCGCAGUUGGCCCUGUAUAACAUCCGCGAAUUAUAUAGUUCUGUAAACUCUACAAGGUACGG
10	0.6612219214439392	0.6604651808738708	1	12	6	6	6	6	780	400	CAUGAAUCAAAACUAAGUGUUACCCUGGCGUCAAGUGGCCACGACCAUAGUUCGAAAAUCCCUAAUAAACUUCCCACGAGAACAGUUUCUCAUCGACACCGUGCCGCCGAAAAUCGCGCGAAUGGAACGAACUACGGCUGUGAGUGCUGUCAGUCCUAGAUUACCGUCCCGCCAUGUAGGCCCCCCCCCUCAUCAUGUGGAGUUUGCUGAAUUUAUUAAAAAAGGUAAUUGGGACUGAACUGUGGACGAUCUAGAAACUAAUUUUGCAGACGUGUUAGGAAGGUUCCGUUAAAAUUGCGUUAGCUCGGUUAGGGGGCAACGUAGAGGCCAGUGACGCCUACCUGUCCUCUGGGAACUAGCUGCGACAAAGUUCUACAGGGCUUUACCUCGGAUGAACGAC
10	0.634403645992279	0.6346153616905212	2	12	6	6	6	6	780	400	CAUGAAUCAAAACUAAGUGUUACCCUGGCGUCAAGUGGCCACGACCAUAGUUCGAAAAUCCCUAAUAAACUUCCCACGAGAACAGUUUCUCAUCGACACCGUGCCGCCGAAAAUCGCGCGAAUGGAACGAACUACGGCUGUGAGUGCUGUCAGUCCUAGAUUACCGUCCCGCCAUGUAGGCCCCCCCCCUCAUCAUGUGGAGUUUGCUGAAUUUAUUAAAAAAGGUAAUUGGGACUGAACUGUGGACGAUCUAGAAACUAAUUUUGCAGACGUGUUAGGAAGGUUCCGUUAAAAUUGCGUUAGCUCGGUUAGGGGGCAACGUAGAGGCCAGUGACGCCUACCUGUCCUCUGGGAACUAGCUGCGACAAAGUUCUACAGGGCUUUACCUCGGAUGAACGAC
10	0.672931432723999	0.6730769276618958	3	12	6	6	6	6	780	400	CAUGAAUCAAAACUAAGUGUUACCCUGGCGUCAAGUGGCCACGACCAUAGUUCGAAAAUCCCUAAUAAACUUCCCACGAGAACAGUUUCUCAUCGACACCGUGCCGCCGAAAAUCGCGCGAAUGGAACGAACUACGGCUGUGAGUGCUGUCAGUCCUAGAUUACCGUCCCGCCAUGUAGGCCCCCCCCCUCAUCAUGUGGAGUUUGCUGAAUUUAUUAAAAAAGGUAAUUGGGACUGAACUGUGGACGAUCUAGAAACUAAUUUUGCAGACGUGUUAGGAAGGUUCCGUUAAAAUUGCGUUAGCUCGGUUAGGGGGCAACGUAGAGGCCAGUGACGCCUACCUGUCCUCUGGGAACUAGCUGCGACAAAGUUCUACAGGGCUUUACCUCGGAUGAACGAC
10	0.5999740958213806	0.5990782976150513	4	12	6	6	6	6	780	400	CAUGAAUCAAAACUAAGUGUUACCCUGGCGUCAAGUGGCCACGACCAUAGUUCGAAAAUCCCUAAUAAACUUCCCACGAGAACAGUUUCUCAUCGACACCGUGCCGCCGAAAAUCGCGCGAAUGGAACGAACUACGGCUGUGAGUGCUGUCAGUCCUAGAUUACCGUCCCGCCAUGUAGGCCCCCCCCCUCAUCAUGUGGAGUUUGCUGAAUUUAUUAAAAAAGGUAAUUGGGACUGAACUGUGGACGAUCUAGAAACUAAUUUUGCAGACGUGUUAGGAAGGUUCCGUUAAAAUUGCGUUAGCUCGGUUAGGGGGCAACGUAGAGGCCAGUGACGCCUACCUGUCCUCUGGGAACUAGCUGCGACAAAGUUCUACAGGGCUUUACCUCGGAUGAACGAC
10	0.6890351176261902	0.6886792778968811	5	12	6	6	6	6	780	400	CAUGAAUCAAAACUAAGUGUUACCCUGGCGUCAAGUGGCCACGACCAUAGUUCGAAAAUCCCUAAUAAACUUCCCACGAGAACAGUUUCUCAUCGACACCGUGCCGCCGAAAAUCGCGCGAAUGGAACGAACUACGGCUGUGAGUGCUGUCAGUCCUAGAUUACCGUCCCGCCAUGUAGGCCCCCCCCCUCAUCAUGUGGAGUUUGCUGAAUUUAUUAAAAAAGGUAAUUGGGACUGAACUGUGGACGAUCUAGAAACUAAUUUUGCAGACGUGUUAGGAAGGUUCCGUUAAAAUUGCGUUAGCUCGGUUAGGGGGCAACGUAGAGGCCAGUGACGCCUACCUGUCCUCUGGGAACUAGCUGCGACAAAGUUCUACAGGGCUUUACCUCGGAUGAACGAC
10	0.777666449546814	0.777251124382019	6	12	6	6	6	6	780	400	CAUGAAUCAAAACUAAGUGUUACCCUGGCGUCAAGUGGCCACGACCAUAGUUCGAAAAUCCCUAAUAAACUUCCCACGAGAACAGUUUCUCAUCGACACCGUGCCGCCGAAAAUCGCGCGAAUGGAACGAACUACGGCUGUGAGUGCUGUCAGUCCUAGAUUACCGUCCCGCCAUGUAGGCCCCCCCCCUCAUCAUGUGGAGUUUGCUGAAUUUAUUAAAAAAGGUAAUUGGGACUGAACUGUGGACGAUCUAGAAACUAAUUUUGCAGACGUGUUAGGAAGGUUCCGUUAAAAUUGCGUUAGCUCGGUUAGGGGGCAACGUAGAGGCCAGUGACGCCUACCUGUCCUCUGGGAACUAGCUGCGACAAAGUUCUACAGGGCUUUACCUCGGAUGAACGAC
10	0.7141889333724976	0.7136150002479553	7	12	6	6	6	6	780	400	CAUGAAUCAAAACUAAGUGUUACCCUGGCGUCAAGUGGCCACGACCAUAGUUCGAAAAUCCCUAAUAAACUUCCCACGAGAACAGUUUCUCAUCGACACCGUGCCGCCGAAAAUCGCGCGAAUGGAACGAACUACGGCUGUGAGUGCUGUCAGUCCUAGAUUACCGUCCCGCCAUGUAGGCCCCCCCCCUCAUCAUGUGGAGUUUGCUGAAUUUAUUAAAAAAGGUAAUUGGGACUGAACUGUGGACGAUCUAGAAACUAAUUUUGCAGACGUGUUAGGAAGGUUCCGUUAAAAUUGCGUUAGCUCGGUUAGGGGGCAACGUAGAGGCCAGUGACGCCUACCUGUCCUCUGGGAACUAGCUGCGACAAAGUUCUACAGGGCUUUACCUCGGAUGAACGAC
10	0.8255772590637207	0.8240740895271301	8	12	6	6	6	6	780	400	CAUGAAUCAAAACUAAGUGUUACCCUGGCGUCAAGUGGCCACGACCAUAGUUCGAAAAUCCCUAAUAAACUUCCCACGAGAACAGUUUCUCAUCGACACCGUGCCGCCGAAAAUCGCGCGAAUGGAACGAACUACGGCUGUGAGUGCUGUCAGUCCUAGAUUACCGUCCCGCCAUGUAGGCCCCCCCCCUCAUCAUGUGGAGUUUGCUGAAUUUAUUAAAAAAGGUAAUUGGGACUGAACUGUGGACGAUCUAGAAACUAAUUUUGCAGACGUGUUAGGAAGGUUCCGUUAAAAUUGCGUUAGCUCGGUUAGGGGGCAACGUAGAGGCCAGUGACGCCUACCUGUCCUCUGGGAACUAGCUGCGACAAAGUUCUACAGGGCUUUACCUCGGAUGAACGAC
10	0.7698292136192322	0.7685185074806213	9	12	6	6	6	6	780	400	CAUGAAUCAAAACUAAGUGUUACCCUGGCGUCAAGUGGCCACGACCAUAGUUCGAAAAUCCCUAAUAAACUUCCCACGAGAACAGUUUCUCAUCGACACCGUGCCGCCGAAAAUCGCGCGAAUGGAACGAACUACGGCUGUGAGUGCUGUCAGUCCUAGAUUACCGUCCCGCCAUGUAGGCCCCCCCCCUCAUCAUGUGGAGUUUGCUGAAUUUAUUAAAAAAGGUAAUUGGGACUGAACUGUGGACGAUCUAGAAACUAAUUUUGCAGACGUGUUAGGAAGGUUCCGUUAAAAUUGCGUUAGCUCGGUUAGGGGGCAACGUAGAGGCCAGUGACGCCUACCUGUCCUCUGGGAACUAGCUGCGACAAAGUUCUACAGGGCUUUACCUCGGAUGAACGAC
10	0.8035019636154175	0.8018433451652527	10	12	6	6	6	6	780	400	CAUGAAUCAAAACUAAGUGUUACCCUGGCGUCAAGUGGCCACGACCAUAGUUCGAAAAUCCCUAAUAAACUUCCCACGAGAACAGUUUCUCAUCGACACCGUGCCGCCGAAAAUCGCGCGAAUGGAACGAACUACGGCUGUGAGUGCUGUCAGUCCUAGAUUACCGUCCCGCCAUGUAGGCCCCCCCCCUCAUCAUGUGGAGUUUGCUGAAUUUAUUAAAAAAGGUAAUUGGGACUGAACUGUGGACGAUCUAGAAACUAAUUUUGCAGACGUGUUAGGAAGGUUCCGUUAAAAUUGCGUUAGCUCGGUUAGGGGGCAACGUAGAGGCCAGUGACGCCUACCUGUCCUCUGGGAACUAGCUGCGACAAAGUUCUACAGGGCUUUACCUCGGAUGAACGAC
10	0.7717785835266113	0.7692307233810425	11	12	6	6	6	6	780	400	CAUGAAUCAAAACUAAGUGUUACCCUGGCGUCAAGUGGCCACGACCAUAGUUCGAAAAUCCCUAAUAAACUUCCCACGAGAACAGUUUCUCAUCGACACCGUGCCGCCGAAAAUCGCGCGAAUGGAACGAACUACGGCUGUGAGUGCUGUCAGUCCUAGAUUACCGUCCCGCCAUGUAGGCCCCCCCCCUCAUCAUGUGGAGUUUGCUGAAUUUAUUAAAAAAGGUAAUUGGGACUGAACUGUGGACGAUCUAGAAACUAAUUUUGCAGACGUGUUAGGAAGGUUCCGUUAAAAUUGCGUUAGCUCGGUUAGGGGGCAACGUAGAGGCCAGUGACGCCUACCUGUCCUCUGGGAACUAGCUGCGACAAAGUUCUACAGGGCUUUACCUCGGAUGAACGAC
10	0.7263606190681458	0.7247706055641174	11	12	6	6	6	6	780	400	CAUGAAUCAAAACUAAGUGUUACCCUGGCGUCAAGUGGCCACGACCAUAGUUCGAAAAUCCCUAAUAAACUUCCCACGAGAACAGUUUCUCAUCGACACCGUGCCGCCGAAAAUCGCGCGAAUGGAACGAACUACGGCUGUGAGUGCUGUCAGUCCUAGAUUACCGUCCCGCCAUGUAGGCCCCCCCCCUCAUCAUGUGGAGUUUGCUGAAUUUAUUAAAAAAGGUAAUUGGGACUGAACUGUGGACGAUCUAGAAACUAAUUUUGCAGACGUGUUAGGAAGGUUCCGUUAAAAUUGCGUUAGCUCGGUUAGGGGGCAACGUAGAGGCCAGUGACGCCUACCUGUCCUCUGGGAACUAGCUGCGACAAAGUUCUACAGGGCUUUACCUCGGAUGAACGAC
10	0.7539957165718079	0.752293586730957	12	12	6	6	6	6	780	400	CAUGAAUCAAAACUAAGUGUUACCCUGGCGUCAAGUGGCCACGACCAUAGUUCGAAAAUCCCUAAUAAACUUCCCACGAGAACAGUUUCUCAUCGACACCGUGCCGCCGAAAAUCGCGCGAAUGGAACGAACUACGGCUGUGAGUGCUGUCAGUCCUAGAUUACCGUCCCGCCAUGUAGGCCCCCCCCCUCAUCAUGUGGAGUUUGCUGAAUUUAUUAAAAAAGGUAAUUGGGACUGAACUGUGGACGAUCUAGAAACUAAUUUUGCAGACGUGUUAGGAAGGUUCCGUUAAAAUUGCGUUAGCUCGGUUAGGGGGCAACGUAGAGGCCAGUGACGCCUACCUGUCCUCUGGGAACUAGCUGCGACAAAGUUCUACAGGGCUUUACCUCGGAUGAACGAC
10	0.7476189732551575	0.7454545497894287	11	12	6	6	6	6	780	400	CAUGAAUCAAAACUAAGUGUUACCCUGGCGUCAAGUGGCCACGACCAUAGUUCGAAAAUCCCUAAUAAACUUCCCACGAGAACAGUUUCUCAUCGACACCGUGCCGCCGAAAAUCGCGCGAAUGGAACGAACUACGGCUGUGAGUGCUGUCAGUCCUAGAUUACCGUCCCGCCAUGUAGGCCCCCCCCCUCAUCAUGUGGAGUUUGCUGAAUUUAUUAAAAAAGGUAAUUGGGACUGAACUGUGGACGAUCUAGAAACUAAUUUUGCAGACGUGUUAGGAAGGUUCCGUUAAAAUUGCGUUAGCUCGGUUAGGGGGCAACGUAGAGGCCAGUGACGCCUACCUGUCCUCUGGGAACUAGCUGCGACAAAGUUCUACAGGGCUUUACCUCGGAUGAACGAC
10	0.7476189732551575	0.7454545497894287	11	12	6	6	6	6	780	400	CAUGAAUCAAAACUAAGUGUUACCCUGGCGUCAAGUGGCCACGACCAUAGUUCGAAAAUCCCUAAUAAACUUCCCACGAGAACAGUUUCUCAUCGACACCGUGCCGCCGAAAAUCGCGCGAAUGGAACGAACUACGGCUGUGAGUGCUGUCAGUCCUAGAUUACCGUCCCGCCAUGUAGGCCCCCCCCCUCAUCAUGUGGAGUUUGCUGAAUUUAUUAAAAAAGGUAAUUGGGACUGAACUGUGGACGAUCUAGAAACUAAUUUUGCAGACGUGUUAGGAAGGUUCCGUUAAAAUUGCGUUAGCUCGGUUAGGGGGCAACGUAGAGGCCAGUGACGCCUACCUGUCCUCUGGGAACUAGCUGCGACAAAGUUCUACAGGGCUUUACCUCGGAUGAACGAC
10	0.7172026038169861	0.7149321436882019	12	12	6	6	6	6	780	400	CAUGAAUCAAAACUAAGUGUUACCCUGGCGUCAAGUGGCCACGACCAUAGUUCGAAAAUCCCUAAUAAACUUCCCACGAGAACAGUUUCUCAUCGACACCGUGCCGCCGAAAAUCGCGCGAAUGGAACGAACUACGGCUGUGAGUGCUGUCAGUCCUAGAUUACCGUCCCGCCAUGUAGGCCCCCCCCCUCAUCAUGUGGAGUUUGCUGAAUUUAUUAAAAAAGGUAAUUGGGACUGAACUGUGGACGAUCUAGAAACUAAUUUUGCAGACGUGUUAGGAAGGUUCCGUUAAAAUUGCGUUAGCUCGGUUAGGGGGCAACGUAGAGGCCAGUGACGCCUACCUGUCCUCUGGGAACUAGCUGCGACAAAGUUCUACAGGGCUUUACCUCGGAUGAACGAC
10	0.7932893633842468	0.7909091114997864	12	12	6	6	6	6	780	400	CAUGAAUCAAAACUAAGUGUUACCCUGGCGUCAAGUGGCCACGACCAUAGUUCGAAAAUCCCUAAUAAACUUCCCACGAGAACAGUUUCUCAUCGACACCGUGCCGCCGAAAAUCGCGCGAAUGGAACGAACUACGGCUGUGAGUGCUGUCAGUCCUAGAUUACCGUCCCGCCAUGUAGGCCCCCCCCCUCAUCAUGUGGAGUUUGCUGAAUUUAUUAAAAAAGGUAAUUGGGACUGAACUGUGGACGAUCUAGAAACUAAUUUUGCAGACGUGUUAGGAAGGUUCCGUUAAAAUUGCGUUAGCUCGGUUAGGGGGCAACGUAGAGGCCAGUGACGCCUACCUGUCCUCUGGGAACUAGCUGCGACAAAGUUCUACAGGGCUUUACCUCGGAUGAACGAC
10	0.7866929173469543	0.7837837934494019	11	12	6	6	6	6	780	400	CAUGAAUCAAAACUAAGUGUUACCCUGGCGUCAAGUGGCCACGACCAUAGUUCGAAAAUCCCUAAUAAACUUCCCACGAGAACAGUUUCUCAUCGACACCGUGCCGCCGAAAAUCGCGCGAAUGGAACGAACUACGGCUGUGAGUGCUGUCAGUCCUAGAUUACCGUCCCGCCAUGUAGGCCCCCCCCCUCAUCAUGUGGAGUUUGCUGAAUUUAUUAAAAAAGGUAAUUGGGACUGAACUGUGGACGAUCUAGAAACUAAUUUUGCAGACGUGUUAGGAAGGUUCCGUUAAAAUUGCGUUAGCUCGGUUAGGGGGCAACGUAGAGGCCAGUGACGCCUACCUGUCCUCUGGGAACUAGCUGCGACAAAGUUCUACAGGGCUUUACCUCGGAUGAACGAC
10	0.7717785835266113	0.7692307233810425	11	12	6	6	6	6	780	400	CAUGAAUCAAAACUAAGUGUUACCCUGGCGUCAAGUGGCCACGACCAUAGUUCGAAAAUCCCUAAUAAACUUCCCACGAGAACAGUUUCUCAUCGACACCGUGCCGCCGAAAAUCGCGCGAAUGGAACGAACUACGGCUGUGAGUGCUGUCAGUCCUAGAUUACCGUCCCGCCAUGUAGGCCCCCCCCCUCAUCAUGUGGAGUUUGCUGAAUUUAUUAAAAAAGGUAAUUGGGACUGAACUGUGGACGAUCUAGAAACUAAUUUUGCAGACGUGUUAGGAAGGUUCCGUUAAAAUUGCGUUAGCUCGGUUAGGGGGCAACGUAGAGGCCAGUGACGCCUACCUGUCCUCUGGGAACUAGCUGCGACAAAGUUCUACAGGGCUUUACCUCGGAUGAACGAC
10	0.7874776721000671	0.785388171672821	11	12	6	6	6	6	780	400	CAUGAAUCAAAACUAAGUGUUACCCUGGCGUCAAGUGGCCACGACCAUAGUUCGAAAAUCCCUAAUAAACUUCCCACGAGAACAGUUUCUCAUCGACACCGUGCCGCCGAAAAUCGCGCGAAUGGAACGAACUACGGCUGUGAGUGCUGUCAGUCCUAGAUUACCGUCCCGCCAUGUAGGCCCCCCCCCUCAUCAUGUGGAGUUUGCUGAAUUUAUUAAAAAAGGUAAUUGGGACUGAACUGUGGACGAUCUAGAAACUAAUUUUGCAGACGUGUUAGGAAGGUUCCGUUAAAAUUGCGUUAGCUCGGUUAGGGGGCAACGUAGAGGCCAGUGACGCCUACCUGUCCUCUGGGAACUAGCUGCGACAAAGUUCUACAGGGCUUUACCUCGGAUGAACGAC
10	0.732441782951355	0.7305936217308044	11	12	6	6	6	6	780	400	CAUGAAUCAAAACUAAGUGUUACCCUGGCGUCAAGUGGCCACGACCAUAGUUCGAAAAUCCCUAAUAAACUUCCCACGAGAACAGUUUCUCAUCGACACCGUGCCGCCGAAAAUCGCGCGAAUGGAACGAACUACGGCUGUGAGUGCUGUCAGUCCUAGAUUACCGUCCCGCCAUGUAGGCCCCCCCCCUCAUCAUGUGGAGUUUGCUGAAUUUAUUAAAAAAGGUAAUUGGGACUGAACUGUGGACGAUCUAGAAACUAAUUUUGCAGACGUGUUAGGAAGGUUCCGUUAAAAUUGCGUUAGCUCGGUUAGGGGGCAACGUAGAGGCCAGUGACGCCUACCUGUCCUCUGGGAACUAGCUGCGACAAAGUUCUACAGGGCUUUACCUCGGAUGAACGAC
10	0.7717785835266113	0.7692307233810425	11	12	6	6	6	6	780	400	CAUGAAUCAAAACUAAGUGUUACCCUGGCGUCAAGUGGCCACGACCAUAGUUCGAAAAUCCCUAAUAAACUUCCCACGAGAACAGUUUCUCAUCGACACCGUGCCGCCGAAAAUCGCGCGAAUGGAACGAACUACGGCUGUGAGUGCUGUCAGUCCUAGAUUACCGUCCCGCCAUGUAGGCCCCCCCCCUCAUCAUGUGGAGUUUGCUGAAUUUAUUAAAAAAGGUAAUUGGGACUGAACUGUGGACGAUCUAGAAACUAAUUUUGCAGACGUGUUAGGAAGGUUCCGUUAAAAUUGCGUUAGCUCGGUUAGGGGGCAACGUAGAGGCCAGUGACGCCUACCUGUCCUCUGGGAACUAGCUGCGACAAAGUUCUACAGGGCUUUACCUCGGAUGAACGAC
10	0.7476189732551575	0.7454545497894287	11	12	6	6	6	6	780	400	CAUGAAUCAAAACUAAGUGUUACCCUGGCGUCAAGUGGCCACGACCAUAGUUCGAAAAUCCCUAAUAAACUUCCCACGAGAACAGUUUCUCAUCGACACCGUGCCGCCGAAAAUCGCGCGAAUGGAACGAACUACGGCUGUGAGUGCUGUCAGUCCUAGAUUACCGUCCCGCCAUGUAGGCCCCCCCCCUCAUCAUGUGGAGUUUGCUGAAUUUAUUAAAAAAGGUAAUUGGGACUGAACUGUGGACGAUCUAGAAACUAAUUUUGCAGACGUGUUAGGAAGGUUCCGUUAAAAUUGCGUUAGCUCGGUUAGGGGGCAACGUAGAGGCCAGUGACGCCUACCUGUCCUCUGGGAACUAGCUGCGACAAAGUUCUACAGGGCUUUACCUCGGAUGAACGAC
10	0.7444905638694763	0.7420814633369446	12	12	6	6	6	6	780	400	CAUGAAUCAAAACUAAGUGUUACCCUGGCGUCAAGUGGCCACGACCAUAGUUCGAAAAUCCCUAAUAAACUUCCCACGAGAACAGUUUCUCAUCGACACCGUGCCGCCGAAAAUCGCGCGAAUGGAACGAACUACGGCUGUGAGUGCUGUCAGUCCUAGAUUACCGUCCCGCCAUGUAGGCCCCCCCCCUCAUCAUGUGGAGUUUGCUGAAUUUAUUAAAAAAGGUAAUUGGGACUGAACUGUGGACGAUCUAGAAACUAAUUUUGCAGACGUGUUAGGAAGGUUCCGUUAAAAUUGCGUUAGCUCGGUUAGGGGGCAACGUAGAGGCCAGUGACGCCUACCUGUCCUCUGGGAACUAGCUGCGACAAAGUUCUACAGGGCUUUACCUCGGAUGAACGAC
10	0.732441782951355	0.7305936217308044	12	12	6	6	6	6	780	400	CAUGAAUCAAAACUAAGUGUUACCCUGGCGUCAAGUGGCCACGACCAUAGUUCGAAAAUCCCUAAUAAACUUCCCACGAGAACAGUUUCUCAUCGACACCGUGCCGCCGAAAAUCGCGCGAAUGGAACGAACUACGGCUGUGAGUGCUGUCAGUCCUAGAUUACCGUCCCGCCAUGUAGGCCCCCCCCCUCAUCAUGUGGAGUUUGCUGAAUUUAUUAAAAAAGGUAAUUGGGACUGAACUGUGGACGAUCUAGAAACUAAUUUUGCAGACGUGUUAGGAAGGUUCCGUUAAAAUUGCGUUAGCUCGGUUAGGGGGCAACGUAGAGGCCAGUGACGCCUACCUGUCCUCUGGGAACUAGCUGCGACAAAGUUCUACAGGGCUUUACCUCGGAUGAACGAC
10	0.7783050537109375	0.77625572681427	11	12	6	6	6	6	780	400	CAUGAAUCAAAACUAAGUGUUACCCUGGCGUCAAGUGGCCACGACCAUAGUUCGAAAAUCCCUAAUAAACUUCCCACGAGAACAGUUUCUCAUCGACACCGUGCCGCCGAAAAUCGCGCGAAUGGAACGAACUACGGCUGUGAGUGCUGUCAGUCCUAGAUUACCGUCCCGCCAUGUAGGCCCCCCCCCUCAUCAUGUGGAGUUUGCUGAAUUUAUUAAAAAAGGUAAUUGGGACUGAACUGUGGACGAUCUAGAAACUAAUUUUGCAGACGUGUUAGGAAGGUUCCGUUAAAAUUGCGUUAGCUCGGUUAGGGGGCAACGUAGAGGCCAGUGACGCCUACCUGUCCUCUGGGAACUAGCUGCGACAAAGUUCUACAGGGCUUUACCUCGGAUGAACGAC
10	0.7776345014572144	0.7747747898101807	11	12	6	6	6	6	780	400	CAUGAAUCAAAACUAAGUGUUACCCUGGCGUCAAGUGGCCACGACCAUAGUUCGAAAAUCCCUAAUAAACUUCCCACGAGAACAGUUUCUCAUCGACACCGUGCCGCCGAAAAUCGCGCGAAUGGAACGAACUACGGCUGUGAGUGCUGUCAGUCCUAGAUUACCGUCCCGCCAUGUAGGCCCCCCCCCUCAUCAUGUGGAGUUUGCUGAAUUUAUUAAAAAAGGUAAUUGGGACUGAACUGUGGACGAUCUAGAAACUAAUUUUGCAGACGUGUUAGGAAGGUUCCGUUAAAAUUGCGUUAGCUCGGUUAGGGGGCAACGUAGAGGCCAGUGACGCCUACCUGUCCUCUGGGAACUAGCUGCGACAAAGUUCUACAGGGCUUUACCUCGGAUGAACGAC
10	0.7866929173469543	0.7837837934494019	12	12	6	6	6	6	780	400	CAUGAAUCAAAACUAAGUGUUACCCUGGCGUCAAGUGGCCACGACCAUAGUUCGAAAAUCCCUAAUAAACUUCCCACGAGAACAGUUUCUCAUCGACACCGUGCCGCCGAAAAUCGCGCGAAUGGAACGAACUACGGCUGUGAGUGCUGUCAGUCCUAGAUUACCGUCCCGCCAUGUAGGCCCCCCCCCUCAUCAUGUGGAGUUUGCUGAAUUUAUUAAAAAAGGUAAUUGGGACUGAACUGUGGACGAUCUAGAAACUAAUUUUGCAGACGUGUUAGGAAGGUUCCGUUAAAAUUGCGUUAGCUCGGUUAGGGGGCAACGUAGAGGCCAGUGACGCCUACCUGUCCUCUGGGAACUAGCUGCGACAAAGUUCUACAGGGCUUUACCUCGGAUGAACGAC
10	0.7539957165718079	0.752293586730957	12	12	6	6	6	6	780	400	CAUGAAUCAAAACUAAGUGUUACCCUGGCGUCAAGUGGCCACGACCAUAGUUCGAAAAUCCCUAAUAAACUUCCCACGAGAACAGUUUCUCAUCGACACCGUGCCGCCGAAAAUCGCGCGAAUGGAACGAACUACGGCUGUGAGUGCUGUCAGUCCUAGAUUACCGUCCCGCCAUGUAGGCCCCCCCCCUCAUCAUGUGGAGUUUGCUGAAUUUAUUAAAAAAGGUAAUUGGGACUGAACUGUGGACGAUCUAGAAACUAAUUUUGCAGACGUGUUAGGAAGGUUCCGUUAAAAUUGCGUUAGCUCGGUUAGGGGGCAACGUAGAGGCCAGUGACGCCUACCUGUCCUCUGGGAACUAGCUGCGACAAAGUUCUACAGGGCUUUACCUCGGAUGAACGAC
11	0.8759304881095886	0.8761062026023865	1	12	6	6	6	6	780	400	GGUGCACUGCGAUACAAAAAACCUUUAAGCGCCCGUUGGGUCGUAAAGUCUAGCAGUAUGCCAUCAGCGCUUGGAUACCCAUCGCAAGAACGCCGUGCAGCAUCCUUCCCAUGGUUAUUUGAGAGCAAUAGCGCAUCUUAGCAGGAGGGUAGUCCUGCAAGUGUUAGACUAUUAGCGGGAGCCCUAGUGGUAGAUCUGCAGGAUGGCUCAAAAUCCUGCACCACGGCACGGAGAAAGAAGGAUGACGUAACAACCGCUCAGACGCGGACACGUAUGGUCGUGUCGUCGUCACACUCGAGAUACAUGCGAACCAUUAAGCUGUCCUGUUCUAAUAUCAGUUGUAGUAUGGCACAAAGCCCUUGCCUAGGUCGCCUCGCAGAUUAAGACCAACUGUCAUAUA
11	0.8759304881095886	0.8761062026023865	2	12	6	6	6	6	780	400	GGUGCACUGCGAUACAAAAAACCUUUAAGCGCCCGUUGGGUCGUAAAGUCUAGCAGUAUGCCAUCAGCGCUUGGAUACCCAUCGCAAGAACGCCGUGCAGCAUCCUUCCCAUGGUUAUUUGAGAGCAAUAGCGCAUCUUAGCAGGAGGGUAGUCCUGCAAGUGUUAGACUAUUAGCGGGAGCCCUAGUGGUAGAUCUGCAGGAUGGCUCAAAAUCCUGCACCACGGCACGGAGAAAGAAGGAUGACGUAACAACCGCUCAGACGCGGACACGUAUGGUCGUGUCGUCGUCACACUCGAGAUACAUGCGAACCAUUAAGCUGUCCUGUUCUAAUAUCAGUUGUAGUAUGGCACAAAGCCCUUGCCUAGGUCGCCUCGCAGAUUAAGACCAACUGUCAUAUA
11	0.8759304881095886	0.8761062026023865	3	12	6	6	6	6	780	400	GGUGCACUGCGAUACAAAAAACCUUUAAGCGCCCGUUGGGUCGUAAAGUCUAGCAGUAUGCCAUCAGCGCUUGGAUACCCAUCGCAAGAACGCCGUGCAGCAUCCUUCCCAUGGUUAUUUGAGAGCAAUAGCGCAUCUUAGCAGGAGGGUAGUCCUGCAAGUGUUAGACUAUUAGCGGGAGCCCUAGUGGUAGAUCUGCAGGAUGGCUCAAAAUCCUGCACCACGGCACGGAGAAAGAAGGAUGACGUAACAACCGCUCAGACGCGGACACGUAUGGUCGUGUCGUCGUCACACUCGAGAUACAUGCGAACCAUUAAGCUGUCCUGUUCUAAUAUCAGUUGUAGUAUGGCACAAAGCCCUUGCCUAGGUCGCCUCGCAGAUUAAGACCAACUGUCAUAUA
11	0.8759304881095886	0.8761062026023865	4	12	6	6	6	6	780	400	GGUGCACUGCGAUACAAAAAACCUUUAAGCGCCCGUUGGGUCGUAAAGUCUAGCAGUAUGCCAUCAGCGCUUGGAUACCCAUCGCAAGAACGCCGUGCAGCAUCCUUCCCAUGGUUAUUUGAGAGCAAUAGCGCAUCUUAGCAGGAGGGUAGUCCUGCAAGUGUUAGACUAUUAGCGGGAGCCCUAGUGGUAGAUCUGCAGGAUGGCUCAAAAUCCUGCACCACGGCACGGAGAAAGAAGGAUGACGUAACAACCGCUCAGACGCGGACACGUAUGGUCGUGUCGUCGUCACACUCGAGAUACAUGCGAACCAUUAAGCUGUCCUGUUCUAAUAUCAGUUGUAGUAUGGCACAAAGCCCUUGCCUAGGUCGCCUCGCAGAUUAAGACCAACUGUCAUAUA
11	0.9510514736175537	0.9511110782623291	5	12	6	6	6	6	780	400	GGUGCACUGCGAUACAAAAAACCUUUAAGCGCCCGUUGGGUCGUAAAGUCUAGCAGUAUGCCAUCAGCGCUUGGAUACCCAUCGCAAGAACGCCGUGCAGCAUCCUUCCCAUGGUUAUUUGAGAGCAAUAGCGCAUCUUAGCAGGAGGGUAGUCCUGCAAGUGUUAGACUAUUAGCGGGAGCCCUAGUGGUAGAUCUGCAGGAUGGCUCAAAAUCCUGCACCACGGCACGGAGAAAGAAGGAUGACGUAACAACCGCUCAGACGCGGACACGUAUGGUCGUGUCGUCGUCACACUCGAGAUACAUGCGAACCAUUAAGCUGUCCUGUUCUAAUAUCAGUUGUAGUAUGGCACAAAGCCCUUGCCUAGGUCGCCUCGCAGAUUAAGACCAACUGUCAUAUA
11	0.8682663440704346	0.8684210777282715	6	12	6	6	6	6	780	400	GGUGCACUGCGAUACAAAAAACCUUUAAGCGCCCGUUGGGUCGUAAAGUCUAGCAGUAUGCCAUCAGCGCUUGGAUACCCAUCGCAAGAACGCCGUGCAGCAUCCUUCCCAUGGUUAUUUGAGAGCAAUAGCGCAUCUUAGCAGGAGGGUAGUCCUGCAAGUGUUAGACUAUUAGCGGGAGCCCUAGUGGUAGAUCUGCAGGAUGGCUCAAAAUCCUGCACCACGGCACGGAGAAAGAAGGAUGACGUAACAACCGCUCAGACGCGGACACGUAUGGUCGUGUCGUCGUCACACUCGAGAUACAUGCGAACCAUUAAGCUGUCCUGUUCUAAUAUCAGUUGUAGUAUGGCACAAAGCCCUUGCCUAGGUCGCCUCGCAGAUUAAGACCAACUGUCAUAUA
11	0.8682663440704346	0.8684210777282715	7	12	6	6	6	6	780	400	GGUGCACUGCGAUACAAAAAACCUUUAAGCGCCCGUUGGGUCGUAAAGUCUAGCAGUAUGCCAUCAGCGCUUGGAUACCCAUCGCAAGAACGCCGUGCAGCAUCCUUCCCAUGGUUAUUUGAGAGCAAUAGCGCAUCUUAGCAGGAGGGUAGUCCUGCAAGUGUUAGACUAUUAGCGGGAGCCCUAGUGGUAGAUCUGCAGGAUGGCUCAAAAUCCUGCACCACGGCACGGAGAAAGAAGGAUGACGUAACAACCGCUCAGACGCGGACACGUAUGGUCGUGUCGUCGUCACACUCGAGAUACAUGCGAACCAUUAAGCUGUCCUGUUCUAAUAUCAGUUGUAGUAUGGCACAAAGCCCUUGCCUAGGUCGCCUCGCAGAUUAAGACCAACUGUCAUAUA
11	0.9782187342643738	0.9781659245491028	8	12	6	6	6	6	780	400	GGUGCACUGCGAUACAAAAAACCUUUAAGCGCCCGUUGGGUCGUAAAGUCUAGCAGUAUGCCAUCAGCGCUUGGAUACCCAUCGCAAGAACGCCGUGCAGCAUCCUUCCCAUGGUUAUUUGAGAGCAAUAGCGCAUCUUAGCAGGAGGGUAGUCCUGCAAGUGUUAGACUAUUAGCGGGAGCCCUAGUGGUAGAUCUGCAGGAUGGCUCAAAAUCCUGCACCACGGCACGGAGAAAGAAGGAUGACGUAACAACCGCUCAGACGCGGACACGUAUGGUCGUGUCGUCGUCACACUCGAGAUACAUGCGAACCAUUAAGCUGUCCUGUUCUAAUAUCAGUUGUAGUAUGGCACAAAGCCCUUGCCUAGGUCGCCUCGCAGAUUAAGACCAACUGUCAUAUA
11	0.9827326536178589	0.9826086759567261	9	12	6	6	6	6	780	400	GGUGCACUGCGAUACAAAAAACCUUUAAGCGCCCGUUGGGUCGUAAAGUCUAGCAGUAUGCCAUCAGCGCUUGGAUACCCAUCGCAAGAACGCCGUGCAGCAUCCUUCCCAUGGUUAUUUGAGAGCAAUAGCGCAUCUUAGCAGGAGGGUAGUCCUGCAAGUGUUAGACUAUUAGCGGGAGCCCUAGUGGUAGAUCUGCAGGAUGGCUCAAAAUCCUGCACCACGGCACGGAGAAAGAAGGAUGACGUAACAACCGCUCAGACGCGGACACGUAUGGUCGUGUCGUCGUCACACUCGAGAUACAUGCGAACCAUUAAGCUGUCCUGUUCUAAUAUCAGUUGUAGUAUGGCACAAAGCCCUUGCCUAGGUCGCCUCGCAGAUUAAGACCAACUGUCAUAUA
11	0.960724949836731	0.9606987237930298	10	12	6	6	6	6	780	400	GGUGCACUGCGAUACAAAAAACCUUUAAGCGCCCGUUGGGUCGUAAAGUCUAGCAGUAUGCCAUCAGCGCUUGGAUACCCAUCGCAAGAACGCCGUGCAGCAUCCUUCCCAUGGUUAUUUGAGAGCAAUAGCGCAUCUUAGCAGGAGGGUAGUCCUGCAAGUGUUAGACUAUUAGCGGGAGCCCUAGUGGUAGAUCUGCAGGAUGGCUCAAAAUCCUGCACCACGGCACGGAGAAAGAAGGAUGACGUAACAACCGCUCAGACGCGGACACGUAUGGUCGUGUCGUCGUCACACUCGAGAUACAUGCGAACCAUUAAGCUGUCCUGUUCUAAUAUCAGUUGUAGUAUGGCACAAAGCCCUUGCCUAGGUCGCCUCGCAGAUUAAGACCAACUGUCAUAUA
11	0.9785535335540771	0.9783549904823303	11	12	6	6	6	6	780	400	GGUGCACUGCGAUACAAAAAACCUUUAAGCGCCCGUUGGGUCGUAAAGUCUAGCAGUAUGCCAUCAGCGCUUGGAUACCCAUCGCAAGAACGCCGUGCAGCAUCCUUCCCAUGGUUAUUUGAGAGCAAUAGCGCAUCUUAGCAGGAGGGUAGUCCUGCAAGUGUUAGACUAUUAGCGGGAGCCCUAGUGGUAGAUCUGCAGGAUGGCUCAAAAUCCUGCACCACGGCACGGAGAAAGAAGGAUGACGUAACAACCGCUCAGACGCGGACACGUAUGGUCGUGUCGUCGUCACACUCGAGAUACAUGCGAACCAUUAAGCUGUCCUGUUCUAAUAUCAGUUGUAGUAUGGCACAAAGCCCUUGCCUAGGUCGCCUCGCAGAUUAAGACCAACUGUCAUAUA
11	0.9445521235466003	0.9442060589790344	12	12	6	6	6	6	780	400	GGUGCACUGCGAUACAAAAAACCUUUAAGCGCCCGUUGGGUCGUAAAGUCUAGCAGUAUGCCAUCAGCGCUUGGAUACCCAUCGCAAGAACGCCGUGCAGCAUCCUUCCCAUGGUUAUUUGAGAGCAAUAGCGCAUCUUAGCAGGAGGGUAGUCCUGCAAGUGUUAGACUAUUAGCGGGAGCCCUAGUGGUAGAUCUGCAGGAUGGCUCAAAAUCCUGCACCACGGCACGGAGAAAGAAGGAUGACGUAACAACCGCUCAGACGCGGACACGUAUGGUCGUGUCGUCGUCACACUCGAGAUACAUGCGAACCAUUAAGCUGUCCUGUUCUAAUAUCAGUUGUAGUAUGGCACAAAGCCCUUGCCUAGGUCGCCUCGCAGAUUAAGACCAACUGUCAUAUA
11	0.9744272232055664	0.9741379618644714	13	12	6	6	6	6	780	400	GGUGCACUGCGAUACAAAAAACCUUUAAGCGCCCGUUGGGUCGUAAAGUCUAGCAGUAUGCCAUCAGCGCUUGGAUACCCAUCGCAAGAACGCCGUGCAGCAUCCUUCCCAUGGUUAUUUGAGAGCAAUAGCGCAUCUUAGCAGGAGGGUAGUCCUGCAAGUGUUAGACUAUUAGCGGGAGCCCUAGUGGUAGAUCUGCAGGAUGGCUCAAAAUCCUGCACCACGGCACGGAGAAAGAAGGAUGACGUAACAACCGCUCAGACGCGGACACGUAUGGUCGUGUCGUCGUCACACUCGAGAUACAUGCGAACCAUUAAGCUGUCCUGUUCUAAUAUCAGUUGUAGUAUGGCACAAAGCCCUUGCCUAGGUCGCCUCGCAGAUUAAGACCAACUGUCAUAUA
11	0.9617523550987244	0.9613733887672424	13	12	6	6	6	6	780	400	GGUGCACUGCGAUACAAAAAACCUUUAAGCGCCCGUUGGGUCGUAAAGUCUAGCAGUAUGCCAUCAGCGCUUGGAUACCCAUCGCAAGAACGCCGUGCAGCAUCCUUCCCAUGGUUAUUUGAGAGCAAUAGCGCAUCUUAGCAGGAGGGUAGUCCUGCAAGUGUUAGACUAUUAGCGGGAGCCCUAGUGGUAGAUCUGCAGGAUGGCUCAAAAUCCUGCACCACGGCACGGAGAAAGAAGGAUGACGUAACAACCGCUCAGACGCGGACACGUAUGGUCGUGUCGUCGUCACACUCGAGAUACAUGCGAACCAUUAAGCUGUCCUGUUCUAAUAUCAGUUGUAGUAUGGCACAAAGCCCUUGCCUAGGUCGCCUCGCAGAUUAAGACCAACUGUCAUAUA
11	0.9744272232055664	0.9741379618644714	14	12	6	6	6	6	780	400	GGUGCACUGCGAUACAAAAAACCUUUAAGCGCCCGUUGGGUCGUAAAGUCUAGCAGUAUGCCAUCAGCGCUUGGAUACCCAUCGCAAGAACGCCGUGCAGCAUCCUUCCCAUGGUUAUUUGAGAGCAAUAGCGCAUCUUAGCAGGAGGGUAGUCCUGCAAGUGUUAGACUAUUAGCGGGAGCCCUAGUGGUAGAUCUGCAGGAUGGCUCAAAAUCCUGCACCACGGCACGGAGAAAGAAGGAUGACGUAACAACCGCUCAGACGCGGACACGUAUGGUCGUGUCGUCGUCACACUCGAGAUACAUGCGAACCAUUAAGCUGUCCUGUUCUAAUAUCAGUUGUAGUAUGGCACAAAGCCCUUGCCUAGGUCGCCUCGCAGAUUAAGACCAACUGUCAUAUA
11	0.9827326536178589	0.9826086759567261	14	12	6	6	6	6	780	400	GGUGCACUGCGAUACAAAAAACCUUUAAGCGCCCGUUGGGUCGUAAAGUCUAGCAGUAUGCCAUCAGCGCUUGGAUACCCAUCGCAAGAACGCCGUGCAGCAUCCUUCCCAUGGUUAUUUGAGAGCAAUAGCGCAUCUUAGCAGGAGGGUAGUCCUGCAAGUGUUAGACUAUUAGCGGGAGCCCUAGUGGUAGAUCUGCAGGAUGGCUCAAAAUCCUGCACCACGGCACGGAGAAAGAAGGAUGACGUAACAACCGCUCAGACGCGGACACGUAUGGUCGUGUCGUCGUCACACUCGAGAUACAUGCGAACCAUUAAGCUGUCCUGUUCUAAUAUCAGUUGUAGUAUGGCACAAAGCCCUUGCCUAGGUCGCCUCGCAGAUUAAGACCAACUGUCAUAUA
11	0.9785535335540771	0.9783549904823303	13	12	6	6	6	6	780	400	GGUGCACUGCGAUACAAAAAACCUUUAAGCGCCCGUUGGGUCGUAAAGUCUAGCAGUAUGCCAUCAGCGCUUGGAUACCCAUCGCAAGAACGCCGUGCAGCAUCCUUCCCAUGGUUAUUUGAGAGCAAUAGCGCAUCUUAGCAGGAGGGUAGUCCUGCAAGUGUUAGACUAUUAGCGGGAGCCCUAGUGGUAGAUCUGCAGGAUGGCUCAAAAUCCUGCACCACGGCACGGAGAAAGAAGGAUGACGUAACAACCGCUCAGACGCGGACACGUAUGGUCGUGUCGUCGUCACACUCGAGAUACAUGCGAACCAUUAAGCUGUCCUGUUCUAAUAUCAGUUGUAGUAUGGCACAAAGCCCUUGCCUAGGUCGCCUCGCAGAUUAAGACCAACUGUCAUAUA
11	0.9827326536178589	0.9826086759567261	13	12	6	6	6	6	780	400	GGUGCACUGCGAUACAAAAAACCUUUAAGCGCCCGUUGGGUCGUAAAGUCUAGCAGUAUGCCAUCAGCGCUUGGAUACCCAUCGCAAGAACGCCGUGCAGCAUCCUUCCCAUGGUUAUUUGAGAGCAAUAGCGCAUCUUAGCAGGAGGGUAGUCCUGCAAGUGUUAGACUAUUAGCGGGAGCCCUAGUGGUAGAUCUGCAGGAUGGCUCAAAAUCCUGCACCACGGCACGGAGAAAGAAGGAUGACGUAACAACCGCUCAGACGCGGACACGUAUGGUCGUGUCGUCGUCACACUCGAGAUACAUGCGAACCAUUAAGCUGUCCUGUUCUAAUAUCAGUUGUAGUAUGGCACAAAGCCCUUGCCUAGGUCGCCUCGCAGAUUAAGACCAACUGUCAUAUA
11	0.9538244009017944	0.9531914591789246	14	12	6	6	6	6	780	400	GGUGCACUGCGAUACAAAAAACCUUUAAGCGCCCGUUGGGUCGUAAAGUCUAGCAGUAUGCCAUCAGCGCUUGGAUACCCAUCGCAAGAACGCCGUGCAGCAUCCUUCCCAUGGUUAUUUGAGAGCAAUAGCGCAUCUUAGCAGGAGGGUAGUCCUGCAAGUGUUAGACUAUUAGCGGGAGCCCUAGUGGUAGAUCUGCAGGAUGGCUCAAAAUCCUGCACCACGGCACGGAGAAAGAAGGAUGACGUAACAACCGCUCAGACGCGGACACGUAUGGUCGUGUCGUCGUCACACUCGAGAUACAUGCGAACCAUUAAGCUGUCCUGUUCUAAUAUCAGUUGUAGUAUGGCACAAAGCCCUUGCCUAGGUCGCCUCGCAGAUUAAGACCAACUGUCAUAUA
11	0.9525357484817505	0.9523809552192688	13	12	6	6	6	6	780	400	GGUGCACUGCGAUACAAAAAACCUUUAAGCGCCCGUUGGGUCGUAAAGUCUAGCAGUAUGCCAUCAGCGCUUGGAUACCCAUCGCAAGAACGCCGUGCAGCAUCCUUCCCAUGGUUAUUUGAGAGCAAUAGCGCAUCUUAGCAGGAGGGUAGUCCUGCAAGUGUUAGACUAUUAGCGGGAGCCCUAGUGGUAGAUCUGCAGGAUGGCUCAAAAUCCUGCACCACGGCACGGAGAAAGAAGGAUGACGUAACAACCGCUCAGACGCGGACACGUAUGGUCGUGUCGUCGUCACACUCGAGAUACAUGCGAACCAUUAAGCUGUCCUGUUCUAAUAUCAGUUGUAGUAUGGCACAAAGCCCUUGCCUAGGUCGCCUCGCAGAUUAAGACCAACUGUCAUAUA
11	0.8757511377334595	0.8755365014076233	14	12	6	6	6	6	780	400	GGUGCACUGCGAUACAAAAAACCUUUAAGCGCCCGUUGGGUCGUAAAGUCUAGCAGUAUGCCAUCAGCGCUUGGAUACCCAUCGCAAGAACGCCGUGCAGCAUCCUUCCCAUGGUUAUUUGAGAGCAAUAGCGCAUCUUAGCAGGAGGGUAGUCCUGCAAGUGUUAGACUAUUAGCGGGAGCCCUAGUGGUAGAUCUGCAGGAUGGCUCAAAAUCCUGCACCACGGCACGGAGAAAGAAGGAUGACGUAACAACCGCUCAGACGCGGACACGUAUGGUCGUGUCGUCGUCACACUCGAGAUACAUGCGAACCAUUAAGCUGUCCUGUUCUAAUAUCAGUUGUAGUAUGGCACAAAGCCCUUGCCUAGGUCGCCUCGCAGAUUAAGACCAACUGUCAUAUA
11	0.9571549296379089	0.9568965435028076	14	12	6	6	6	6	780	400	GGUGCACUGCGAUACAAAAAACCUUUAAGCGCCCGUUGGGUCGUAAAGUCUAGCAGUAUGCCAUCAGCGCUUGGAUACCCAUCGCAAGAACGCCGUGCAGCAUCCUUCCCAUGGUUAUUUGAGAGCAAUAGCGCAUCUUAGCAGGAGGGUAGUCCUGCAAGUGUUAGACUAUUAGCGGGAGCCCUAGUGGUAGAUCUGCAGGAUGGCUCAAAAUCCUGCACCACGGCACGGAGAAAGAAGGAUGACGUAACAACCGCUCAGACGCGGACACGUAUGGUCGUGUCGUCGUCACACUCGAGAUACAUGCGAACCAUUAAGCUGUCCUGUUCUAAUAUCAGUUGUAGUAUGGCACAAAGCCCUUGCCUAGGUCGCCUCGCAGAUUAAGACCAACUGUCAUAUA
11	0.9827326536178589	0.9826086759567261	13	12	6	6	6	6	780	400	GGUGCACUGCGAUACAAAAAACCUUUAAGCGCCCGUUGGGUCGUAAAGUCUAGCAGUAUGCCAUCAGCGCUUGGAUACCCAUCGCAAGAACGCCGUGCAGCAUCCUUCCCAUGGUUAUUUGAGAGCAAUAGCGCAUCUUAGCAGGAGGGUAGUCCUGCAAGUGUUAGACUAUUAGCGGGAGCCCUAGUGGUAGAUCUGCAGGAUGGCUCAAAAUCCUGCACCACGGCACGGAGAAAGAAGGAUGACGUAACAACCGCUCAGACGCGGACACGUAUGGUCGUGUCGUCGUCACACUCGAGAUACAUGCGAACCAUUAAGCUGUCCUGUUCUAAUAUCAGUUGUAGUAUGGCACAAAGCCCUUGCCUAGGUCGCCUCGCAGAUUAAGACCAACUGUCAUAUA
11	0.9445521235466003	0.9442060589790344	13	12	6	6	6	6	780	400	GGUGCACUGCGAUACAAAAAACCUUUAAGCGCCCGUUGGGUCGUAAAGUCUAGCAGUAUGCCAUCAGCGCUUGGAUACCCAUCGCAAGAACGCCGUGCAGCAUCCUUCCCAUGGUUAUUUGAGAGCAAUAGCGCAUCUUAGCAGGAGGGUAGUCCUGCAAGUGUUAGACUAUUAGCGGGAGCCCUAGUGGUAGAUCUGCAGGAUGGCUCAAAAUCCUGCACCACGGCACGGAGAAAGAAGGAUGACGUAACAACCGCUCAGACGCGGACACGUAUGGUCGUGUCGUCGUCACACUCGAGAUACAUGCGAACCAUUAAGCUGUCCUGUUCUAAUAUCAGUUGUAGUAUGGCACAAAGCCCUUGCCUAGGUCGCCUCGCAGAUUAAGACCAACUGUCAUAUA
11	0.9612083435058594	0.9610388875007629	15	12	6	6	6	6	780	400	GGUGCACUGCGAUACAAAAAACCUUUAAGCGCCCGUUGGGUCGUAAAGUCUAGCAGUAUGCCAUCAGCGCUUGGAUACCCAUCGCAAGAACGCCGUGCAGCAUCCUUCCCAUGGUUAUUUGAGAGCAAUAGCGCAUCUUAGCAGGAGGGUAGUCCUGCAAGUGUUAGACUAUUAGCGGGAGCCCUAGUGGUAGAUCUGCAGGAUGGCUCAAAAUCCUGCACCACGGCACGGAGAAAGAAGGAUGACGUAACAACCGCUCAGACGCGGACACGUAUGGUCGUGUCGUCGUCACACUCGAGAUACAUGCGAACCAUUAAGCUGUCCUGUUCUAAUAUCAGUUGUAGUAUGGCACAAAGCCCUUGCCUAGGUCGCCUCGCAGAUUAAGACCAACUGUCAUAUA
11	0.9485188126564026	0.9482758641242981	14	12	6	6	6	6	780	400	GGUGCACUGCGAUACAAAAAACCUUUAAGCGCCCGUUGGGUCGUAAAGUCUAGCAGUAUGCCAUCAGCGCUUGGAUACCCAUCGCAAGAACGCCGUGCAGCAUCCUUCCCAUGGUUAUUUGAGAGCAAUAGCGCAUCUUAGCAGGAGGGUAGUCCUGCAAGUGUUAGACUAUUAGCGGGAGCCCUAGUGGUAGAUCUGCAGGAUGGCUCAAAAUCCUGCACCACGGCACGGAGAAAGAAGGAUGACGUAACAACCGCUCAGACGCGGACACGUAUGGUCGUGUCGUCGUCACACUCGAGAUACAUGCGAACCAUUAAGCUGUCCUGUUCUAAUAUCAGUUGUAGUAUGGCACAAAGCCCUUGCCUAGGUCGCCUCGCAGAUUAAGACCAACUGUCAUAUA
11	0.9485188126564026	0.9482758641242981	15	12	6	6	6	6	780	400	GGUGCACUGCGAUACAAAAAACCUUUAAGCGCCCGUUGGGUCGUAAAGUCUAGCAGUAUGCCAUCAGCGCUUGGAUACCCAUCGCAAGAACGCCGUGCAGCAUCCUUCCCAUGGUUAUUUGAGAGCAAUAGCGCAUCUUAGCAGGAGGGUAGUCCUGCAAGUGUUAGACUAUUAGCGGGAGCCCUAGUGGUAGAUCUGCAGGAUGGCUCAAAAUCCUGCACCACGGCACGGAGAAAGAAGGAUGACGUAACAACCGCUCAGACGCGGACACGUAUGGUCGUGUCGUCGUCACACUCGAGAUACAUGCGAACCAUUAAGCUGUCCUGUUCUAAUAUCAGUUGUAGUAUGGCACAAAGCCCUUGCCUAGGUCGCCUCGCAGAUUAAGACCAACUGUCAUAUA
11	0.9744272232055664	0.9741379618644714	13	12	6	6	6	6	780	400	GGUGCACUGCGAUACAAAAAACCUUUAAGCGCCCGUUGGGUCGUAAAGUCUAGCAGUAUGCCAUCAGCGCUUGGAUACCCAUCGCAAGAACGCCGUGCAGCAUCCUUCCCAUGGUUAUUUGAGAGCAAUAGCGCAUCUUAGCAGGAGGGUAGUCCUGCAAGUGUUAGACUAUUAGCGGGAGCCCUAGUGGUAGAUCUGCAGGAUGGCUCAAAAUCCUGCACCACGGCACGGAGAAAGAAGGAUGACGUAACAACCGCUCAGACGCGGACACGUAUGGUCGUGUCGUCGUCACACUCGAGAUACAUGCGAACCAUUAAGCUGUCCUGUUCUAAUAUCAGUUGUAGUAUGGCACAAAGCCCUUGCCUAGGUCGCCUCGCAGAUUAAGACCAACUGUCAUAUA
11	0.9827326536178589	0.9826086759567261	13	12	6	6	6	6	780	400	GGUGCACUGCGAUACAAAAAACCUUUAAGCGCCCGUUGGGUCGUAAAGUCUAGCAGUAUGCCAUCAGCGCUUGGAUACCCAUCGCAAGAACGCCGUGCAGCAUCCUUCCCAUGGUUAUUUGAGAGCAAUAGCGCAUCUUAGCAGGAGGGUAGUCCUGCAAGUGUUAGACUAUUAGCGGGAGCCCUAGUGGUAGAUCUGCAGGAUGGCUCAAAAUCCUGCACCACGGCACGGAGAAAGAAGGAUGACGUAACAACCGCUCAGACGCGGACACGUAUGGUCGUGUCGUCGUCACACUCGAGAUACAUGCGAACCAUUAAGCUGUCCUGUUCUAAUAUCAGUUGUAGUAUGGCACAAAGCCCUUGCCUAGGUCGCCUCGCAGAUUAAGACCAACUGUCAUAUA
12	0.8371473550796509	0.8373983502388	1	12	6	6	6	6	780	400	GGUACUGCUGAGCCCUUCGUCAACCGGAACAGACGGAGUGUCAGGGUACCUAGCACUCAAGUUAAGCACGAGGGCCGUGCAUCACUCCGCCAUCAAACCCCGCCCAGGUAUCCAUACUCCAACUGAGAUGUAACUCAGGCAGGGAACAAGAUGCACAUGAUGAAAAUACUCUCGAGACCACGACUCGACGUGAGCAAAUGACUCUCAUUUAUCAAUUAAUGAUAUCCGAGGUUCAUUUUCAGAUUGGCGCGUACCCGAAAUUACCUACGAUGAGAUCUUAAACGACUAUUUCAGCCACGGCGCGUUCCAUGCAUAAGGUGGGCCAUCACAUAGGCCAGGAUAGAUACCGAGGUCUAUUCAGUUGUGGUUACCUCAGUGAGCGCUGCUUAACGUUGAAAUU
12	0.7557210326194763	0.7560975551605225	2	12	6	6	6	6	780	400	GGUACUGCUGAGCCCUUCGUCAACCGGAACAGACGGAGUGUCAGGGUACCUAGCACUCAAGUUAAGCACGAGGGCCGUGCAUCACUCCGCCAUCAAACCCCGCCCAGGUAUCCAUACUCCAACUGAGAUGUAACUCAGGCAGGGAACAAGAUGCACAUGAUGAAAAUACUCUCGAGACCACGACUCGACGUGAGCAAAUGACUCUCAUUUAUCAAUUAAUGAUAUCCGAGGUUCAUUUUCAGAUUGGCGCGUACCCGAAAUUACCUACGAUGAGAUCUUAAACGACUAUUUCAGCCACGGCGCGUUCCAUGCAUAAGGUGGGCCAUCACAUAGGCCAGGAUAGAUACCGAGGUCUAUUCAGUUGUGGUUACCUCAGUGAGCGCUGCUUAACGUUGAAAUU
12	0.8276332020759583	0.8278688192367554	3	12	6	6	6	6	780	400	GGUACUGCUGAGCCCUUCGUCAACCGGAACAGACGGAGUGUCAGGGUACCUAGCACUCAAGUUAAGCACGAGGGCCGUGCAUCACUCCGCCAUCAAACCCCGCCCAGGUAUCCAUACUCCAACUGAGAUGUAACUCAGGCAGGGAACAAGAUGCACAUGAUGAAAAUACUCUCGAGACCACGACUCGACGUGAGCAAAUGACUCUCAUUUAUCAAUUAAUGAUAUCCGAGGUUCAUUUUCAGAUUGGCGCGUACCCGAAAUUACCUACGAUGAGAUCUUAAACGACUAUUUCAGCCACGGCGCGUUCCAUGCAUAAGGUGGGCCAUCACAUAGGCCAGGAUAGAUACCGAGGUCUAUUCAGUUGUGGUUACCUCAGUGAGCGCUGCUUAACGUUGAAAUU
12	0.8304087519645691	0.8306451439857483	4	12	6	6	6	6	780	400	GGUACUGCUGAGCCCUUCGUCAACCGGAACAGACGGAGUGUCAGGGUACCUAGCACUCAAGUUAAGCACGAGGGCCGUGCAUCACUCCGCCAUCAAACCCCGCCCAGGUAUCCAUACUCCAACUGAGAUGUAACUCAGGCAGGGAACAAGAUGCACAUGAUGAAAAUACUCUCGAGACCACGACUCGACGUGAGCAAAUGACUCUCAUUUAUCAAUUAAUGAUAUCCGAGGUUCAUUUUCAGAUUGGCGCGUACCCGAAAUUACCUACGAUGAGAUCUUAAACGACUAUUUCAGCCACGGCGCGUUCCAUGCAUAAGGUGGGCCAUCACAUAGGCCAGGAUAGAUACCGAGGUCUAUUCAGUUGUGGUUACCUCAGUGAGCGCUGCUUAACGUUGAAAUU
12	0.8499772548675537	0.8502024412155151	5	12	6	6	6	6	780	400	GGUACUGCUGAGCCCUUCGUCAACCGGAACAGACGGAGUGUCAGGGUACCUAGCACUCAAGUUAAGCACGAGGGCCGUGCAUCACUCCGCCAUCAAACCCCGCCCAGGUAUCCAUACUCCAACUGAGAUGUAACUCAGGCAGGGAACAAGAUGCACAUGAUGAAAAUACUCUCGAGACCACGACUCGACGUGAGCAAAUGACUCUCAUUUAUCAAUUAAUGAUAUCCGAGGUUCAUUUUCAGAUUGGCGCGUACCCGAAAUUACCUACGAUGAGAUCUUAAACGACUAUUUCAGCCACGGCGCGUUCCAUGCAUAAGGUGGGCCAUCACAUAGGCCAGGAUAGAUACCGAGGUCUAUUCAGUUGUGGUUACCUCAGUGAGCGCUGCUUAACGUUGAAAUU
12	0.831843376159668	0.8320000171661377	6	12	6	6	6	6	780	400	GGUACUGCUGAGCCCUUCGUCAACCGGAACAGACGGAGUGUCAGGGUACCUAGCACUCAAGUUAAGCACGAGGGCCGUGCAUCACUCCGCCAUCAAACCCCGCCCAGGUAUCCAUACUCCAACUGAGAUGUAACUCAGGCAGGGAACAAGAUGCACAUGAUGAAAAUACUCUCGAGACCACGACUCGACGUGAGCAAAUGACUCUCAUUUAUCAAUUAAUGAUAUCCGAGGUUCAUUUUCAGAUUGGCGCGUACCCGAAAUUACCUACGAUGAGAUCUUAAACGACUAUUUCAGCCACGGCGCGUUCCAUGCAUAAGGUGGGCCAUCACAUAGGCCAGGAUAGAUACCGAGGUCUAUUCAGUUGUGGUUACCUCAGUGAGCGCUGCUUAACGUUGAAAUU
12	0.8512355089187622	0.8514056205749512	7	12	6	6	6	6	780	400	GGUACUGCUGAGCCCUUCGUCAACCGGAACAGACGGAGUGUCAGGGUACCUAGCACUCAAGUUAAGCACGAGGGCCGUGCAUCACUCCGCCAUCAAACCCCGCCCAGGUAUCCAUACUCCAACUGAGAUGUAACUCAGGCAGGGAACAAGAUGCACAUGAUGAAAAUACUCUCGAGACCACGACUCGACGUGAGCAAAUGACUCUCAUUUAUCAAUUAAUGAUAUCCGAGGUUCAUUUUCAGAUUGGCGCGUACCCGAAAUUACCUACGAUGAGAUCUUAAACGACUAUUUCAGCCACGGCGCGUUCCAUGCAUAAGGUGGGCCAUCACAUAGGCCAGGAUAGAUACCGAGGUCUAUUCAGUUGUGGUUACCUCAGUGAGCGCUGCUUAACGUUGAAAUU
12	0.8478704690933228	0.8480000495910645	8	12	6	6	6	6	780	400	GGUACUGCUGAGCCCUUCGUCAACCGGAACAGACGGAGUGUCAGGGUACCUAGCACUCAAGUUAAGCACGAGGGCCGUGCAUCACUCCGCCAUCAAACCCCGCCCAGGUAUCCAUACUCCAACUGAGAUGUAACUCAGGCAGGGAACAAGAUGCACAUGAUGAAAAUACUCUCGAGACCACGACUCGACGUGAGCAAAUGACUCUCAUUUAUCAAUUAAUGAUAUCCGAGGUUCAUUUUCAGAUUGGCGCGUACCCGAAAUUACCUACGAUGAGAUCUUAAACGACUAUUUCAGCCACGGCGCGUUCCAUGCAUAAGGUGGGCCAUCACAUAGGCCAGGAUAGAUACCGAGGUCUAUUCAGUUGUGGUUACCUCAGUGAGCGCUGCUUAACGUUGAAAUU
12	0.831843376159668	0.8320000171661377	9	12	6	6	6	6	780	400	GGUACUGCUGAGCCCUUCGUCAACCGGAACAGACGGAGUGUCAGGGUACCUAGCACUCAAGUUAAGCACGAGGGCCGUGCAUCACUCCGCCAUCAAACCCCGCCCAGGUAUCCAUACUCCAACUGAGAUGUAACUCAGGCAGGGAACAAGAUGCACAUGAUGAAAAUACUCUCGAGACCACGACUCGACGUGAGCAAAUGACUCUCAUUUAUCAAUUAAUGAUAUCCGAGGUUCAUUUUCAGAUUGGCGCGUACCCGAAAUUACCUACGAUGAGAUCUUAAACGACUAUUUCAGCCACGGCGCGUUCCAUGCAUAAGGUGGGCCAUCACAUAGGCCAGGAUAGAUACCGAGGUCUAUUCAGUUGUGGUUACCUCAGUGAGCGCUGCUUAACGUUGAAAUU
12	0.8571608066558838	0.8571428060531616	10	12	6	6	6	6	780	400	GGUACUGCUGAGCCCUUCGUCAACCGGAACAGACGGAGUGUCAGGGUACCUAGCACUCAAGUUAAGCACGAGGGCCGUGCAUCACUCCGCCAUCAAACCCCGCCCAGGUAUCCAUACUCCAACUGAGAUGUAACUCAGGCAGGGAACAAGAUGCACAUGAUGAAAAUACUCUCGAGACCACGACUCGACGUGAGCAAAUGACUCUCAUUUAUCAAUUAAUGAUAUCCGAGGUUCAUUUUCAGAUUGGCGCGUACCCGAAAUUACCUACGAUGAGAUCUUAAACGACUAUUUCAGCCACGGCGCGUUCCAUGCAUAAGGUGGGCCAUCACAUAGGCCAGGAUAGAUACCGAGGUCUAUUCAGUUGUGGUUACCUCAGUGAGCGCUGCUUAACGUUGAAAUU
12	0.9280062317848206	0.9279999732971191	11	12	6	6	6	6	780	400	GGUACUGCUGAGCCCUUCGUCAACCGGAACAGACGGAGUGUCAGGGUACCUAGCACUCAAGUUAAGCACGAGGGCCGUGCAUCACUCCGCCAUCAAACCCCGCCCAGGUAUCCAUACUCCAACUGAGAUGUAACUCAGGCAGGGAACAAGAUGCACAUGAUGAAAAUACUCUCGAGACCACGACUCGACGUGAGCAAAUGACUCUCAUUUAUCAAUUAAUGAUAUCCGAGGUUCAUUUUCAGAUUGGCGCGUACCCGAAAUUACCUACGAUGAGAUCUUAAACGACUAUUUCAGCCACGGCGCGUUCCAUGCAUAAGGUGGGCCAUCACAUAGGCCAGGAUAGAUACCGAGGUCUAUUCAGUUGUGGUUACCUCAGUGAGCGCUGCUUAACGUUGAAAUU
12	0.9280062317848206	0.9279999732971191	12	12	6	6	6	6	780	400	GGUACUGCUGAGCCCUUCGUCAACCGGAACAGACGGAGUGUCAGGGUACCUAGCACUCAAGUUAAGCACGAGGGCCGUGCAUCACUCCGCCAUCAAACCCCGCCCAGGUAUCCAUACUCCAACUGAGAUGUAACUCAGGCAGGGAACAAGAUGCACAUGAUGAAAAUACUCUCGAGACCACGACUCGACGUGAGCAAAUGACUCUCAUUUAUCAAUUAAUGAUAUCCGAGGUUCAUUUUCAGAUUGGCGCGUACCCGAAAUUACCUACGAUGAGAUCUUAAACGACUAUUUCAGCCACGGCGCGUUCCAUGCAUAAGGUGGGCCAUCACAUAGGCCAGGAUAGAUACCGAGGUCUAUUCAGUUGUGGUUACCUCAGUGAGCGCUGCUUAACGUUGAAAUU
12	0.9092958569526672	0.9090909361839294	13	12	6	6	6	6	780	400	GGUACUGCUGAGCCCUUCGUCAACCGGAACAGACGGAGUGUCAGGGUACCUAGCACUCAAGUUAAGCACGAGGGCCGUGCAUCACUCCGCCAUCAAACCCCGCCCAGGUAUCCAUACUCCAACUGAGAUGUAACUCAGGCAGGGAACAAGAUGCACAUGAUGAAAAUACUCUCGAGACCACGACUCGACGUGAGCAAAUGACUCUCAUUUAUCAAUUAAUGAUAUCCGAGGUUCAUUUUCAGAUUGGCGCGUACCCGAAAUUACCUACGAUGAGAUCUUAAACGACUAUUUCAGCCACGGCGCGUUCCAUGCAUAAGGUGGGCCAUCACAUAGGCCAGGAUAGAUACCGAGGUCUAUUCAGUUGUGGUUACCUCAGUGAGCGCUGCUUAACGUUGAAAUU
12	0.9013751745223999	0.9011857509613037	13	12	6	6	6	6	780	400	GGUACUGCUGAGCCCUUCGUCAACCGGAACAGACGGAGUGUCAGGGUACCUAGCACUCAAGUUAAGCACGAGGGCCGUGCAUCACUCCGCCAUCAAACCCCGCCCAGGUAUCCAUACUCCAACUGAGAUGUAACUCAGGCAGGGAACAAGAUGCACAUGAUGAAAAUACUCUCGAGACCACGACUCGACGUGAGCAAAUGACUCUCAUUUAUCAAUUAAUGAUAUCCGAGGUUCAUUUUCAGAUUGGCGCGUACCCGAAAUUACCUACGAUGAGAUCUUAAACGACUAUUUCAGCCACGGCGCGUUCCAUGCAUAAGGUGGGCCAUCACAUAGGCCAGGAUAGAUACCGAGGUCUAUUCAGUUGUGGUUACCUCAGUGAGCGCUGCUUAACGUUGAAAUU
12	0.9067939519882202	0.9062499403953552	13	12	6	6	6	6	780	400	GGUACUGCUGAGCCCUUCGUCAACCGGAACAGACGGAGUGUCAGGGUACCUAGCACUCAAGUUAAGCACGAGGGCCGUGCAUCACUCCGCCAUCAAACCCCGCCCAGGUAUCCAUACUCCAACUGAGAUGUAACUCAGGCAGGGAACAAGAUGCACAUGAUGAAAAUACUCUCGAGACCACGACUCGACGUGAGCAAAUGACUCUCAUUUAUCAAUUAAUGAUAUCCGAGGUUCAUUUUCAGAUUGGCGCGUACCCGAAAUUACCUACGAUGAGAUCUUAAACGACUAUUUCAGCCACGGCGCGUUCCAUGCAUAAGGUGGGCCAUCACAUAGGCCAGGAUAGAUACCGAGGUCUAUUCAGUUGUGGUUACCUCAGUGAGCGCUGCUUAACGUUGAAAUU
12	0.8945075273513794	0.8941176533699036	13	12	6	6	6	6	780	400	GGUACUGCUGAGCCCUUCGUCAACCGGAACAGACGGAGUGUCAGGGUACCUAGCACUCAAGUUAAGCACGAGGGCCGUGCAUCACUCCGCCAUCAAACCCCGCCCAGGUAUCCAUACUCCAACUGAGAUGUAACUCAGGCAGGGAACAAGAUGCACAUGAUGAAAAUACUCUCGAGACCACGACUCGACGUGAGCAAAUGACUCUCAUUUAUCAAUUAAUGAUAUCCGAGGUUCAUUUUCAGAUUGGCGCGUACCCGAAAUUACCUACGAUGAGAUCUUAAACGACUAUUUCAGCCACGGCGCGUUCCAUGCAUAAGGUGGGCCAUCACAUAGGCCAGGAUAGAUACCGAGGUCUAUUCAGUUGUGGUUACCUCAGUGAGCGCUGCUUAACGUUGAAAUU
12	0.90581214427948	0.9055117964744568	14	12	6	6	6	6	780	400	GGUACUGCUGAGCCCUUCGUCAACCGGAACAGACGGAGUGUCAGGGUACCUAGCACUCAAGUUAAGCACGAGGGCCGUGCAUCACUCCGCCAUCAAACCCCGCCCAGGUAUCCAUACUCCAACUGAGAUGUAACUCAGGCAGGGAACAAGAUGCACAUGAUGAAAAUACUCUCGAGACCACGACUCGACGUGAGCAAAUGACUCUCAUUUAUCAAUUAAUGAUAUCCGAGGUUCAUUUUCAGAUUGGCGCGUACCCGAAAUUACCUACGAUGAGAUCUUAAACGACUAUUUCAGCCACGGCGCGUUCCAUGCAUAAGGUGGGCCAUCACAUAGGCCAGGAUAGAUACCGAGGUCUAUUCAGUUGUGGUUACCUCAGUGAGCGCUGCUUAACGUUGAAAUU
12	0.9084030985832214	0.9083665013313293	14	12	6	6	6	6	780	400	GGUACUGCUGAGCCCUUCGUCAACCGGAACAGACGGAGUGUCAGGGUACCUAGCACUCAAGUUAAGCACGAGGGCCGUGCAUCACUCCGCCAUCAAACCCCGCCCAGGUAUCCAUACUCCAACUGAGAUGUAACUCAGGCAGGGAACAAGAUGCACAUGAUGAAAAUACUCUCGAGACCACGACUCGACGUGAGCAAAUGACUCUCAUUUAUCAAUUAAUGAUAUCCGAGGUUCAUUUUCAGAUUGGCGCGUACCCGAAAUUACCUACGAUGAGAUCUUAAACGACUAUUUCAGCCACGGCGCGUUCCAUGCAUAAGGUGGGCCAUCACAUAGGCCAGGAUAGAUACCGAGGUCUAUUCAGUUGUGGUUACCUCAGUGAGCGCUGCUUAACGUUGAAAUU
12	0.9243676066398621	0.9243027567863464	13	12	6	6	6	6	780	400	GGUACUGCUGAGCCCUUCGUCAACCGGAACAGACGGAGUGUCAGGGUACCUAGCACUCAAGUUAAGCACGAGGGCCGUGCAUCACUCCGCCAUCAAACCCCGCCCAGGUAUCCAUACUCCAACUGAGAUGUAACUCAGGCAGGGAACAAGAUGCACAUGAUGAAAAUACUCUCGAGACCACGACUCGACGUGAGCAAAUGACUCUCAUUUAUCAAUUAAUGAUAUCCGAGGUUCAUUUUCAGAUUGGCGCGUACCCGAAAUUACCUACGAUGAGAUCUUAAACGACUAUUUCAGCCACGGCGCGUUCCAUGCAUAAGGUGGGCCAUCACAUAGGCCAGGAUAGAUACCGAGGUCUAUUCAGUUGUGGUUACCUCAGUGAGCGCUGCUUAACGUUGAAAUU
12	0.9215931296348572	0.921259880065918	12	12	6	6	6	6	780	400	GGUACUGCUGAGCCCUUCGUCAACCGGAACAGACGGAGUGUCAGGGUACCUAGCACUCAAGUUAAGCACGAGGGCCGUGCAUCACUCCGCCAUCAAACCCCGCCCAGGUAUCCAUACUCCAACUGAGAUGUAACUCAGGCAGGGAACAAGAUGCACAUGAUGAAAAUACUCUCGAGACCACGACUCGACGUGAGCAAAUGACUCUCAUUUAUCAAUUAAUGAUAUCCGAGGUUCAUUUUCAGAUUGGCGCGUACCCGAAAUUACCUACGAUGAGAUCUUAAACGACUAUUUCAGCCACGGCGCGUUCCAUGCAUAAGGUGGGCCAUCACAUAGGCCAGGAUAGAUACCGAGGUCUAUUCAGUUGUGGUUACCUCAGUGAGCGCUGCUUAACGUUGAAAUU
12	0.9172165989875793	0.9169960618019104	13	12	6	6	6	6	780	400	GGUACUGCUGAGCCCUUCGUCAACCGGAACAGACGGAGUGUCAGGGUACCUAGCACUCAAGUUAAGCACGAGGGCCGUGCAUCACUCCGCCAUCAAACCCCGCCCAGGUAUCCAUACUCCAACUGAGAUGUAACUCAGGCAGGGAACAAGAUGCACAUGAUGAAAAUACUCUCGAGACCACGACUCGACGUGAGCAAAUGACUCUCAUUUAUCAAUUAAUGAUAUCCGAGGUUCAUUUUCAGAUUGGCGCGUACCCGAAAUUACCUACGAUGAGAUCUUAAACGACUAUUUCAGCCACGGCGCGUUCCAUGCAUAAGGUGGGCCAUCACAUAGGCCAGGAUAGAUACCGAGGUCUAUUCAGUUGUGGUUACCUCAGUGAGCGCUGCUUAACGUUGAAAUU
12	0.9215931296348572	0.921259880065918	14	12	6	6	6	6	780	400	GGUACUGCUGAGCCCUUCGUCAACCGGAACAGACGGAGUGUCAGGGUACCUAGCACUCAAGUUAAGCACGAGGGCCGUGCAUCACUCCGCCAUCAAACCCCGCCCAGGUAUCCAUACUCCAACUGAGAUGUAACUCAGGCAGGGAACAAGAUGCACAUGAUGAAAAUACUCUCGAGACCACGACUCGACGUGAGCAAAUGACUCUCAUUUAUCAAUUAAUGAUAUCCGAGGUUCAUUUUCAGAUUGGCGCGUACCCGAAAUUACCUACGAUGAGAUCUUAAACGACUAUUUCAGCCACGGCGCGUUCCAUGCAUAAGGUGGGCCAUCACAUAGGCCAGGAUAGAUACCGAGGUCUAUUCAGUUGUGGUUACCUCAGUGAGCGCUGCUUAACGUUGAAAUU
12	0.9207713603973389	0.920634925365448	13	12	6	6	6	6	780	400	GGUACUGCUGAGCCCUUCGUCAACCGGAACAGACGGAGUGUCAGGGUACCUAGCACUCAAGUUAAGCACGAGGGCCGUGCAUCACUCCGCCAUCAAACCCCGCCCAGGUAUCCAUACUCCAACUGAGAUGUAACUCAGGCAGGGAACAAGAUGCACAUGAUGAAAAUACUCUCGAGACCACGACUCGACGUGAGCAAAUGACUCUCAUUUAUCAAUUAAUGAUAUCCGAGGUUCAUUUUCAGAUUGGCGCGUACCCGAAAUUACCUACGAUGAGAUCUUAAACGACUAUUUCAGCCACGGCGCGUUCCAUGCAUAAGGUGGGCCAUCACAUAGGCCAGGAUAGAUACCGAGGUCUAUUCAGUUGUGGUUACCUCAGUGAGCGCUGCUUAACGUUGAAAUU
12	0.9207713603973389	0.920634925365448	13	12	6	6	6	6	780	400	GGUACUGCUGAGCCCUUCGUCAACCGGAACAGACGGAGUGUCAGGGUACCUAGCACUCAAGUUAAGCACGAGGGCCGUGCAUCACUCCGCCAUCAAACCCCGCCCAGGUAUCCAUACUCCAACUGAGAUGUAACUCAGGCAGGGAACAAGAUGCACAUGAUGAAAAUACUCUCGAGACCACGACUCGACGUGAGCAAAUGACUCUCAUUUAUCAAUUAAUGAUAUCCGAGGUUCAUUUUCAGAUUGGCGCGUACCCGAAAUUACCUACGAUGAGAUCUUAAACGACUAUUUCAGCCACGGCGCGUUCCAUGCAUAAGGUGGGCCAUCACAUAGGCCAGGAUAGAUACCGAGGUCUAUUCAGUUGUGGUUACCUCAGUGAGCGCUGCUUAACGUUGAAAUU
12	0.9243676066398621	0.9243027567863464	12	12	6	6	6	6	780	400	GGUACUGCUGAGCCCUUCGUCAACCGGAACAGACGGAGUGUCAGGGUACCUAGCACUCAAGUUAAGCACGAGGGCCGUGCAUCACUCCGCCAUCAAACCCCGCCCAGGUAUCCAUACUCCAACUGAGAUGUAACUCAGGCAGGGAACAAGAUGCACAUGAUGAAAAUACUCUCGAGACCACGACUCGACGUGAGCAAAUGACUCUCAUUUAUCAAUUAAUGAUAUCCGAGGUUCAUUUUCAGAUUGGCGCGUACCCGAAAUUACCUACGAUGAGAUCUUAAACGACUAUUUCAGCCACGGCGCGUUCCAUGCAUAAGGUGGGCCAUCACAUAGGCCAGGAUAGAUACCGAGGUCUAUUCAGUUGUGGUUACCUCAGUGAGCGCUGCUUAACGUUGAAAUU
12	0.913702666759491	0.913385808467865	13	12	6	6	6	6	780	400	GGUACUGCUGAGCCCUUCGUCAACCGGAACAGACGGAGUGUCAGGGUACCUAGCACUCAAGUUAAGCACGAGGGCCGUGCAUCACUCCGCCAUCAAACCCCGCCCAGGUAUCCAUACUCCAACUGAGAUGUAACUCAGGCAGGGAACAAGAUGCACAUGAUGAAAAUACUCUCGAGACCACGACUCGACGUGAGCAAAUGACUCUCAUUUAUCAAUUAAUGAUAUCCGAGGUUCAUUUUCAGAUUGGCGCGUACCCGAAAUUACCUACGAUGAGAUCUUAAACGACUAUUUCAGCCACGGCGCGUUCCAUGCAUAAGGUGGGCCAUCACAUAGGCCAGGAUAGAUACCGAGGUCUAUUCAGUUGUGGUUACCUCAGUGAGCGCUGCUUAACGUUGAAAUU
12	0.9102286696434021	0.9098039269447327	12	12	6	6	6	6	780	400	GGUACUGCUGAGCCCUUCGUCAACCGGAACAGACGGAGUGUCAGGGUACCUAGCACUCAAGUUAAGCACGAGGGCCGUGCAUCACUCCGCCAUCAAACCCCGCCCAGGUAUCCAUACUCCAACUGAGAUGUAACUCAGGCAGGGAACAAGAUGCACAUGAUGAAAAUACUCUCGAGACCACGACUCGACGUGAGCAAAUGACUCUCAUUUAUCAAUUAAUGAUAUCCGAGGUUCAUUUUCAGAUUGGCGCGUACCCGAAAUUACCUACGAUGAGAUCUUAAACGACUAUUUCAGCCACGGCGCGUUCCAUGCAUAAGGUGGGCCAUCACAUAGGCCAGGAUAGAUACCGAGGUCUAUUCAGUUGUGGUUACCUCAGUGAGCGCUGCUUAACGUUGAAAUU
12	0.9215931296348572	0.921259880065918	12	12	6	6	6	6	780	400	GGUACUGCUGAGCCCUUCGUCAACCGGAACAGACGGAGUGUCAGGGUACCUAGCACUCAAGUUAAGCACGAGGGCCGUGCAUCACUCCGCCAUCAAACCCCGCCCAGGUAUCCAUACUCCAACUGAGAUGUAACUCAGGCAGGGAACAAGAUGCACAUGAUGAAAAUACUCUCGAGACCACGACUCGACGUGAGCAAAUGACUCUCAUUUAUCAAUUAAUGAUAUCCGAGGUUCAUUUUCAGAUUGGCGCGUACCCGAAAUUACCUACGAUGAGAUCUUAAACGACUAUUUCAGCCACGGCGCGUUCCAUGCAUAAGGUGGGCCAUCACAUAGGCCAGGAUAGAUACCGAGGUCUAUUCAGUUGUGGUUACCUCAGUGAGCGCUGCUUAACGUUGAAAUU
12	0.9013751745223999	0.9011857509613037	13	12	6	6	6	6	780	400	GGUACUGCUGAGCCCUUCGUCAACCGGAACAGACGGAGUGUCAGGGUACCUAGCACUCAAGUUAAGCACGAGGGCCGUGCAUCACUCCGCCAUCAAACCCCGCCCAGGUAUCCAUACUCCAACUGAGAUGUAACUCAGGCAGGGAACAAGAUGCACAUGAUGAAAAUACUCUCGAGACCACGACUCGACGUGAGCAAAUGACUCUCAUUUAUCAAUUAAUGAUAUCCGAGGUUCAUUUUCAGAUUGGCGCGUACCCGAAAUUACCUACGAUGAGAUCUUAAACGACUAUUUCAGCCACGGCGCGUUCCAUGCAUAAGGUGGGCCAUCACAUAGGCCAGGAUAGAUACCGAGGUCUAUUCAGUUGUGGUUACCUCAGUGAGCGCUGCUUAACGUUGAAAUU
13	0.9594711065292358	0.9590163826942444	1	12	6	6	6	6	780	400	UACGAGGGGCUUUAUCUCGGCAGAAACAUGGUUCUGUUCUCCUCAAGGCAGUUCACUGGAACCAAAUCUAGCCGGACACAGCCUGACUGGUAUCAUAUUGGCCGAUUGAACACUGGGUGCAUCGUUCUGGUGGCCGGAAAGUGGUACACCGCAGUUCUAUAGAGCGUUCCGGAUGGGGUUCCGGGGCGCUGUUCUGCCUGUUUUGUGGACCAUGUGGUUACGCAUACCAUGAAACGUCCCGAAGAGUCAUAAAAUACGUCCGCGGUGGAGAAACGGCCAUGCCUUCCAAGGAUAGCUAUGAUUAUUUGUAGACCCCCUAGCAGAGCAGGCCGUUACUACCCAUCGCCACGGUAUUGAUGAAUCCACUCAACAUCGCAUUGCGCUCGAACGAUAUUCUCCC
13	0.9556800723075867	0.9551019668579102	2	12	6	6	6	6	780	400	UACGAGGGGCUUUAUCUCGGCAGAAACAUGGUUCUGUUCUCCUCAAGGCAGUUCACUGGAACCAAAUCUAGCCGGACACAGCCUGACUGGUAUCAUAUUGGCCGAUUGAACACUGGGUGCAUCGUUCUGGUGGCCGGAAAGUGGUACACCGCAGUUCUAUAGAGCGUUCCGGAUGGGGUUCCGGGGCGCUGUUCUGCCUGUUUUGUGGACCAUGUGGUUACGCAUACCAUGAAACGUCCCGAAGAGUCAUAAAAUACGUCCGCGGUGGAGAAACGGCCAUGCCUUCCAAGGAUAGCUAUGAUUAUUUGUAGACCCCCUAGCAGAGCAGGCCGUUACUACCCAUCGCCACGGUAUUGAUGAAUCCACUCAACAUCGCAUUGCGCUCGAACGAUAUUCUCCC
13	0.9594711065292358	0.9590163826942444	3	12	6	6	6	6	780	400	UACGAGGGGCUUUAUCUCGGCAGAAACAUGGUUCUGUUCUCCUCAAGGCAGUUCACUGGAACCAAAUCUAGCCGGACACAGCCUGACUGGUAUCAUAUUGGCCGAUUGAACACUGGGUGCAUCGUUCUGGUGGCCGGAAAGUGGUACACCGCAGUUCUAUAGAGCGUUCCGGAUGGGGUUCCGGGGCGCUGUUCUGCCUGUUUUGUGGACCAUGUGGUUACGCAUACCAUGAAACGUCCCGAAGAGUCAUAAAAUACGUCCGCGGUGGAGAAACGGCCAUGCCUUCCAAGGAUAGCUAUGAUUAUUUGUAGACCCCCUAGCAGAGCAGGCCGUUACUACCCAUCGCCACGGUAUUGAUGAAUCCACUCAACAUCGCAUUGCGCUCGAACGAUAUUCUCCC
13	0.9364840388298035	0.9354838132858276	4	12	6	6	6	6	780	400	UACGAGGGGCUUUAUCUCGGCAGAAACAUGGUUCUGUUCUCCUCAAGGCAGUUCACUGGAACCAAAUCUAGCCGGACACAGCCUGACUGGUAUCAUAUUGGCCGAUUGAACACUGGGUGCAUCGUUCUGGUGGCCGGAAAGUGGUACACCGCAGUUCUAUAGAGCGUUCCGGAUGGGGUUCCGGGGCGCUGUUCUGCCUGUUUUGUGGACCAUGUGGUUACGCAUACCAUGAAACGUCCCGAAGAGUCAUAAAAUACGUCCGCGGUGGAGAAACGGCCAUGCCUUCCAAGGAUAGCUAUGAUUAUUUGUAGACCCCCUAGCAGAGCAGGCCGUUACUACCCAUCGCCACGGUAUUGAUGAAUCCACUCAACAUCGCAUUGCGCUCGAACGAUAUUCUCCC
13	0.9364840388298035	0.9354838132858276	5	12	6	6	6	6	780	400	UACGAGGGGCUUUAUCUCGGCAGAAACAUGGUUCUGUUCUCCUCAAGGCAGUUCACUGGAACCAAAUCUAGCCGGACACAGCCUGACUGGUAUCAUAUUGGCCGAUUGAACACUGGGUGCAUCGUUCUGGUGGCCGGAAAGUGGUACACCGCAGUUCUAUAGAGCGUUCCGGAUGGGGUUCCGGGGCGCUGUUCUGCCUGUUUUGUGGACCAUGUGGUUACGCAUACCAUGAAACGUCCCGAAGAGUCAUAAAAUACGUCCGCGGUGGAGAAACGGCCAUGCCUUCCAAGGAUAGCUAUGAUUAUUUGUAGACCCCCUAGCAGAGCAGGCCGUUACUACCCAUCGCCACGGUAUUGAUGAAUCCACUCAACAUCGCAUUGCGCUCGAACGAUAUUCUCCC
13	0.9006741046905518	0.8995983600616455	6	12	6	6	6	6	780	400	UACGAGGGGCUUUAUCUCGGCAGAAACAUGGUUCUGUUCUCCUCAAGGCAGUUCACUGGAACCAAAUCUAGCCGGACACAGCCUGACUGGUAUCAUAUUGGCCGAUUGAACACUGGGUGCAUCGUUCUGGUGGCCGGAAAGUGGUACACCGCAGUUCUAUAGAGCGUUCCGGAUGGGGUUCCGGGGCGCUGUUCUGCCUGUUUUGUGGACCAUGUGGUUACGCAUACCAUGAAACGUCCCGAAGAGUCAUAAAAUACGUCCGCGGUGGAGAAACGGCCAUGCCUUCCAAGGAUAGCUAUGAUUAUUUGUAGACCCCCUAGCAGAGCAGGCCGUUACUACCCAUCGCCACGGUAUUGAUGAAUCCACUCAACAUCGCAUUGCGCUCGAACGAUAUUCUCCC
13	0.9490081071853638	0.9477911591529846	7	12	6	6	6	6	780	400	UACGAGGGGCUUUAUCUCGGCAGAAACAUGGUUCUGUUCUCCUCAAGGCAGUUCACUGGAACCAAAUCUAGCCGGACACAGCCUGACUGGUAUCAUAUUGGCCGAUUGAACACUGGGUGCAUCGUUCUGGUGGCCGGAAAGUGGUACACCGCAGUUCUAUAGAGCGUUCCGGAUGGGGUUCCGGGGCGCUGUUCUGCCUGUUUUGUGGACCAUGUGGUUACGCAUACCAUGAAACGUCCCGAAGAGUCAUAAAAUACGUCCGCGGUGGAGAAACGGCCAUGCCUUCCAAGGAUAGCUAUGAUUAUUUGUAGACCCCCUAGCAGAGCAGGCCGUUACUACCCAUCGCCACGGUAUUGAUGAAUCCACUCAACAUCGCAUUGCGCUCGAACGAUAUUCUCCC
13	0.8825511932373047	0.8809523582458496	8	12	6	6	6	6	780	400	UACGAGGGGCUUUAUCUCGGCAGAAACAUGGUUCUGUUCUCCUCAAGGCAGUUCACUGGAACCAAAUCUAGCCGGACACAGCCUGACUGGUAUCAUAUUGGCCGAUUGAACACUGGGUGCAUCGUUCUGGUGGCCGGAAAGUGGUACACCGCAGUUCUAUAGAGCGUUCCGGAUGGGGUUCCGGGGCGCUGUUCUGCCUGUUUUGUGGACCAUGUGGUUACGCAUACCAUGAAACGUCCCGAAGAGUCAUAAAAUACGUCCGCGGUGGAGAAACGGCCAUGCCUUCCAAGGAUAGCUAUGAUUAUUUGUAGACCCCCUAGCAGAGCAGGCCGUUACUACCCAUCGCCACGGUAUUGAUGAAUCCACUCAACAUCGCAUUGCGCUCGAACGAUAUUCUCCC
13	0.8905163407325745	0.888888955116272	9	12	6	6	6	6	780	400	UACGAGGGGCUUUAUCUCGGCAGAAACAUGGUUCUGUUCUCCUCAAGGCAGUUCACUGGAACCAAAUCUAGCCGGACACAGCCUGACUGGUAUCAUAUUGGCCGAUUGAACACUGGGUGCAUCGUUCUGGUGGCCGGAAAGUGGUACACCGCAGUUCUAUAGAGCGUUCCGGAUGGGGUUCCGGGGCGCUGUUCUGCCUGUUUUGUGGACCAUGUGGUUACGCAUACCAUGAAACGUCCCGAAGAGUCAUAAAAUACGUCCGCGGUGGAGAAACGGCCAUGCCUUCCAAGGAUAGCUAUGAUUAUUUGUAGACCCCCUAGCAGAGCAGGCCGUUACUACCCAUCGCCACGGUAUUGAUGAAUCCACUCAACAUCGCAUUGCGCUCGAACGAUAUUCUCCC
13	0.9490081071853638	0.9477911591529846	10	12	6	6	6	6	780	400	UACGAGGGGCUUUAUCUCGGCAGAAACAUGGUUCUGUUCUCCUCAAGGCAGUUCACUGGAACCAAAUCUAGCCGGACACAGCCUGACUGGUAUCAUAUUGGCCGAUUGAACACUGGGUGCAUCGUUCUGGUGGCCGGAAAGUGGUACACCGCAGUUCUAUAGAGCGUUCCGGAUGGGGUUCCGGGGCGCUGUUCUGCCUGUUUUGUGGACCAUGUGGUUACGCAUACCAUGAAACGUCCCGAAGAGUCAUAAAAUACGUCCGCGGUGGAGAAACGGCCAUGCCUUCCAAGGAUAGCUAUGAUUAUUUGUAGACCCCCUAGCAGAGCAGGCCGUUACUACCCAUCGCCACGGUAUUGAUGAAUCCACUCAACAUCGCAUUGCGCUCGAACGAUAUUCUCCC
13	0.9258439540863037	0.9243028163909912	11	12	6	6	6	6	780	400	UACGAGGGGCUUUAUCUCGGCAGAAACAUGGUUCUGUUCUCCUCAAGGCAGUUCACUGGAACCAAAUCUAGCCGGACACAGCCUGACUGGUAUCAUAUUGGCCGAUUGAACACUGGGUGCAUCGUUCUGGUGGCCGGAAAGUGGUACACCGCAGUUCUAUAGAGCGUUCCGGAUGGGGUUCCGGGGCGCUGUUCUGCCUGUUUUGUGGACCAUGUGGUUACGCAUACCAUGAAACGUCCCGAAGAGUCAUAAAAUACGUCCGCGGUGGAGAAACGGCCAUGCCUUCCAAGGAUAGCUAUGAUUAUUUGUAGACCCCCUAGCAGAGCAGGCCGUUACUACCCAUCGCCACGGUAUUGAUGAAUCCACUCAACAUCGCAUUGCGCUCGAACGAUAUUCUCCC
13	0.9563484787940979	0.9554656147956848	11	12	6	6	6	6	780	400	UACGAGGGGCUUUAUCUCGGCAGAAACAUGGUUCUGUUCUCCUCAAGGCAGUUCACUGGAACCAAAUCUAGCCGGACACAGCCUGACUGGUAUCAUAUUGGCCGAUUGAACACUGGGUGCAUCGUUCUGGUGGCCGGAAAGUGGUACACCGCAGUUCUAUAGAGCGUUCCGGAUGGGGUUCCGGGGCGCUGUUCUGCCUGUUUUGUGGACCAUGUGGUUACGCAUACCAUGAAACGUCCCGAAGAGUCAUAAAAUACGUCCGCGGUGGAGAAACGGCCAUGCCUUCCAAGGAUAGCUAUGAUUAUUUGUAGACCCCCUAGCAGAGCAGGCCGUUACUACCCAUCGCCACGGUAUUGAUGAAUCCACUCAACAUCGCAUUGCGCUCGAACGAUAUUCUCCC
13	0.9338388442993164	0.932270884513855	12	12	6	6	6	6	780	400	UACGAGGGGCUUUAUCUCGGCAGAAACAUGGUUCUGUUCUCCUCAAGGCAGUUCACUGGAACCAAAUCUAGCCGGACACAGCCUGACUGGUAUCAUAUUGGCCGAUUGAACACUGGGUGCAUCGUUCUGGUGGCCGGAAAGUGGUACACCGCAGUUCUAUAGAGCGUUCCGGAUGGGGUUCCGGGGCGCUGUUCUGCCUGUUUUGUGGACCAUGUGGUUACGCAUACCAUGAAACGUCCCGAAGAGUCAUAAAAUACGUCCGCGGUGGAGAAACGGCCAUGCCUUCCAAGGAUAGCUAUGAUUAUUUGUAGACCCCCUAGCAGAGCAGGCCGUUACUACCCAUCGCCACGGUAUUGAUGAAUCCACUCAACAUCGCAUUGCGCUCGAACGAUAUUCUCCC
13	0.9258439540863037	0.9243028163909912	13	12	6	6	6	6	780	400	UACGAGGGGCUUUAUCUCGGCAGAAACAUGGUUCUGUUCUCCUCAAGGCAGUUCACUGGAACCAAAUCUAGCCGGACACAGCCUGACUGGUAUCAUAUUGGCCGAUUGAACACUGGGUGCAUCGUUCUGGUGGCCGGAAAGUGGUACACCGCAGUUCUAUAGAGCGUUCCGGAUGGGGUUCCGGGGCGCUGUUCUGCCUGUUUUGUGGACCAUGUGGUUACGCAUACCAUGAAACGUCCCGAAGAGUCAUAAAAUACGUCCGCGGUGGAGAAACGGCCAUGCCUUCCAAGGAUAGCUAUGAUUAUUUGUAGACCCCCUAGCAGAGCAGGCCGUUACUACCCAUCGCCACGGUAUUGAUGAAUCCACUCAACAUCGCAUUGCGCUCGAACGAUAUUCUCCC
13	0.9445706009864807	0.9435483813285828	11	12	6	6	6	6	780	400	UACGAGGGGCUUUAUCUCGGCAGAAACAUGGUUCUGUUCUCCUCAAGGCAGUUCACUGGAACCAAAUCUAGCCGGACACAGCCUGACUGGUAUCAUAUUGGCCGAUUGAACACUGGGUGCAUCGUUCUGGUGGCCGGAAAGUGGUACACCGCAGUUCUAUAGAGCGUUCCGGAUGGGGUUCCGGGGCGCUGUUCUGCCUGUUUUGUGGACCAUGUGGUUACGCAUACCAUGAAACGUCCCGAAGAGUCAUAAAAUACGUCCGCGGUGGAGAAACGGCCAUGCCUUCCAAGGAUAGCUAUGAUUAUUUGUAGACCCCCUAGCAGAGCAGGCCGUUACUACCCAUCGCCACGGUAUUGAUGAAUCCACUCAACAUCGCAUUGCGCUCGAACGAUAUUCUCCC
13	0.9303419589996338	0.9285714030265808	12	12	6	6	6	6	780	400	UACGAGGGGCUUUAUCUCGGCAGAAACAUGGUUCUGUUCUCCUCAAGGCAGUUCACUGGAACCAAAUCUAGCCGGACACAGCCUGACUGGUAUCAUAUUGGCCGAUUGAACACUGGGUGCAUCGUUCUGGUGGCCGGAAAGUGGUACACCGCAGUUCUAUAGAGCGUUCCGGAUGGGGUUCCGGGGCGCUGUUCUGCCUGUUUUGUGGACCAUGUGGUUACGCAUACCAUGAAACGUCCCGAAGAGUCAUAAAAUACGUCCGCGGUGGAGAAACGGCCAUGCCUUCCAAGGAUAGCUAUGAUUAUUUGUAGACCCCCUAGCAGAGCAGGCCGUUACUACCCAUCGCCACGGUAUUGAUGAAUCCACUCAACAUCGCAUUGCGCUCGAACGAUAUUCUCCC
13	0.9409524202346802	0.9397590160369873	12	12	6	6	6	6	780	400	UACGAGGGGCUUUAUCUCGGCAGAAACAUGGUUCUGUUCUCCUCAAGGCAGUUCACUGGAACCAAAUCUAGCCGGACACAGCCUGACUGGUAUCAUAUUGGCCGAUUGAACACUGGGUGCAUCGUUCUGGUGGCCGGAAAGUGGUACACCGCAGUUCUAUAGAGCGUUCCGGAUGGGGUUCCGGGGCGCUGUUCUGCCUGUUUUGUGGACCAUGUGGUUACGCAUACCAUGAAACGUCCCGAAGAGUCAUAAAAUACGUCCGCGGUGGAGAAACGGCCAUGCCUUCCAAGGAUAGCUAUGAUUAUUUGUAGACCCCCUAGCAGAGCAGGCCGUUACUACCCAUCGCCACGGUAUUGAUGAAUCCACUCAACAUCGCAUUGCGCUCGAACGAUAUUCUCCC
13	0.9303419589996338	0.9285714030265808	12	12	6	6	6	6	780	400	UACGAGGGGCUUUAUCUCGGCAGAAACAUGGUUCUGUUCUCCUCAAGGCAGUUCACUGGAACCAAAUCUAGCCGGACACAGCCUGACUGGUAUCAUAUUGGCCGAUUGAACACUGGGUGCAUCGUUCUGGUGGCCGGAAAGUGGUACACCGCAGUUCUAUAGAGCGUUCCGGAUGGGGUUCCGGGGCGCUGUUCUGCCUGUUUUGUGGACCAUGUGGUUACGCAUACCAUGAAACGUCCCGAAGAGUCAUAAAAUACGUCCGCGGUGGAGAAACGGCCAUGCCUUCCAAGGAUAGCUAUGAUUAUUUGUAGACCCCCUAGCAGAGCAGGCCGUUACUACCCAUCGCCACGGUAUUGAUGAAUCCACUCAACAUCGCAUUGCGCUCGAACGAUAUUCUCCC
13	0.9293503165245056	0.9279999732971191	13	12	6	6	6	6	780	400	UACGAGGGGCUUUAUCUCGGCAGAAACAUGGUUCUGUUCUCCUCAAGGCAGUUCACUGGAACCAAAUCUAGCCGGACACAGCCUGACUGGUAUCAUAUUGGCCGAUUGAACACUGGGUGCAUCGUUCUGGUGGCCGGAAAGUGGUACACCGCAGUUCUAUAGAGCGUUCCGGAUGGGGUUCCGGGGCGCUGUUCUGCCUGUUUUGUGGACCAUGUGGUUACGCAUACCAUGAAACGUCCCGAAGAGUCAUAAAAUACGUCCGCGGUGGAGAAACGGCCAUGCCUUCCAAGGAUAGCUAUGAUUAUUUGUAGACCCCCUAGCAGAGCAGGCCGUUACUACCCAUCGCCACGGUAUUGAUGAAUCCACUCAACAUCGCAUUGCGCUCGAACGAUAUUCUCCC
13	0.9373754858970642	0.9359999895095825	11	12	6	6	6	6	780	400	UACGAGGGGCUUUAUCUCGGCAGAAACAUGGUUCUGUUCUCCUCAAGGCAGUUCACUGGAACCAAAUCUAGCCGGACACAGCCUGACUGGUAUCAUAUUGGCCGAUUGAACACUGGGUGCAUCGUUCUGGUGGCCGGAAAGUGGUACACCGCAGUUCUAUAGAGCGUUCCGGAUGGGGUUCCGGGGCGCUGUUCUGCCUGUUUUGUGGACCAUGUGGUUACGCAUACCAUGAAACGUCCCGAAGAGUCAUAAAAUACGUCCGCGGUGGAGAAACGGCCAUGCCUUCCAAGGAUAGCUAUGAUUAUUUGUAGACCCCCUAGCAGAGCAGGCCGUUACUACCCAUCGCCACGGUAUUGAUGAAUCCACUCAACAUCGCAUUGCGCUCGAACGAUAUUCUCCC
13	0.9223768711090088	0.920634925365448	13	12	6	6	6	6	780	400	UACGAGGGGCUUUAUCUCGGCAGAAACAUGGUUCUGUUCUCCUCAAGGCAGUUCACUGGAACCAAAUCUAGCCGGACACAGCCUGACUGGUAUCAUAUUGGCCGAUUGAACACUGGGUGCAUCGUUCUGGUGGCCGGAAAGUGGUACACCGCAGUUCUAUAGAGCGUUCCGGAUGGGGUUCCGGGGCGCUGUUCUGCCUGUUUUGUGGACCAUGUGGUUACGCAUACCAUGAAACGUCCCGAAGAGUCAUAAAAUACGUCCGCGGUGGAGAAACGGCCAUGCCUUCCAAGGAUAGCUAUGAUUAUUUGUAGACCCCCUAGCAGAGCAGGCCGUUACUACCCAUCGCCACGGUAUUGAUGAAUCCACUCAACAUCGCAUUGCGCUCGAACGAUAUUCUCCC
13	0.9526571035385132	0.9516128897666931	11	12	6	6	6	6	780	400	UACGAGGGGCUUUAUCUCGGCAGAAACAUGGUUCUGUUCUCCUCAAGGCAGUUCACUGGAACCAAAUCUAGCCGGACACAGCCUGACUGGUAUCAUAUUGGCCGAUUGAACACUGGGUGCAUCGUUCUGGUGGCCGGAAAGUGGUACACCGCAGUUCUAUAGAGCGUUCCGGAUGGGGUUCCGGGGCGCUGUUCUGCCUGUUUUGUGGACCAUGUGGUUACGCAUACCAUGAAACGUCCCGAAGAGUCAUAAAAUACGUCCGCGGUGGAGAAACGGCCAUGCCUUCCAAGGAUAGCUAUGAUUAUUUGUAGACCCCCUAGCAGAGCAGGCCGUUACUACCCAUCGCCACGGUAUUGAUGAAUCCACUCAACAUCGCAUUGCGCUCGAACGAUAUUCUCCC
13	0.9445706009864807	0.9435483813285828	12	12	6	6	6	6	780	400	UACGAGGGGCUUUAUCUCGGCAGAAACAUGGUUCUGUUCUCCUCAAGGCAGUUCACUGGAACCAAAUCUAGCCGGACACAGCCUGACUGGUAUCAUAUUGGCCGAUUGAACACUGGGUGCAUCGUUCUGGUGGCCGGAAAGUGGUACACCGCAGUUCUAUAGAGCGUUCCGGAUGGGGUUCCGGGGCGCUGUUCUGCCUGUUUUGUGGACCAUGUGGUUACGCAUACCAUGAAACGUCCCGAAGAGUCAUAAAAUACGUCCGCGGUGGAGAAACGGCCAUGCCUUCCAAGGAUAGCUAUGAUUAUUUGUAGACCCCCUAGCAGAGCAGGCCGUUACUACCCAUCGCCACGGUAUUGAUGAAUCCACUCAACAUCGCAUUGCGCUCGAACGAUAUUCUCCC
13	0.9303419589996338	0.9285714030265808	12	12	6	6	6	6	780	400	UACGAGGGGCUUUAUCUCGGCAGAAACAUGGUUCUGUUCUCCUCAAGGCAGUUCACUGGAACCAAAUCUAGCCGGACACAGCCUGACUGGUAUCAUAUUGGCCGAUUGAACACUGGGUGCAUCGUUCUGGUGGCCGGAAAGUGGUACACCGCAGUUCUAUAGAGCGUUCCGGAUGGGGUUCCGGGGCGCUGUUCUGCCUGUUUUGUGGACCAUGUGGUUACGCAUACCAUGAAACGUCCCGAAGAGUCAUAAAAUACGUCCGCGGUGGAGAAACGGCCAUGCCUUCCAAGGAUAGCUAUGAUUAUUUGUAGACCCCCUAGCAGAGCAGGCCGUUACUACCCAUCGCCACGGUAUUGAUGAAUCCACUCAACAUCGCAUUGCGCUCGAACGAUAUUCUCCC
13	0.9373754858970642	0.9359999895095825	11	12	6	6	6	6	780	400	UACGAGGGGCUUUAUCUCGGCAGAAACAUGGUUCUGUUCUCCUCAAGGCAGUUCACUGGAACCAAAUCUAGCCGGACACAGCCUGACUGGUAUCAUAUUGGCCGAUUGAACACUGGGUGCAUCGUUCUGGUGGCCGGAAAGUGGUACACCGCAGUUCUAUAGAGCGUUCCGGAUGGGGUUCCGGGGCGCUGUUCUGCCUGUUUUGUGGACCAUGUGGUUACGCAUACCAUGAAACGUCCCGAAGAGUCAUAAAAUACGUCCGCGGUGGAGAAACGGCCAUGCCUUCCAAGGAUAGCUAUGAUUAUUUGUAGACCCCCUAGCAGAGCAGGCCGUUACUACCCAUCGCCACGGUAUUGAUGAAUCCACUCAACAUCGCAUUGCGCUCGAACGAUAUUCUCCC
13	0.9373754858970642	0.9359999895095825	12	12	6	6	6	6	780	400	UACGAGGGGCUUUAUCUCGGCAGAAACAUGGUUCUGUUCUCCUCAAGGCAGUUCACUGGAACCAAAUCUAGCCGGACACAGCCUGACUGGUAUCAUAUUGGCCGAUUGAACACUGGGUGCAUCGUUCUGGUGGCCGGAAAGUGGUACACCGCAGUUCUAUAGAGCGUUCCGGAUGGGGUUCCGGGGCGCUGUUCUGCCUGUUUUGUGGACCAUGUGGUUACGCAUACCAUGAAACGUCCCGAAGAGUCAUAAAAUACGUCCGCGGUGGAGAAACGGCCAUGCCUUCCAAGGAUAGCUAUGAUUAUUUGUAGACCCCCUAGCAGAGCAGGCCGUUACUACCCAUCGCCACGGUAUUGAUGAAUCCACUCAACAUCGCAUUGCGCUCGAACGAUAUUCUCCC
13	0.9445706009864807	0.9435483813285828	13	12	6	6	6	6	780	400	UACGAGGGGCUUUAUCUCGGCAGAAACAUGGUUCUGUUCUCCUCAAGGCAGUUCACUGGAACCAAAUCUAGCCGGACACAGCCUGACUGGUAUCAUAUUGGCCGAUUGAACACUGGGUGCAUCGUUCUGGUGGCCGGAAAGUGGUACACCGCAGUUCUAUAGAGCGUUCCGGAUGGGGUUCCGGGGCGCUGUUCUGCCUGUUUUGUGGACCAUGUGGUUACGCAUACCAUGAAACGUCCCGAAGAGUCAUAAAAUACGUCCGCGGUGGAGAAACGGCCAUGCCUUCCAAGGAUAGCUAUGAUUAUUUGUAGACCCCCUAGCAGAGCAGGCCGUUACUACCCAUCGCCACGGUAUUGAUGAAUCCACUCAACAUCGCAUUGCGCUCGAACGAUAUUCUCCC
13	0.9303419589996338	0.9285714030265808	14	12	6	6	6	6	780	400	UACGAGGGGCUUUAUCUCGGCAGAAACAUGGUUCUGUUCUCCUCAAGGCAGUUCACUGGAACCAAAUCUAGCCGGACACAGCCUGACUGGUAUCAUAUUGGCCGAUUGAACACUGGGUGCAUCGUUCUGGUGGCCGGAAAGUGGUACACCGCAGUUCUAUAGAGCGUUCCGGAUGGGGUUCCGGGGCGCUGUUCUGCCUGUUUUGUGGACCAUGUGGUUACGCAUACCAUGAAACGUCCCGAAGAGUCAUAAAAUACGUCCGCGGUGGAGAAACGGCCAUGCCUUCCAAGGAUAGCUAUGAUUAUUUGUAGACCCCCUAGCAGAGCAGGCCGUUACUACCCAUCGCCACGGUAUUGAUGAAUCCACUCAACAUCGCAUUGCGCUCGAACGAUAUUCUCCC
13	0.9409524202346802	0.9397590160369873	12	12	6	6	6	6	780	400	UACGAGGGGCUUUAUCUCGGCAGAAACAUGGUUCUGUUCUCCUCAAGGCAGUUCACUGGAACCAAAUCUAGCCGGACACAGCCUGACUGGUAUCAUAUUGGCCGAUUGAACACUGGGUGCAUCGUUCUGGUGGCCGGAAAGUGGUACACCGCAGUUCUAUAGAGCGUUCCGGAUGGGGUUCCGGGGCGCUGUUCUGCCUGUUUUGUGGACCAUGUGGUUACGCAUACCAUGAAACGUCCCGAAGAGUCAUAAAAUACGUCCGCGGUGGAGAAACGGCCAUGCCUUCCAAGGAUAGCUAUGAUUAUUUGUAGACCCCCUAGCAGAGCAGGCCGUUACUACCCAUCGCCACGGUAUUGAUGAAUCCACUCAACAUCGCAUUGCGCUCGAACGAUAUUCUCCC
14	0.3648747205734253	0.3658536672592163	1	12	6	6	6	6	780	400	GCUUUGGUUGACUCGUUCACGCCACGCUACCCCCCCUUUACAGCUCAGGUAAUGCGUUCUUAAUUGGGGACAACGACCAAUUGGAGUAUGACAAUUAAACGAACCUCUUCCGGCGUUUGGCUCUUUAACGUCUAGUACUUGACCGCCCCCUUACCUAGUCGUUCUUAUAGGAGGGGAUUAAUCUGUGCGUAUCAUUUUGCAACCCAACGGAGGCGCGGAAUAAGUCUCGGGCUAACCCUUCGAGAUGCUCAAUAGGCGUCGCCUCGCUCUCUCCCCCUUACGAGGCUGUCUAACCAUCUCCUGUUGGCCCUGCCCGAAGAAUUCCUUGAAGGAAUAUAUUGCUGCAUCCGGCACGUCUAGAUCAAUUUAGUAUGUCGGAGUGACAAUGAGUGUUUGUCUU
14	0.9004208445549011	0.9003983736038208	2	12	6	6	6	6	780	400	GCUUUGGUUGACUCGUUCACGCCACGCUACCCCCCCUUUACAGCUCAGGUAAUGCGUUCUUAAUUGGGGACAACGACCAAUUGGAGUAUGACAAUUAAACGAACCUCUUCCGGCGUUUGGCUCUUUAACGUCUAGUACUUGACCGCCCCCUUACCUAGUCGUUCUUAUAGGAGGGGAUUAAUCUGUGCGUAUCAUUUUGCAACCCAACGGAGGCGCGGAAUAAGUCUCGGGCUAACCCUUCGAGAUGCUCAAUAGGCGUCGCCUCGCUCUCUCCCCCUUACGAGGCUGUCUAACCAUCUCCUGUUGGCCCUGCCCGAAGAAUUCCUUGAAGGAAUAUAUUGCUGCAUCCGGCACGUCUAGAUCAAUUUAGUAUGUCGGAGUGACAAUGAGUGUUUGUCUU
14	0.8228383660316467	0.8230452537536621	3	12	6	6	6	6	780	400	GCUUUGGUUGACUCGUUCACGCCACGCUACCCCCCCUUUACAGCUCAGGUAAUGCGUUCUUAAUUGGGGACAACGACCAAUUGGAGUAUGACAAUUAAACGAACCUCUUCCGGCGUUUGGCUCUUUAACGUCUAGUACUUGACCGCCCCCUUACCUAGUCGUUCUUAUAGGAGGGGAUUAAUCUGUGCGUAUCAUUUUGCAACCCAACGGAGGCGCGGAAUAAGUCUCGGGCUAACCCUUCGAGAUGCUCAAUAGGCGUCGCCUCGCUCUCUCCCCCUUACGAGGCUGUCUAACCAUCUCCUGUUGGCCCUGCCCGAAGAAUUCCUUGAAGGAAUAUAUUGCUGCAUCCGGCACGUCUAGAUCAAUUUAGUAUGUCGGAGUGACAAUGAGUGUUUGUCUU
14	0.7517075538635254	0.7519999742507935	4	12	6	6	6	6	780	400	GCUUUGGUUGACUCGUUCACGCCACGCUACCCCCCCUUUACAGCUCAGGUAAUGCGUUCUUAAUUGGGGACAACGACCAAUUGGAGUAUGACAAUUAAACGAACCUCUUCCGGCGUUUGGCUCUUUAACGUCUAGUACUUGACCGCCCCCUUACCUAGUCGUUCUUAUAGGAGGGGAUUAAUCUGUGCGUAUCAUUUUGCAACCCAACGGAGGCGCGGAAUAAGUCUCGGGCUAACCCUUCGAGAUGCUCAAUAGGCGUCGCCUCGCUCUCUCCCCCUUACGAGGCUGUCUAACCAUCUCCUGUUGGCCCUGCCCGAAGAAUUCCUUGAAGGAAUAUAUUGCUGCAUCCGGCACGUCUAGAUCAAUUUAGUAUGUCGGAGUGACAAUGAGUGUUUGUCUU
14	0.8015015721321106	0.8015872836112976	5	12	6	6	6	6	780	400	GCUUUGGUUGACUCGUUCACGCCACGCUACCCCCCCUUUACAGCUCAGGUAAUGCGUUCUUAAUUGGGGACAACGACCAAUUGGAGUAUGACAAUUAAACGAACCUCUUCCGGCGUUUGGCUCUUUAACGUCUAGUACUUGACCGCCCCCUUACCUAGUCGUUCUUAUAGGAGGGGAUUAAUCUGUGCGUAUCAUUUUGCAACCCAACGGAGGCGCGGAAUAAGUCUCGGGCUAACCCUUCGAGAUGCUCAAUAGGCGUCGCCUCGCUCUCUCCCCCUUACGAGGCUGUCUAACCAUCUCCUGUUGGCCCUGCCCGAAGAAUUCCUUGAAGGAAUAUAUUGCUGCAUCCGGCACGUCUAGAUCAAUUUAGUAUGUCGGAGUGACAAUGAGUGUUUGUCUU
14	0.8337576985359192	0.8340080976486206	6	12	6	6	6	6	780	400	GCUUUGGUUGACUCGUUCACGCCACGCUACCCCCCCUUUACAGCUCAGGUAAUGCGUUCUUAAUUGGGGACAACGACCAAUUGGAGUAUGACAAUUAAACGAACCUCUUCCGGCGUUUGGCUCUUUAACGUCUAGUACUUGACCGCCCCCUUACCUAGUCGUUCUUAUAGGAGGGGAUUAAUCUGUGCGUAUCAUUUUGCAACCCAACGGAGGCGCGGAAUAAGUCUCGGGCUAACCCUUCGAGAUGCUCAAUAGGCGUCGCCUCGCUCUCUCCCCCUUACGAGGCUGUCUAACCAUCUCCUGUUGGCCCUGCCCGAAGAAUUCCUUGAAGGAAUAUAUUGCUGCAUCCGGCACGUCUAGAUCAAUUUAGUAUGUCGGAGUGACAAUGAGUGUUUGUCUU
14	0.9084030985832214	0.9083665013313293	7	12	6	6	6	6	780	400	GCUUUGGUUGACUCGUUCACGCCACGCUACCCCCCCUUUACAGCUCAGGUAAUGCGUUCUUAAUUGGGGACAACGACCAAUUGGAGUAUGACAAUUAAACGAACCUCUUCCGGCGUUUGGCUCUUUAACGUCUAGUACUUGACCGCCCCCUUACCUAGUCGUUCUUAUAGGAGGGGAUUAAUCUGUGCGUAUCAUUUUGCAACCCAACGGAGGCGCGGAAUAAGUCUCGGGCUAACCCUUCGAGAUGCUCAAUAGGCGUCGCCUCGCUCUCUCCCCCUUACGAGGCUGUCUAACCAUCUCCUGUUGGCCCUGCCCGAAGAAUUCCUUGAAGGAAUAUAUUGCUGCAUCCGGCACGUCUAGAUCAAUUUAGUAUGUCGGAGUGACAAUGAGUGUUUGUCUU
14	0.9483144283294678	0.9482071399688721	8	12	6	6	6	6	780	400	GCUUUGGUUGACUCGUUCACGCCACGCUACCCCCCCUUUACAGCUCAGGUAAUGCGUUCUUAAUUGGGGACAACGACCAAUUGGAGUAUGACAAUUAAACGAACCUCUUCCGGCGUUUGGCUCUUUAACGUCUAGUACUUGACCGCCCCCUUACCUAGUCGUUCUUAUAGGAGGGGAUUAAUCUGUGCGUAUCAUUUUGCAACCCAACGGAGGCGCGGAAUAAGUCUCGGGCUAACCCUUCGAGAUGCUCAAUAGGCGUCGCCUCGCUCUCUCCCCCUUACGAGGCUGUCUAACCAUCUCCUGUUGGCCCUGCCCGAAGAAUUCCUUGAAGGAAUAUAUUGCUGCAUCCGGCACGUCUAGAUCAAUUUAGUAUGUCGGAGUGACAAUGAGUGUUUGUCUU
14	0.90581214427948	0.9055117964744568	9	12	6	6	6	6	780	400	GCUUUGGUUGACUCGUUCACGCCACGCUACCCCCCCUUUACAGCUCAGGUAAUGCGUUCUUAAUUGGGGACAACGACCAAUUGGAGUAUGACAAUUAAACGAACCUCUUCCGGCGUUUGGCUCUUUAACGUCUAGUACUUGACCGCCCCCUUACCUAGUCGUUCUUAUAGGAGGGGAUUAAUCUGUGCGUAUCAUUUUGCAACCCAACGGAGGCGCGGAAUAAGUCUCGGGCUAACCCUUCGAGAUGCUCAAUAGGCGUCGCCUCGCUCUCUCCCCCUUACGAGGCUGUCUAACCAUCUCCUGUUGGCCCUGCCCGAAGAAUUCCUUGAAGGAAUAUAUUGCUGCAUCCGGCACGUCUAGAUCAAUUUAGUAUGUCGGAGUGACAAUGAGUGUUUGUCUU
14	0.8810147643089294	0.8809523582458496	10	12	6	6	6	6	780	400	GCUUUGGUUGACUCGUUCACGCCACGCUACCCCCCCUUUACAGCUCAGGUAAUGCGUUCUUAAUUGGGGACAACGACCAAUUGGAGUAUGACAAUUAAACGAACCUCUUCCGGCGUUUGGCUCUUUAACGUCUAGUACUUGACCGCCCCCUUACCUAGUCGUUCUUAUAGGAGGGGAUUAAUCUGUGCGUAUCAUUUUGCAACCCAACGGAGGCGCGGAAUAAGUCUCGGGCUAACCCUUCGAGAUGCUCAAUAGGCGUCGCCUCGCUCUCUCCCCCUUACGAGGCUGUCUAACCAUCUCCUGUUGGCCCUGCCCGAAGAAUUCCUUGAAGGAAUAUAUUGCUGCAUCCGGCACGUCUAGAUCAAUUUAGUAUGUCGGAGUGACAAUGAGUGUUUGUCUU
14	0.7806869149208069	0.7808765172958374	11	12	6	6	6	6	780	400	GCUUUGGUUGACUCGUUCACGCCACGCUACCCCCCCUUUACAGCUCAGGUAAUGCGUUCUUAAUUGGGGACAACGACCAAUUGGAGUAUGACAAUUAAACGAACCUCUUCCGGCGUUUGGCUCUUUAACGUCUAGUACUUGACCGCCCCCUUACCUAGUCGUUCUUAUAGGAGGGGAUUAAUCUGUGCGUAUCAUUUUGCAACCCAACGGAGGCGCGGAAUAAGUCUCGGGCUAACCCUUCGAGAUGCUCAAUAGGCGUCGCCUCGCUCUCUCCCCCUUACGAGGCUGUCUAACCAUCUCCUGUUGGCCCUGCCCGAAGAAUUCCUUGAAGGAAUAUAUUGCUGCAUCCGGCACGUCUAGAUCAAUUUAGUAUGUCGGAGUGACAAUGAGUGUUUGUCUU
14	0.913702666759491	0.913385808467865	12	12	6	6	6	6	780	400	GCUUUGGUUGACUCGUUCACGCCACGCUACCCCCCCUUUACAGCUCAGGUAAUGCGUUCUUAAUUGGGGACAACGACCAAUUGGAGUAUGACAAUUAAACGAACCUCUUCCGGCGUUUGGCUCUUUAACGUCUAGUACUUGACCGCCCCCUUACCUAGUCGUUCUUAUAGGAGGGGAUUAAUCUGUGCGUAUCAUUUUGCAACCCAACGGAGGCGCGGAAUAAGUCUCGGGCUAACCCUUCGAGAUGCUCAAUAGGCGUCGCCUCGCUCUCUCCCCCUUACGAGGCUGUCUAACCAUCUCCUGUUGGCCCUGCCCGAAGAAUUCCUUGAAGGAAUAUAUUGCUGCAUCCGGCACGUCUAGAUCAAUUUAGUAUGUCGGAGUGACAAUGAGUGUUUGUCUU
14	0.8989628553390503	0.8984374403953552	13	12	6	6	6	6	780	400	GCUUUGGUUGACUCGUUCACGCCACGCUACCCCCCCUUUACAGCUCAGGUAAUGCGUUCUUAAUUGGGGACAACGACCAAUUGGAGUAUGACAAUUAAACGAACCUCUUCCGGCGUUUGGCUCUUUAACGUCUAGUACUUGACCGCCCCCUUACCUAGUCGUUCUUAUAGGAGGGGAUUAAUCUGUGCGUAUCAUUUUGCAACCCAACGGAGGCGCGGAAUAAGUCUCGGGCUAACCCUUCGAGAUGCUCAAUAGGCGUCGCCUCGCUCUCUCCCCCUUACGAGGCUGUCUAACCAUCUCCUGUUGGCCCUGCCCGAAGAAUUCCUUGAAGGAAUAUAUUGCUGCAUCCGGCACGUCUAGAUCAAUUUAGUAUGUCGGAGUGACAAUGAGUGUUUGUCUU
14	0.8584693074226379	0.8582677245140076	14	12	6	6	6	6	780	400	GCUUUGGUUGACUCGUUCACGCCACGCUACCCCCCCUUUACAGCUCAGGUAAUGCGUUCUUAAUUGGGGACAACGACCAAUUGGAGUAUGACAAUUAAACGAACCUCUUCCGGCGUUUGGCUCUUUAACGUCUAGUACUUGACCGCCCCCUUACCUAGUCGUUCUUAUAGGAGGGGAUUAAUCUGUGCGUAUCAUUUUGCAACCCAACGGAGGCGCGGAAUAAGUCUCGGGCUAACCCUUCGAGAUGCUCAAUAGGCGUCGCCUCGCUCUCUCCCCCUUACGAGGCUGUCUAACCAUCUCCUGUUGGCCCUGCCCGAAGAAUUCCUUGAAGGAAUAUAUUGCUGCAUCCGGCACGUCUAGAUCAAUUUAGUAUGUCGGAGUGACAAUGAGUGUUUGUCUU
14	0.9180892705917358	0.9176470637321472	15	12	6	6	6	6	780	400	GCUUUGGUUGACUCGUUCACGCCACGCUACCCCCCCUUUACAGCUCAGGUAAUGCGUUCUUAAUUGGGGACAACGACCAAUUGGAGUAUGACAAUUAAACGAACCUCUUCCGGCGUUUGGCUCUUUAACGUCUAGUACUUGACCGCCCCCUUACCUAGUCGUUCUUAUAGGAGGGGAUUAAUCUGUGCGUAUCAUUUUGCAACCCAACGGAGGCGCGGAAUAAGUCUCGGGCUAACCCUUCGAGAUGCUCAAUAGGCGUCGCCUCGCUCUCUCCCCCUUACGAGGCUGUCUAACCAUCUCCUGUUGGCCCUGCCCGAAGAAUUCCUUGAAGGAAUAUAUUGCUGCAUCCGGCACGUCUAGAUCAAUUUAGUAUGUCGGAGUGACAAUGAGUGUUUGUCUU
14	0.9259498119354248	0.9254902005195618	15	12	6	6	6	6	780	400	GCUUUGGUUGACUCGUUCACGCCACGCUACCCCCCCUUUACAGCUCAGGUAAUGCGUUCUUAAUUGGGGACAACGACCAAUUGGAGUAUGACAAUUAAACGAACCUCUUCCGGCGUUUGGCUCUUUAACGUCUAGUACUUGACCGCCCCCUUACCUAGUCGUUCUUAUAGGAGGGGAUUAAUCUGUGCGUAUCAUUUUGCAACCCAACGGAGGCGCGGAAUAAGUCUCGGGCUAACCCUUCGAGAUGCUCAAUAGGCGUCGCCUCGCUCUCUCCCCCUUACGAGGCUGUCUAACCAUCUCCUGUUGGCCCUGCCCGAAGAAUUCCUUGAAGGAAUAUAUUGCUGCAUCCGGCACGUCUAGAUCAAUUUAGUAUGUCGGAGUGACAAUGAGUGUUUGUCUU
14	0.9013751745223999	0.9011857509613037	14	12	6	6	6	6	780	400	GCUUUGGUUGACUCGUUCACGCCACGCUACCCCCCCUUUACAGCUCAGGUAAUGCGUUCUUAAUUGGGGACAACGACCAAUUGGAGUAUGACAAUUAAACGAACCUCUUCCGGCGUUUGGCUCUUUAACGUCUAGUACUUGACCGCCCCCUUACCUAGUCGUUCUUAUAGGAGGGGAUUAAUCUGUGCGUAUCAUUUUGCAACCCAACGGAGGCGCGGAAUAAGUCUCGGGCUAACCCUUCGAGAUGCUCAAUAGGCGUCGCCUCGCUCUCUCCCCCUUACGAGGCUGUCUAACCAUCUCCUGUUGGCCCUGCCCGAAGAAUUCCUUGAAGGAAUAUAUUGCUGCAUCCGGCACGUCUAGAUCAAUUUAGUAUGUCGGAGUGACAAUGAGUGUUUGUCUU
14	0.9180892705917358	0.9176470637321472	15	12	6	6	6	6	780	400	GCUUUGGUUGACUCGUUCACGCCACGCUACCCCCCCUUUACAGCUCAGGUAAUGCGUUCUUAAUUGGGGACAACGACCAAUUGGAGUAUGACAAUUAAACGAACCUCUUCCGGCGUUUGGCUCUUUAACGUCUAGUACUUGACCGCCCCCUUACCUAGUCGUUCUUAUAGGAGGGGAUUAAUCUGUGCGUAUCAUUUUGCAACCCAACGGAGGCGCGGAAUAAGUCUCGGGCUAACCCUUCGAGAUGCUCAAUAGGCGUCGCCUCGCUCUCUCCCCCUUACGAGGCUGUCUAACCAUCUCCUGUUGGCCCUGCCCGAAGAAUUCCUUGAAGGAAUAUAUUGCUGCAUCCGGCACGUCUAGAUCAAUUUAGUAUGUCGGAGUGACAAUGAGUGUUUGUCUU
14	0.8651121258735657	0.8650792837142944	13	12	6	6	6	6	780	400	GCUUUGGUUGACUCGUUCACGCCACGCUACCCCCCCUUUACAGCUCAGGUAAUGCGUUCUUAAUUGGGGACAACGACCAAUUGGAGUAUGACAAUUAAACGAACCUCUUCCGGCGUUUGGCUCUUUAACGUCUAGUACUUGACCGCCCCCUUACCUAGUCGUUCUUAUAGGAGGGGAUUAAUCUGUGCGUAUCAUUUUGCAACCCAACGGAGGCGCGGAAUAAGUCUCGGGCUAACCCUUCGAGAUGCUCAAUAGGCGUCGCCUCGCUCUCUCCCCCUUACGAGGCUGUCUAACCAUCUCCUGUUGGCCCUGCCCGAAGAAUUCCUUGAAGGAAUAUAUUGCUGCAUCCGGCACGUCUAGAUCAAUUUAGUAUGUCGGAGUGACAAUGAGUGUUUGUCUU
14	0.9067939519882202	0.9062499403953552	13	12	6	6	6	6	780	400	GCUUUGGUUGACUCGUUCACGCCACGCUACCCCCCCUUUACAGCUCAGGUAAUGCGUUCUUAAUUGGGGACAACGACCAAUUGGAGUAUGACAAUUAAACGAACCUCUUCCGGCGUUUGGCUCUUUAACGUCUAGUACUUGACCGCCCCCUUACCUAGUCGUUCUUAUAGGAGGGGAUUAAUCUGUGCGUAUCAUUUUGCAACCCAACGGAGGCGCGGAAUAAGUCUCGGGCUAACCCUUCGAGAUGCUCAAUAGGCGUCGCCUCGCUCUCUCCCCCUUACGAGGCUGUCUAACCAUCUCCUGUUGGCCCUGCCCGAAGAAUUCCUUGAAGGAAUAUAUUGCUGCAUCCGGCACGUCUAGAUCAAUUUAGUAUGUCGGAGUGACAAUGAGUGUUUGUCUU
14	0.8979216814041138	0.8976377844810486	13	12	6	6	6	6	780	400	GCUUUGGUUGACUCGUUCACGCCACGCUACCCCCCCUUUACAGCUCAGGUAAUGCGUUCUUAAUUGGGGACAACGACCAAUUGGAGUAUGACAAUUAAACGAACCUCUUCCGGCGUUUGGCUCUUUAACGUCUAGUACUUGACCGCCCCCUUACCUAGUCGUUCUUAUAGGAGGGGAUUAAUCUGUGCGUAUCAUUUUGCAACCCAACGGAGGCGCGGAAUAAGUCUCGGGCUAACCCUUCGAGAUGCUCAAUAGGCGUCGCCUCGCUCUCUCCCCCUUACGAGGCUGUCUAACCAUCUCCUGUUGGCCCUGCCCGAAGAAUUCCUUGAAGGAAUAUAUUGCUGCAUCCGGCACGUCUAGAUCAAUUUAGUAUGUCGGAGUGACAAUGAGUGUUUGUCUU
14	0.9259498119354248	0.9254902005195618	15	12	6	6	6	6	780	400	GCUUUGGUUGACUCGUUCACGCCACGCUACCCCCCCUUUACAGCUCAGGUAAUGCGUUCUUAAUUGGGGACAACGACCAAUUGGAGUAUGACAAUUAAACGAACCUCUUCCGGCGUUUGGCUCUUUAACGUCUAGUACUUGACCGCCCCCUUACCUAGUCGUUCUUAUAGGAGGGGAUUAAUCUGUGCGUAUCAUUUUGCAACCCAACGGAGGCGCGGAAUAAGUCUCGGGCUAACCCUUCGAGAUGCUCAAUAGGCGUCGCCUCGCUCUCUCCCCCUUACGAGGCUGUCUAACCAUCUCCUGUUGGCCCUGCCCGAAGAAUUCCUUGAAGGAAUAUAUUGCUGCAUCCGGCACGUCUAGAUCAAUUUAGUAUGUCGGAGUGACAAUGAGUGUUUGUCUU
14	0.8617715835571289	0.8616600632667542	15	12	6	6	6	6	780	400	GCUUUGGUUGACUCGUUCACGCCACGCUACCCCCCCUUUACAGCUCAGGUAAUGCGUUCUUAAUUGGGGACAACGACCAAUUGGAGUAUGACAAUUAAACGAACCUCUUCCGGCGUUUGGCUCUUUAACGUCUAGUACUUGACCGCCCCCUUACCUAGUCGUUCUUAUAGGAGGGGAUUAAUCUGUGCGUAUCAUUUUGCAACCCAACGGAGGCGCGGAAUAAGUCUCGGGCUAACCCUUCGAGAUGCUCAAUAGGCGUCGCCUCGCUCUCUCCCCCUUACGAGGCUGUCUAACCAUCUCCUGUUGGCCCUGCCCGAAGAAUUCCUUGAAGGAAUAUAUUGCUGCAUCCGGCACGUCUAGAUCAAUUUAGUAUGUCGGAGUGACAAUGAGUGUUUGUCUU
14	0.850578784942627	0.8503937125205994	13	12	6	6	6	6	780	400	GCUUUGGUUGACUCGUUCACGCCACGCUACCCCCCCUUUACAGCUCAGGUAAUGCGUUCUUAAUUGGGGACAACGACCAAUUGGAGUAUGACAAUUAAACGAACCUCUUCCGGCGUUUGGCUCUUUAACGUCUAGUACUUGACCGCCCCCUUACCUAGUCGUUCUUAUAGGAGGGGAUUAAUCUGUGCGUAUCAUUUUGCAACCCAACGGAGGCGCGGAAUAAGUCUCGGGCUAACCCUUCGAGAUGCUCAAUAGGCGUCGCCUCGCUCUCUCCCCCUUACGAGGCUGUCUAACCAUCUCCUGUUGGCCCUGCCCGAAGAAUUCCUUGAAGGAAUAUAUUGCUGCAUCCGGCACGUCUAGAUCAAUUUAGUAUGUCGGAGUGACAAUGAGUGUUUGUCUU
14	0.8426883220672607	0.8425197005271912	14	12	6	6	6	6	780	400	GCUUUGGUUGACUCGUUCACGCCACGCUACCCCCCCUUUACAGCUCAGGUAAUGCGUUCUUAAUUGGGGACAACGACCAAUUGGAGUAUGACAAUUAAACGAACCUCUUCCGGCGUUUGGCUCUUUAACGUCUAGUACUUGACCGCCCCCUUACCUAGUCGUUCUUAUAGGAGGGGAUUAAUCUGUGCGUAUCAUUUUGCAACCCAACGGAGGCGCGGAAUAAGUCUCGGGCUAACCCUUCGAGAUGCUCAAUAGGCGUCGCCUCGCUCUCUCCCCCUUACGAGGCUGUCUAACCAUCUCCUGUUGGCCCUGCCCGAAGAAUUCCUUGAAGGAAUAUAUUGCUGCAUCCGGCACGUCUAGAUCAAUUUAGUAUGUCGGAGUGACAAUGAGUGUUUGUCUU
14	0.9215931296348572	0.921259880065918	13	12	6	6	6	6	780	400	GCUUUGGUUGACUCGUUCACGCCACGCUACCCCCCCUUUACAGCUCAGGUAAUGCGUUCUUAAUUGGGGACAACGACCAAUUGGAGUAUGACAAUUAAACGAACCUCUUCCGGCGUUUGGCUCUUUAACGUCUAGUACUUGACCGCCCCCUUACCUAGUCGUUCUUAUAGGAGGGGAUUAAUCUGUGCGUAUCAUUUUGCAACCCAACGGAGGCGCGGAAUAAGUCUCGGGCUAACCCUUCGAGAUGCUCAAUAGGCGUCGCCUCGCUCUCUCCCCCUUACGAGGCUGUCUAACCAUCUCCUGUUGGCCCUGCCCGAAGAAUUCCUUGAAGGAAUAUAUUGCUGCAUCCGGCACGUCUAGAUCAAUUUAGUAUGUCGGAGUGACAAUGAGUGUUUGUCUU
14	0.8979216814041138	0.8976377844810486	13	12	6	6	6	6	780	400	GCUUUGGUUGACUCGUUCACGCCACGCUACCCCCCCUUUACAGCUCAGGUAAUGCGUUCUUAAUUGGGGACAACGACCAAUUGGAGUAUGACAAUUAAACGAACCUCUUCCGGCGUUUGGCUCUUUAACGUCUAGUACUUGACCGCCCCCUUACCUAGUCGUUCUUAUAGGAGGGGAUUAAUCUGUGCGUAUCAUUUUGCAACCCAACGGAGGCGCGGAAUAAGUCUCGGGCUAACCCUUCGAGAUGCUCAAUAGGCGUCGCCUCGCUCUCUCCCCCUUACGAGGCUGUCUAACCAUCUCCUGUUGGCCCUGCCCGAAGAAUUCCUUGAAGGAAUAUAUUGCUGCAUCCGGCACGUCUAGAUCAAUUUAGUAUGUCGGAGUGACAAUGAGUGUUUGUCUU
14	0.9180892705917358	0.9176470637321472	14	12	6	6	6	6	780	400	GCUUUGGUUGACUCGUUCACGCCACGCUACCCCCCCUUUACAGCUCAGGUAAUGCGUUCUUAAUUGGGGACAACGACCAAUUGGAGUAUGACAAUUAAACGAACCUCUUCCGGCGUUUGGCUCUUUAACGUCUAGUACUUGACCGCCCCCUUACCUAGUCGUUCUUAUAGGAGGGGAUUAAUCUGUGCGUAUCAUUUUGCAACCCAACGGAGGCGCGGAAUAAGUCUCGGGCUAACCCUUCGAGAUGCUCAAUAGGCGUCGCCUCGCUCUCUCCCCCUUACGAGGCUGUCUAACCAUCUCCUGUUGGCCCUGCCCGAAGAAUUCCUUGAAGGAAUAUAUUGCUGCAUCCGGCACGUCUAGAUCAAUUUAGUAUGUCGGAGUGACAAUGAGUGUUUGUCUU
14	0.8617715835571289	0.8616600632667542	13	12	6	6	6	6	780	400	GCUUUGGUUGACUCGUUCACGCCACGCUACCCCCCCUUUACAGCUCAGGUAAUGCGUUCUUAAUUGGGGACAACGACCAAUUGGAGUAUGACAAUUAAACGAACCUCUUCCGGCGUUUGGCUCUUUAACGUCUAGUACUUGACCGCCCCCUUACCUAGUCGUUCUUAUAGGAGGGGAUUAAUCUGUGCGUAUCAUUUUGCAACCCAACGGAGGCGCGGAAUAAGUCUCGGGCUAACCCUUCGAGAUGCUCAAUAGGCGUCGCCUCGCUCUCUCCCCCUUACGAGGCUGUCUAACCAUCUCCUGUUGGCCCUGCCCGAAGAAUUCCUUGAAGGAAUAUAUUGCUGCAUCCGGCACGUCUAGAUCAAUUUAGUAUGUCGGAGUGACAAUGAGUGUUUGUCUU
15	0.39263275265693665	0.3931623697280884	1	12	6	6	6	6	780	400	CAGAGGUCUGCUGCUUCUCGGAGAAGGAAUCGCCGCCUUCCGGAUGUUUAAAAACAAAGAGCAAAACACUGCUUGAUCGGGUUUCAGGUACCGGCAAUUAGUUCUAAUCAAAGUUUUAUGGAGUACAGAGUUUCAAUCCUGUAGGGAUCUUGCGUCUCUCCUAGCCCCGUGAGCCGGGCCAUGGUGAGAUAAAAUCCUCCUAUACCUCCGUGUUUAGUUAUUUUAUGGUAUAGCCUAAACUGGGGGCGACUUGCACAACAUAUCAUUGUUGGGCAGAGUUCAUUUUGUCUGACACUCUCUGGGAACGCCUCUUGUACCGACACGACCUGGCGACAAUCCAAUGCGGAGUCCCCGCAGUUAAUCAUUCACGGACCUACCGGUCGUUUACCGUGGACGCCGU
15	0.6443780660629272	0.6440678238868713	2	12	6	6	6	6	780	400	CAGAGGUCUGCUGCUUCUCGGAGAAGGAAUCGCCGCCUUCCGGAUGUUUAAAAACAAAGAGCAAAACACUGCUUGAUCGGGUUUCAGGUACCGGCAAUUAGUUCUAAUCAAAGUUUUAUGGAGUACAGAGUUUCAAUCCUGUAGGGAUCUUGCGUCUCUCCUAGCCCCGUGAGCCGGGCCAUGGUGAGAUAAAAUCCUCCUAUACCUCCGUGUUUAGUUAUUUUAUGGUAUAGCCUAAACUGGGGGCGACUUGCACAACAUAUCAUUGUUGGGCAGAGUUCAUUUUGUCUGACACUCUCUGGGAACGCCUCUUGUACCGACACGACCUGGCGACAAUCCAAUGCGGAGUCCCCGCAGUUAAUCAUUCACGGACCUACCGGUCGUUUACCGUGGACGCCGU
15	0.6358799934387207	0.6355932354927063	3	12	6	6	6	6	780	400	CAGAGGUCUGCUGCUUCUCGGAGAAGGAAUCGCCGCCUUCCGGAUGUUUAAAAACAAAGAGCAAAACACUGCUUGAUCGGGUUUCAGGUACCGGCAAUUAGUUCUAAUCAAAGUUUUAUGGAGUACAGAGUUUCAAUCCUGUAGGGAUCUUGCGUCUCUCCUAGCCCCGUGAGCCGGGCCAUGGUGAGAUAAAAUCCUCCUAUACCUCCGUGUUUAGUUAUUUUAUGGUAUAGCCUAAACUGGGGGCGACUUGCACAACAUAUCAUUGUUGGGCAGAGUUCAUUUUGUCUGACACUCUCUGGGAACGCCUCUUGUACCGACACGACCUGGCGACAAUCCAAUGCGGAGUCCCCGCAGUUAAUCAUUCACGGACCUACCGGUCGUUUACCGUGGACGCCGU
15	0.5710709691047668	0.5714285969734192	4	12	6	6	6	6	780	400	CAGAGGUCUGCUGCUUCUCGGAGAAGGAAUCGCCGCCUUCCGGAUGUUUAAAAACAAAGAGCAAAACACUGCUUGAUCGGGUUUCAGGUACCGGCAAUUAGUUCUAAUCAAAGUUUUAUGGAGUACAGAGUUUCAAUCCUGUAGGGAUCUUGCGUCUCUCCUAGCCCCGUGAGCCGGGCCAUGGUGAGAUAAAAUCCUCCUAUACCUCCGUGUUUAGUUAUUUUAUGGUAUAGCCUAAACUGGGGGCGACUUGCACAACAUAUCAUUGUUGGGCAGAGUUCAUUUUGUCUGACACUCUCUGGGAACGCCUCUUGUACCGACACGACCUGGCGACAAUCCAAUGCGGAGUCCCCGCAGUUAAUCAUUCACGGACCUACCGGUCGUUUACCGUGGACGCCGU
15	0.7705854177474976	0.7705627679824829	5	12	6	6	6	6	780	400	CAGAGGUCUGCUGCUUCUCGGAGAAGGAAUCGCCGCCUUCCGGAUGUUUAAAAACAAAGAGCAAAACACUGCUUGAUCGGGUUUCAGGUACCGGCAAUUAGUUCUAAUCAAAGUUUUAUGGAGUACAGAGUUUCAAUCCUGUAGGGAUCUUGCGUCUCUCCUAGCCCCGUGAGCCGGGCCAUGGUGAGAUAAAAUCCUCCUAUACCUCCGUGUUUAGUUAUUUUAUGGUAUAGCCUAAACUGGGGGCGACUUGCACAACAUAUCAUUGUUGGGCAGAGUUCAUUUUGUCUGACACUCUCUGGGAACGCCUCUUGUACCGACACGACCUGGCGACAAUCCAAUGCGGAGUCCCCGCAGUUAAUCAUUCACGGACCUACCGGUCGUUUACCGUGGACGCCGU
15	0.6618903875350952	0.6610878705978394	6	12	6	6	6	6	780	400	CAGAGGUCUGCUGCUUCUCGGAGAAGGAAUCGCCGCCUUCCGGAUGUUUAAAAACAAAGAGCAAAACACUGCUUGAUCGGGUUUCAGGUACCGGCAAUUAGUUCUAAUCAAAGUUUUAUGGAGUACAGAGUUUCAAUCCUGUAGGGAUCUUGCGUCUCUCCUAGCCCCGUGAGCCGGGCCAUGGUGAGAUAAAAUCCUCCUAUACCUCCGUGUUUAGUUAUUUUAUGGUAUAGCCUAAACUGGGGGCGACUUGCACAACAUAUCAUUGUUGGGCAGAGUUCAUUUUGUCUGACACUCUCUGGGAACGCCUCUUGUACCGACACGACCUGGCGACAAUCCAAUGCGGAGUCCCCGCAGUUAAUCAUUCACGGACCUACCGGUCGUUUACCGUGGACGCCGU
15	0.8646411299705505	0.864628791809082	7	12	6	6	6	6	780	400	CAGAGGUCUGCUGCUUCUCGGAGAAGGAAUCGCCGCCUUCCGGAUGUUUAAAAACAAAGAGCAAAACACUGCUUGAUCGGGUUUCAGGUACCGGCAAUUAGUUCUAAUCAAAGUUUUAUGGAGUACAGAGUUUCAAUCCUGUAGGGAUCUUGCGUCUCUCCUAGCCCCGUGAGCCGGGCCAUGGUGAGAUAAAAUCCUCCUAUACCUCCGUGUUUAGUUAUUUUAUGGUAUAGCCUAAACUGGGGGCGACUUGCACAACAUAUCAUUGUUGGGCAGAGUUCAUUUUGUCUGACACUCUCUGGGAACGCCUCUUGUACCGACACGACCUGGCGACAAUCCAAUGCGGAGUCCCCGCAGUUAAUCAUUCACGGACCUACCGGUCGUUUACCGUGGACGCCGU
15	0.7293592095375061	0.7288135290145874	8	12	6	6	6	6	780	400	CAGAGGUCUGCUGCUUCUCGGAGAAGGAAUCGCCGCCUUCCGGAUGUUUAAAAACAAAGAGCAAAACACUGCUUGAUCGGGUUUCAGGUACCGGCAAUUAGUUCUAAUCAAAGUUUUAUGGAGUACAGAGUUUCAAUCCUGUAGGGAUCUUGCGUCUCUCCUAGCCCCGUGAGCCGGGCCAUGGUGAGAUAAAAUCCUCCUAUACCUCCGUGUUUAGUUAUUUUAUGGUAUAGCCUAAACUGGGGGCGACUUGCACAACAUAUCAUUGUUGGGCAGAGUUCAUUUUGUCUGACACUCUCUGGGAACGCCUCUUGUACCGACACGACCUGGCGACAAUCCAAUGCGGAGUCCCCGCAGUUAAUCAUUCACGGACCUACCGGUCGUUUACCGUGGACGCCGU
15	0.7208611965179443	0.7203390002250671	9	12	6	6	6	6	780	400	CAGAGGUCUGCUGCUUCUCGGAGAAGGAAUCGCCGCCUUCCGGAUGUUUAAAAACAAAGAGCAAAACACUGCUUGAUCGGGUUUCAGGUACCGGCAAUUAGUUCUAAUCAAAGUUUUAUGGAGUACAGAGUUUCAAUCCUGUAGGGAUCUUGCGUCUCUCCUAGCCCCGUGAGCCGGGCCAUGGUGAGAUAAAAUCCUCCUAUACCUCCGUGUUUAGUUAUUUUAUGGUAUAGCCUAAACUGGGGGCGACUUGCACAACAUAUCAUUGUUGGGCAGAGUUCAUUUUGUCUGACACUCUCUGGGAACGCCUCUUGUACCGACACGACCUGGCGACAAUCCAAUGCGGAGUCCCCGCAGUUAAUCAUUCACGGACCUACCGGUCGUUUACCGUGGACGCCGU
15	0.732325553894043	0.7319148778915405	10	12	6	6	6	6	780	400	CAGAGGUCUGCUGCUUCUCGGAGAAGGAAUCGCCGCCUUCCGGAUGUUUAAAAACAAAGAGCAAAACACUGCUUGAUCGGGUUUCAGGUACCGGCAAUUAGUUCUAAUCAAAGUUUUAUGGAGUACAGAGUUUCAAUCCUGUAGGGAUCUUGCGUCUCUCCUAGCCCCGUGAGCCGGGCCAUGGUGAGAUAAAAUCCUCCUAUACCUCCGUGUUUAGUUAUUUUAUGGUAUAGCCUAAACUGGGGGCGACUUGCACAACAUAUCAUUGUUGGGCAGAGUUCAUUUUGUCUGACACUCUCUGGGAACGCCUCUUGUACCGACACGACCUGGCGACAAUCCAAUGCGGAGUCCCCGCAGUUAAUCAUUCACGGACCUACCGGUCGUUUACCGUGGACGCCGU
15	0.795299768447876	0.7948717474937439	11	12	6	6	6	6	780	400	CAGAGGUCUGCUGCUUCUCGGAGAAGGAAUCGCCGCCUUCCGGAUGUUUAAAAACAAAGAGCAAAACACUGCUUGAUCGGGUUUCAGGUACCGGCAAUUAGUUCUAAUCAAAGUUUUAUGGAGUACAGAGUUUCAAUCCUGUAGGGAUCUUGCGUCUCUCCUAGCCCCGUGAGCCGGGCCAUGGUGAGAUAAAAUCCUCCUAUACCUCCGUGUUUAGUUAUUUUAUGGUAUAGCCUAAACUGGGGGCGACUUGCACAACAUAUCAUUGUUGGGCAGAGUUCAUUUUGUCUGACACUCUCUGGGAACGCCUCUUGUACCGACACGACCUGGCGACAAUCCAAUGCGGAGUCCCCGCAGUUAAUCAUUCACGGACCUACCGGUCGUUUACCGUGGACGCCGU
15	0.8451060056686401	0.8448276519775391	12	12	6	6	6	6	780	400	CAGAGGUCUGCUGCUUCUCGGAGAAGGAAUCGCCGCCUUCCGGAUGUUUAAAAACAAAGAGCAAAACACUGCUUGAUCGGGUUUCAGGUACCGGCAAUUAGUUCUAAUCAAAGUUUUAUGGAGUACAGAGUUUCAAUCCUGUAGGGAUCUUGCGUCUCUCCUAGCCCCGUGAGCCGGGCCAUGGUGAGAUAAAAUCCUCCUAUACCUCCGUGUUUAGUUAUUUUAUGGUAUAGCCUAAACUGGGGGCGACUUGCACAACAUAUCAUUGUUGGGCAGAGUUCAUUUUGUCUGACACUCUCUGGGAACGCCUCUUGUACCGACACGACCUGGCGACAAUCCAAUGCGGAGUCCCCGCAGUUAAUCAUUCACGGACCUACCGGUCGUUUACCGUGGACGCCGU
15	0.7994074821472168	0.7983192801475525	13	12	6	6	6	6	780	400	CAGAGGUCUGCUGCUUCUCGGAGAAGGAAUCGCCGCCUUCCGGAUGUUUAAAAACAAAGAGCAAAACACUGCUUGAUCGGGUUUCAGGUACCGGCAAUUAGUUCUAAUCAAAGUUUUAUGGAGUACAGAGUUUCAAUCCUGUAGGGAUCUUGCGUCUCUCCUAGCCCCGUGAGCCGGGCCAUGGUGAGAUAAAAUCCUCCUAUACCUCCGUGUUUAGUUAUUUUAUGGUAUAGCCUAAACUGGGGGCGACUUGCACAACAUAUCAUUGUUGGGCAGAGUUCAUUUUGUCUGACACUCUCUGGGAACGCCUCUUGUACCGACACGACCUGGCGACAAUCCAAUGCGGAGUCCCCGCAGUUAAUCAUUCACGGACCUACCGGUCGUUUACCGUGGACGCCGU
15	0.8124346137046814	0.811965823173523	14	12	6	6	6	6	780	400	CAGAGGUCUGCUGCUUCUCGGAGAAGGAAUCGCCGCCUUCCGGAUGUUUAAAAACAAAGAGCAAAACACUGCUUGAUCGGGUUUCAGGUACCGGCAAUUAGUUCUAAUCAAAGUUUUAUGGAGUACAGAGUUUCAAUCCUGUAGGGAUCUUGCGUCUCUCCUAGCCCCGUGAGCCGGGCCAUGGUGAGAUAAAAUCCUCCUAUACCUCCGUGUUUAGUUAUUUUAUGGUAUAGCCUAAACUGGGGGCGACUUGCACAACAUAUCAUUGUUGGGCAGAGUUCAUUUUGUCUGACACUCUCUGGGAACGCCUCUUGUACCGACACGACCUGGCGACAAUCCAAUGCGGAGUCCCCGCAGUUAAUCAUUCACGGACCUACCGGUCGUUUACCGUGGACGCCGU
15	0.8130418658256531	0.8117154836654663	14	12	6	6	6	6	780	400	CAGAGGUCUGCUGCUUCUCGGAGAAGGAAUCGCCGCCUUCCGGAUGUUUAAAAACAAAGAGCAAAACACUGCUUGAUCGGGUUUCAGGUACCGGCAAUUAGUUCUAAUCAAAGUUUUAUGGAGUACAGAGUUUCAAUCCUGUAGGGAUCUUGCGUCUCUCCUAGCCCCGUGAGCCGGGCCAUGGUGAGAUAAAAUCCUCCUAUACCUCCGUGUUUAGUUAUUUUAUGGUAUAGCCUAAACUGGGGGCGACUUGCACAACAUAUCAUUGUUGGGCAGAGUUCAUUUUGUCUGACACUCUCUGGGAACGCCUCUUGUACCGACACGACCUGGCGACAAUCCAAUGCGGAGUCCCCGCAGUUAAUCAUUCACGGACCUACCGGUCGUUUACCGUGGACGCCGU
15	0.8046445846557617	0.8033472895622253	14	12	6	6	6	6	780	400	CAGAGGUCUGCUGCUUCUCGGAGAAGGAAUCGCCGCCUUCCGGAUGUUUAAAAACAAAGAGCAAAACACUGCUUGAUCGGGUUUCAGGUACCGGCAAUUAGUUCUAAUCAAAGUUUUAUGGAGUACAGAGUUUCAAUCCUGUAGGGAUCUUGCGUCUCUCCUAGCCCCGUGAGCCGGGCCAUGGUGAGAUAAAAUCCUCCUAUACCUCCGUGUUUAGUUAUUUUAUGGUAUAGCCUAAACUGGGGGCGACUUGCACAACAUAUCAUUGUUGGGCAGAGUUCAUUUUGUCUGACACUCUCUGGGAACGCCUCUUGUACCGACACGACCUGGCGACAAUCCAAUGCGGAGUCCCCGCAGUUAAUCAUUCACGGACCUACCGGUCGUUUACCGUGGACGCCGU
15	0.8014885783195496	0.7999999523162842	15	12	6	6	6	6	780	400	CAGAGGUCUGCUGCUUCUCGGAGAAGGAAUCGCCGCCUUCCGGAUGUUUAAAAACAAAGAGCAAAACACUGCUUGAUCGGGUUUCAGGUACCGGCAAUUAGUUCUAAUCAAAGUUUUAUGGAGUACAGAGUUUCAAUCCUGUAGGGAUCUUGCGUCUCUCCUAGCCCCGUGAGCCGGGCCAUGGUGAGAUAAAAUCCUCCUAUACCUCCGUGUUUAGUUAUUUUAUGGUAUAGCCUAAACUGGGGGCGACUUGCACAACAUAUCAUUGUUGGGCAGAGUUCAUUUUGUCUGACACUCUCUGGGAACGCCUCUUGUACCGACACGACCUGGCGACAAUCCAAUGCGGAGUCCCCGCAGUUAAUCAUUCACGGACCUACCGGUCGUUUACCGUGGACGCCGU
15	0.792238175868988	0.7901235222816467	14	12	6	6	6	6	780	400	CAGAGGUCUGCUGCUUCUCGGAGAAGGAAUCGCCGCCUUCCGGAUGUUUAAAAACAAAGAGCAAAACACUGCUUGAUCGGGUUUCAGGUACCGGCAAUUAGUUCUAAUCAAAGUUUUAUGGAGUACAGAGUUUCAAUCCUGUAGGGAUCUUGCGUCUCUCCUAGCCCCGUGAGCCGGGCCAUGGUGAGAUAAAAUCCUCCUAUACCUCCGUGUUUAGUUAUUUUAUGGUAUAGCCUAAACUGGGGGCGACUUGCACAACAUAUCAUUGUUGGGCAGAGUUCAUUUUGUCUGACACUCUCUGGGAACGCCUCUUGUACCGACACGACCUGGCGACAAUCCAAUGCGGAGUCCCCGCAGUUAAUCAUUCACGGACCUACCGGUCGUUUACCGUGGACGCCGU
15	0.7371860146522522	0.7355371117591858	14	12	6	6	6	6	780	400	CAGAGGUCUGCUGCUUCUCGGAGAAGGAAUCGCCGCCUUCCGGAUGUUUAAAAACAAAGAGCAAAACACUGCUUGAUCGGGUUUCAGGUACCGGCAAUUAGUUCUAAUCAAAGUUUUAUGGAGUACAGAGUUUCAAUCCUGUAGGGAUCUUGCGUCUCUCCUAGCCCCGUGAGCCGGGCCAUGGUGAGAUAAAAUCCUCCUAUACCUCCGUGUUUAGUUAUUUUAUGGUAUAGCCUAAACUGGGGGCGACUUGCACAACAUAUCAUUGUUGGGCAGAGUUCAUUUUGUCUGACACUCUCUGGGAACGCCUCUUGUACCGACACGACCUGGCGACAAUCCAAUGCGGAGUCCCCGCAGUUAAUCAUUCACGGACCUACCGGUCGUUUACCGUGGACGCCGU
15	0.7780397534370422	0.7755101919174194	15	12	6	6	6	6	780	400	CAGAGGUCUGCUGCUUCUCGGAGAAGGAAUCGCCGCCUUCCGGAUGUUUAAAAACAAAGAGCAAAACACUGCUUGAUCGGGUUUCAGGUACCGGCAAUUAGUUCUAAUCAAAGUUUUAUGGAGUACAGAGUUUCAAUCCUGUAGGGAUCUUGCGUCUCUCCUAGCCCCGUGAGCCGGGCCAUGGUGAGAUAAAAUCCUCCUAUACCUCCGUGUUUAGUUAUUUUAUGGUAUAGCCUAAACUGGGGGCGACUUGCACAACAUAUCAUUGUUGGGCAGAGUUCAUUUUGUCUGACACUCUCUGGGAACGCCUCUUGUACCGACACGACCUGGCGACAAUCCAAUGCGGAGUCCCCGCAGUUAAUCAUUCACGGACCUACCGGUCGUUUACCGUGGACGCCGU
15	0.8130418658256531	0.8117154836654663	14	12	6	6	6	6	780	400	CAGAGGUCUGCUGCUUCUCGGAGAAGGAAUCGCCGCCUUCCGGAUGUUUAAAAACAAAGAGCAAAACACUGCUUGAUCGGGUUUCAGGUACCGGCAAUUAGUUCUAAUCAAAGUUUUAUGGAGUACAGAGUUUCAAUCCUGUAGGGAUCUUGCGUCUCUCCUAGCCCCGUGAGCCGGGCCAUGGUGAGAUAAAAUCCUCCUAUACCUCCGUGUUUAGUUAUUUUAUGGUAUAGCCUAAACUGGGGGCGACUUGCACAACAUAUCAUUGUUGGGCAGAGUUCAUUUUGUCUGACACUCUCUGGGAACGCCUCUUGUACCGACACGACCUGGCGACAAUCCAAUGCGGAGUCCCCGCAGUUAAUCAUUCACGGACCUACCGGUCGUUUACCGUGGACGCCGU
15	0.8550283908843994	0.8535564541816711	15	12	6	6	6	6	780	400	CAGAGGUCUGCUGCUUCUCGGAGAAGGAAUCGCCGCCUUCCGGAUGUUUAAAAACAAAGAGCAAAACACUGCUUGAUCGGGUUUCAGGUACCGGCAAUUAGUUCUAAUCAAAGUUUUAUGGAGUACAGAGUUUCAAUCCUGUAGGGAUCUUGCGUCUCUCCUAGCCCCGUGAGCCGGGCCAUGGUGAGAUAAAAUCCUCCUAUACCUCCGUGUUUAGUUAUUUUAUGGUAUAGCCUAAACUGGGGGCGACUUGCACAACAUAUCAUUGUUGGGCAGAGUUCAUUUUGUCUGACACUCUCUGGGAACGCCUCUUGUACCGACACGACCUGGCGACAAUCCAAUGCGGAGUCCCCGCAGUUAAUCAUUCACGGACCUACCGGUCGUUUACCGUGGACGCCGU
15	0.7847595810890198	0.7833333611488342	14	12	6	6	6	6	780	400	CAGAGGUCUGCUGCUUCUCGGAGAAGGAAUCGCCGCCUUCCGGAUGUUUAAAAACAAAGAGCAAAACACUGCUUGAUCGGGUUUCAGGUACCGGCAAUUAGUUCUAAUCAAAGUUUUAUGGAGUACAGAGUUUCAAUCCUGUAGGGAUCUUGCGUCUCUCCUAGCCCCGUGAGCCGGGCCAUGGUGAGAUAAAAUCCUCCUAUACCUCCGUGUUUAGUUAUUUUAUGGUAUAGCCUAAACUGGGGGCGACUUGCACAACAUAUCAUUGUUGGGCAGAGUUCAUUUUGUCUGACACUCUCUGGGAACGCCUCUUGUACCGACACGACCUGGCGACAAUCCAAUGCGGAGUCCCCGCAGUUAAUCAUUCACGGACCUACCGGUCGUUUACCGUGGACGCCGU
15	0.8246991038322449	0.8235294222831726	14	12	6	6	6	6	780	400	CAGAGGUCUGCUGCUUCUCGGAGAAGGAAUCGCCGCCUUCCGGAUGUUUAAAAACAAAGAGCAAAACACUGCUUGAUCGGGUUUCAGGUACCGGCAAUUAGUUCUAAUCAAAGUUUUAUGGAGUACAGAGUUUCAAUCCUGUAGGGAUCUUGCGUCUCUCCUAGCCCCGUGAGCCGGGCCAUGGUGAGAUAAAAUCCUCCUAUACCUCCGUGUUUAGUUAUUUUAUGGUAUAGCCUAAACUGGGGGCGACUUGCACAACAUAUCAUUGUUGGGCAGAGUUCAUUUUGUCUGACACUCUCUGGGAACGCCUCUUGUACCGACACGACCUGGCGACAAUCCAAUGCGGAGUCCCCGCAGUUAAUCAUUCACGGACCUACCGGUCGUUUACCGUGGACGCCGU
15	0.8246991038322449	0.8235294222831726	14	12	6	6	6	6	780	400	CAGAGGUCUGCUGCUUCUCGGAGAAGGAAUCGCCGCCUUCCGGAUGUUUAAAAACAAAGAGCAAAACACUGCUUGAUCGGGUUUCAGGUACCGGCAAUUAGUUCUAAUCAAAGUUUUAUGGAGUACAGAGUUUCAAUCCUGUAGGGAUCUUGCGUCUCUCCUAGCCCCGUGAGCCGGGCCAUGGUGAGAUAAAAUCCUCCUAUACCUCCGUGUUUAGUUAUUUUAUGGUAUAGCCUAAACUGGGGGCGACUUGCACAACAUAUCAUUGUUGGGCAGAGUUCAUUUUGUCUGACACUCUCUGGGAACGCCUCUUGUACCGACACGACCUGGCGACAAUCCAAUGCGGAGUCCCCGCAGUUAAUCAUUCACGGACCUACCGGUCGUUUACCGUGGACGCCGU
15	0.8067013621330261	0.8049793243408203	15	12	6	6	6	6	780	400	CAGAGGUCUGCUGCUUCUCGGAGAAGGAAUCGCCGCCUUCCGGAUGUUUAAAAACAAAGAGCAAAACACUGCUUGAUCGGGUUUCAGGUACCGGCAAUUAGUUCUAAUCAAAGUUUUAUGGAGUACAGAGUUUCAAUCCUGUAGGGAUCUUGCGUCUCUCCUAGCCCCGUGAGCCGGGCCAUGGUGAGAUAAAAUCCUCCUAUACCUCCGUGUUUAGUUAUUUUAUGGUAUAGCCUAAACUGGGGGCGACUUGCACAACAUAUCAUUGUUGGGCAGAGUUCAUUUUGUCUGACACUCUCUGGGAACGCCUCUUGUACCGACACGACCUGGCGACAAUCCAAUGCGGAGUCCCCGCAGUUAAUCAUUCACGGACCUACCGGUCGUUUACCGUGGACGCCGU
15	0.8921431303024292	0.8907562494277954	15	12	6	6	6	6	780	400	CAGAGGUCUGCUGCUUCUCGGAGAAGGAAUCGCCGCCUUCCGGAUGUUUAAAAACAAAGAGCAAAACACUGCUUGAUCGGGUUUCAGGUACCGGCAAUUAGUUCUAAUCAAAGUUUUAUGGAGUACAGAGUUUCAAUCCUGUAGGGAUCUUGCGUCUCUCCUAGCCCCGUGAGCCGGGCCAUGGUGAGAUAAAAUCCUCCUAUACCUCCGUGUUUAGUUAUUUUAUGGUAUAGCCUAAACUGGGGGCGACUUGCACAACAUAUCAUUGUUGGGCAGAGUUCAUUUUGUCUGACACUCUCUGGGAACGCCUCUUGUACCGACACGACCUGGCGACAAUCCAAUGCGGAGUCCCCGCAGUUAAUCAUUCACGGACCUACCGGUCGUUUACCGUGGACGCCGU
15	0.7809879779815674	0.7786884903907776	13	12	6	6	6	6	780	400	CAGAGGUCUGCUGCUUCUCGGAGAAGGAAUCGCCGCCUUCCGGAUGUUUAAAAACAAAGAGCAAAACACUGCUUGAUCGGGUUUCAGGUACCGGCAAUUAGUUCUAAUCAAAGUUUUAUGGAGUACAGAGUUUCAAUCCUGUAGGGAUCUUGCGUCUCUCCUAGCCCCGUGAGCCGGGCCAUGGUGAGAUAAAAUCCUCCUAUACCUCCGUGUUUAGUUAUUUUAUGGUAUAGCCUAAACUGGGGGCGACUUGCACAACAUAUCAUUGUUGGGCAGAGUUCAUUUUGUCUGACACUCUCUGGGAACGCCUCUUGUACCGACACGACCUGGCGACAAUCCAAUGCGGAGUCCCCGCAGUUAAUCAUUCACGGACCUACCGGUCGUUUACCGUGGACGCCGU
15	0.8246991038322449	0.8235294222831726	13	12	6	6	6	6	780	400	CAGAGGUCUGCUGCUUCUCGGAGAAGGAAUCGCCGCCUUCCGGAUGUUUAAAAACAAAGAGCAAAACACUGCUUGAUCGGGUUUCAGGUACCGGCAAUUAGUUCUAAUCAAAGUUUUAUGGAGUACAGAGUUUCAAUCCUGUAGGGAUCUUGCGUCUCUCCUAGCCCCGUGAGCCGGGCCAUGGUGAGAUAAAAUCCUCCUAUACCUCCGUGUUUAGUUAUUUUAUGGUAUAGCCUAAACUGGGGGCGACUUGCACAACAUAUCAUUGUUGGGCAGAGUUCAUUUUGUCUGACACUCUCUGGGAACGCCUCUUGUACCGACACGACCUGGCGACAAUCCAAUGCGGAGUCCCCGCAGUUAAUCAUUCACGGACCUACCGGUCGUUUACCGUGGACGCCGU
16	0.5903586745262146	0.5905511379241943	1	12	6	6	6	6	780	400	CUGUGUGGGGCUGAUAUAAACACCCUUCUCCGUCCCCGGUAGCGUGACGUCUGGUUUAGACGACAAGCCCUCUGGCAGUAAUCGAUAUAAGCUGUCCCGAUUUGCAUGGCGCUAGCAGAAAGUCCGUUGAAGAUGGGAUUUUAAUCAGAUGUCGUCUGACGAUGGUCUCCCGUCAGUCCUCACCAGCUCUGGCGGUUGAUAGAACAAAAGUGUGUGUGGAGGGAUACAUCUAGGCAUCCGGUUUGCACUUAUUCCUAGAUAGGCACUACCAGCGGCUACACUGCCUUACCGGGAAUCGACGCCACCAGACCUAUUCUAAGGCGGUAACCGCACGUGAGCUAUGUGACUAGGUGUAGCAGGCGAGAAGUAUGAGAAAGCGCGGCUGAGAGUAUUAUCCCUA
16	0.6744301319122314	0.6746031641960144	2	12	6	6	6	6	780	400	CUGUGUGGGGCUGAUAUAAACACCCUUCUCCGUCCCCGGUAGCGUGACGUCUGGUUUAGACGACAAGCCCUCUGGCAGUAAUCGAUAUAAGCUGUCCCGAUUUGCAUGGCGCUAGCAGAAAGUCCGUUGAAGAUGGGAUUUUAAUCAGAUGUCGUCUGACGAUGGUCUCCCGUCAGUCCUCACCAGCUCUGGCGGUUGAUAGAACAAAAGUGUGUGUGGAGGGAUACAUCUAGGCAUCCGGUUUGCACUUAUUCCUAGAUAGGCACUACCAGCGGCUACACUGCCUUACCGGGAAUCGACGCCACCAGACCUAUUCUAAGGCGGUAACCGCACGUGAGCUAUGUGACUAGGUGUAGCAGGCGAGAAGUAUGAGAAAGCGCGGCUGAGAGUAUUAUCCCUA
16	0.6401522755622864	0.6403161883354187	3	12	6	6	6	6	780	400	CUGUGUGGGGCUGAUAUAAACACCCUUCUCCGUCCCCGGUAGCGUGACGUCUGGUUUAGACGACAAGCCCUCUGGCAGUAAUCGAUAUAAGCUGUCCCGAUUUGCAUGGCGCUAGCAGAAAGUCCGUUGAAGAUGGGAUUUUAAUCAGAUGUCGUCUGACGAUGGUCUCCCGUCAGUCCUCACCAGCUCUGGCGGUUGAUAGAACAAAAGUGUGUGUGGAGGGAUACAUCUAGGCAUCCGGUUUGCACUUAUUCCUAGAUAGGCACUACCAGCGGCUACACUGCCUUACCGGGAAUCGACGCCACCAGACCUAUUCUAAGGCGGUAACCGCACGUGAGCUAUGUGACUAGGUGUAGCAGGCGAGAAGUAUGAGAAAGCGCGGCUGAGAGUAUUAUCCCUA
16	0.6743270754814148	0.6746987700462341	4	12	6	6	6	6	780	400	CUGUGUGGGGCUGAUAUAAACACCCUUCUCCGUCCCCGGUAGCGUGACGUCUGGUUUAGACGACAAGCCCUCUGGCAGUAAUCGAUAUAAGCUGUCCCGAUUUGCAUGGCGCUAGCAGAAAGUCCGUUGAAGAUGGGAUUUUAAUCAGAUGUCGUCUGACGAUGGUCUCCCGUCAGUCCUCACCAGCUCUGGCGGUUGAUAGAACAAAAGUGUGUGUGGAGGGAUACAUCUAGGCAUCCGGUUUGCACUUAUUCCUAGAUAGGCACUACCAGCGGCUACACUGCCUUACCGGGAAUCGACGCCACCAGACCUAUUCUAAGGCGGUAACCGCACGUGAGCUAUGUGACUAGGUGUAGCAGGCGAGAAGUAUGAGAAAGCGCGGCUGAGAGUAUUAUCCCUA
16	0.6426178216934204	0.6428570747375488	5	12	6	6	6	6	780	400	CUGUGUGGGGCUGAUAUAAACACCCUUCUCCGUCCCCGGUAGCGUGACGUCUGGUUUAGACGACAAGCCCUCUGGCAGUAAUCGAUAUAAGCUGUCCCGAUUUGCAUGGCGCUAGCAGAAAGUCCGUUGAAGAUGGGAUUUUAAUCAGAUGUCGUCUGACGAUGGUCUCCCGUCAGUCCUCACCAGCUCUGGCGGUUGAUAGAACAAAAGUGUGUGUGGAGGGAUACAUCUAGGCAUCCGGUUUGCACUUAUUCCUAGAUAGGCACUACCAGCGGCUACACUGCCUUACCGGGAAUCGACGCCACCAGACCUAUUCUAAGGCGGUAACCGCACGUGAGCUAUGUGACUAGGUGUAGCAGGCGAGAAGUAUGAGAAAGCGCGGCUGAGAGUAUUAUCCCUA
16	0.5767706632614136	0.5770751237869263	6	12	6	6	6	6	780	400	CUGUGUGGGGCUGAUAUAAACACCCUUCUCCGUCCCCGGUAGCGUGACGUCUGGUUUAGACGACAAGCCCUCUGGCAGUAAUCGAUAUAAGCUGUCCCGAUUUGCAUGGCGCUAGCAGAAAGUCCGUUGAAGAUGGGAUUUUAAUCAGAUGUCGUCUGACGAUGGUCUCCCGUCAGUCCUCACCAGCUCUGGCGGUUGAUAGAACAAAAGUGUGUGUGGAGGGAUACAUCUAGGCAUCCGGUUUGCACUUAUUCCUAGAUAGGCACUACCAGCGGCUACACUGCCUUACCGGGAAUCGACGCCACCAGACCUAUUCUAAGGCGGUAACCGCACGUGAGCUAUGUGACUAGGUGUAGCAGGCGAGAAGUAUGAGAAAGCGCGGCUGAGAGUAUUAUCCCUA
16	0.7482123970985413	0.748031497001648	7	12	6	6	6	6	780	400	CUGUGUGGGGCUGAUAUAAACACCCUUCUCCGUCCCCGGUAGCGUGACGUCUGGUUUAGACGACAAGCCCUCUGGCAGUAAUCGAUAUAAGCUGUCCCGAUUUGCAUGGCGCUAGCAGAAAGUCCGUUGAAGAUGGGAUUUUAAUCAGAUGUCGUCUGACGAUGGUCUCCCGUCAGUCCUCACCAGCUCUGGCGGUUGAUAGAACAAAAGUGUGUGUGGAGGGAUACAUCUAGGCAUCCGGUUUGCACUUAUUCCUAGAUAGGCACUACCAGCGGCUACACUGCCUUACCGGGAAUCGACGCCACCAGACCUAUUCUAAGGCGGUAACCGCACGUGAGCUAUGUGACUAGGUGUAGCAGGCGAGAAGUAUGAGAAAGCGCGGCUGAGAGUAUUAUCCCUA
16	0.6987457871437073	0.6991870403289795	8	12	6	6	6	6	780	400	CUGUGUGGGGCUGAUAUAAACACCCUUCUCCGUCCCCGGUAGCGUGACGUCUGGUUUAGACGACAAGCCCUCUGGCAGUAAUCGAUAUAAGCUGUCCCGAUUUGCAUGGCGCUAGCAGAAAGUCCGUUGAAGAUGGGAUUUUAAUCAGAUGUCGUCUGACGAUGGUCUCCCGUCAGUCCUCACCAGCUCUGGCGGUUGAUAGAACAAAAGUGUGUGUGGAGGGAUACAUCUAGGCAUCCGGUUUGCACUUAUUCCUAGAUAGGCACUACCAGCGGCUACACUGCCUUACCGGGAAUCGACGCCACCAGACCUAUUCUAAGGCGGUAACCGCACGUGAGCUAUGUGACUAGGUGUAGCAGGCGAGAAGUAUGAGAAAGCGCGGCUGAGAGUAUUAUCCCUA
16	0.7883177399635315	0.7886179089546204	9	12	6	6	6	6	780	400	CUGUGUGGGGCUGAUAUAAACACCCUUCUCCGUCCCCGGUAGCGUGACGUCUGGUUUAGACGACAAGCCCUCUGGCAGUAAUCGAUAUAAGCUGUCCCGAUUUGCAUGGCGCUAGCAGAAAGUCCGUUGAAGAUGGGAUUUUAAUCAGAUGUCGUCUGACGAUGGUCUCCCGUCAGUCCUCACCAGCUCUGGCGGUUGAUAGAACAAAAGUGUGUGUGGAGGGAUACAUCUAGGCAUCCGGUUUGCACUUAUUCCUAGAUAGGCACUACCAGCGGCUACACUGCCUUACCGGGAAUCGACGCCACCAGACCUAUUCUAAGGCGGUAACCGCACGUGAGCUAUGUGACUAGGUGUAGCAGGCGAGAAGUAUGAGAAAGCGCGGCUGAGAGUAUUAUCCCUA
16	0.7588197588920593	0.7591837048530579	10	12	6	6	6	6	780	400	CUGUGUGGGGCUGAUAUAAACACCCUUCUCCGUCCCCGGUAGCGUGACGUCUGGUUUAGACGACAAGCCCUCUGGCAGUAAUCGAUAUAAGCUGUCCCGAUUUGCAUGGCGCUAGCAGAAAGUCCGUUGAAGAUGGGAUUUUAAUCAGAUGUCGUCUGACGAUGGUCUCCCGUCAGUCCUCACCAGCUCUGGCGGUUGAUAGAACAAAAGUGUGUGUGGAGGGAUACAUCUAGGCAUCCGGUUUGCACUUAUUCCUAGAUAGGCACUACCAGCGGCUACACUGCCUUACCGGGAAUCGACGCCACCAGACCUAUUCUAAGGCGGUAACCGCACGUGAGCUAUGUGACUAGGUGUAGCAGGCGAGAAGUAUGAGAAAGCGCGGCUGAGAGUAUUAUCCCUA
16	0.830489993095398	0.8306451439857483	11	12	6	6	6	6	780	400	CUGUGUGGGGCUGAUAUAAACACCCUUCUCCGUCCCCGGUAGCGUGACGUCUGGUUUAGACGACAAGCCCUCUGGCAGUAAUCGAUAUAAGCUGUCCCGAUUUGCAUGGCGCUAGCAGAAAGUCCGUUGAAGAUGGGAUUUUAAUCAGAUGUCGUCUGACGAUGGUCUCCCGUCAGUCCUCACCAGCUCUGGCGGUUGAUAGAACAAAAGUGUGUGUGGAGGGAUACAUCUAGGCAUCCGGUUUGCACUUAUUCCUAGAUAGGCACUACCAGCGGCUACACUGCCUUACCGGGAAUCGACGCCACCAGACCUAUUCUAAGGCGGUAACCGCACGUGAGCUAUGUGACUAGGUGUAGCAGGCGAGAAGUAUGAGAAAGCGCGGCUGAGAGUAUUAUCCCUA
16	0.8143337965011597	0.8145161271095276	12	12	6	6	6	6	780	400	CUGUGUGGGGCUGAUAUAAACACCCUUCUCCGUCCCCGGUAGCGUGACGUCUGGUUUAGACGACAAGCCCUCUGGCAGUAAUCGAUAUAAGCUGUCCCGAUUUGCAUGGCGCUAGCAGAAAGUCCGUUGAAGAUGGGAUUUUAAUCAGAUGUCGUCUGACGAUGGUCUCCCGUCAGUCCUCACCAGCUCUGGCGGUUGAUAGAACAAAAGUGUGUGUGGAGGGAUACAUCUAGGCAUCCGGUUUGCACUUAUUCCUAGAUAGGCACUACCAGCGGCUACACUGCCUUACCGGGAAUCGACGCCACCAGACCUAUUCUAAGGCGGUAACCGCACGUGAGCUAUGUGACUAGGUGUAGCAGGCGAGAAGUAUGAGAAAGCGCGGCUGAGAGUAUUAUCCCUA
16	0.8662537932395935	0.8663967847824097	13	12	6	6	6	6	780	400	CUGUGUGGGGCUGAUAUAAACACCCUUCUCCGUCCCCGGUAGCGUGACGUCUGGUUUAGACGACAAGCCCUCUGGCAGUAAUCGAUAUAAGCUGUCCCGAUUUGCAUGGCGCUAGCAGAAAGUCCGUUGAAGAUGGGAUUUUAAUCAGAUGUCGUCUGACGAUGGUCUCCCGUCAGUCCUCACCAGCUCUGGCGGUUGAUAGAACAAAAGUGUGUGUGGAGGGAUACAUCUAGGCAUCCGGUUUGCACUUAUUCCUAGAUAGGCACUACCAGCGGCUACACUGCCUUACCGGGAAUCGACGCCACCAGACCUAUUCUAAGGCGGUAACCGCACGUGAGCUAUGUGACUAGGUGUAGCAGGCGAGAAGUAUGAGAAAGCGCGGCUGAGAGUAUUAUCCCUA
16	0.849397599697113	0.8492063283920288	14	12	6	6	6	6	780	400	CUGUGUGGGGCUGAUAUAAACACCCUUCUCCGUCCCCGGUAGCGUGACGUCUGGUUUAGACGACAAGCCCUCUGGCAGUAAUCGAUAUAAGCUGUCCCGAUUUGCAUGGCGCUAGCAGAAAGUCCGUUGAAGAUGGGAUUUUAAUCAGAUGUCGUCUGACGAUGGUCUCCCGUCAGUCCUCACCAGCUCUGGCGGUUGAUAGAACAAAAGUGUGUGUGGAGGGAUACAUCUAGGCAUCCGGUUUGCACUUAUUCCUAGAUAGGCACUACCAGCGGCUACACUGCCUUACCGGGAAUCGACGCCACCAGACCUAUUCUAAGGCGGUAACCGCACGUGAGCUAUGUGACUAGGUGUAGCAGGCGAGAAGUAUGAGAAAGCGCGGCUGAGAGUAUUAUCCCUA
16	0.780836284160614	0.7808765172958374	14	12	6	6	6	6	780	400	CUGUGUGGGGCUGAUAUAAACACCCUUCUCCGUCCCCGGUAGCGUGACGUCUGGUUUAGACGACAAGCCCUCUGGCAGUAAUCGAUAUAAGCUGUCCCGAUUUGCAUGGCGCUAGCAGAAAGUCCGUUGAAGAUGGGAUUUUAAUCAGAUGUCGUCUGACGAUGGUCUCCCGUCAGUCCUCACCAGCUCUGGCGGUUGAUAGAACAAAAGUGUGUGUGGAGGGAUACAUCUAGGCAUCCGGUUUGCACUUAUUCCUAGAUAGGCACUACCAGCGGCUACACUGCCUUACCGGGAAUCGACGCCACCAGACCUAUUCUAAGGCGGUAACCGCACGUGAGCUAUGUGACUAGGUGUAGCAGGCGAGAAGUAUGAGAAAGCGCGGCUGAGAGUAUUAUCCCUA
16	0.8800661563873291	0.8799999952316284	15	12	6	6	6	6	780	400	CUGUGUGGGGCUGAUAUAAACACCCUUCUCCGUCCCCGGUAGCGUGACGUCUGGUUUAGACGACAAGCCCUCUGGCAGUAAUCGAUAUAAGCUGUCCCGAUUUGCAUGGCGCUAGCAGAAAGUCCGUUGAAGAUGGGAUUUUAAUCAGAUGUCGUCUGACGAUGGUCUCCCGUCAGUCCUCACCAGCUCUGGCGGUUGAUAGAACAAAAGUGUGUGUGGAGGGAUACAUCUAGGCAUCCGGUUUGCACUUAUUCCUAGAUAGGCACUACCAGCGGCUACACUGCCUUACCGGGAAUCGACGCCACCAGACCUAUUCUAAGGCGGUAACCGCACGUGAGCUAUGUGACUAGGUGUAGCAGGCGAGAAGUAUGAGAAAGCGCGGCUGAGAGUAUUAUCCCUA
16	0.8239621520042419	0.8239999413490295	15	12	6	6	6	6	780	400	CUGUGUGGGGCUGAUAUAAACACCCUUCUCCGUCCCCGGUAGCGUGACGUCUGGUUUAGACGACAAGCCCUCUGGCAGUAAUCGAUAUAAGCUGUCCCGAUUUGCAUGGCGCUAGCAGAAAGUCCGUUGAAGAUGGGAUUUUAAUCAGAUGUCGUCUGACGAUGGUCUCCCGUCAGUCCUCACCAGCUCUGGCGGUUGAUAGAACAAAAGUGUGUGUGGAGGGAUACAUCUAGGCAUCCGGUUUGCACUUAUUCCUAGAUAGGCACUACCAGCGGCUACACUGCCUUACCGGGAAUCGACGCCACCAGACCUAUUCUAAGGCGGUAACCGCACGUGAGCUAUGUGACUAGGUGUAGCAGGCGAGAAGUAUGAGAAAGCGCGGCUGAGAGUAUUAUCCCUA
16	0.9245444536209106	0.9243028163909912	15	12	6	6	6	6	780	400	CUGUGUGGGGCUGAUAUAAACACCCUUCUCCGUCCCCGGUAGCGUGACGUCUGGUUUAGACGACAAGCCCUCUGGCAGUAAUCGAUAUAAGCUGUCCCGAUUUGCAUGGCGCUAGCAGAAAGUCCGUUGAAGAUGGGAUUUUAAUCAGAUGUCGUCUGACGAUGGUCUCCCGUCAGUCCUCACCAGCUCUGGCGGUUGAUAGAACAAAAGUGUGUGUGGAGGGAUACAUCUAGGCAUCCGGUUUGCACUUAUUCCUAGAUAGGCACUACCAGCGGCUACACUGCCUUACCGGGAAUCGACGCCACCAGACCUAUUCUAAGGCGGUAACCGCACGUGAGCUAUGUGACUAGGUGUAGCAGGCGAGAAGUAUGAGAAAGCGCGGCUGAGAGUAUUAUCCCUA
16	0.8732568025588989	0.8730158805847168	15	12	6	6	6	6	780	400	CUGUGUGGGGCUGAUAUAAACACCCUUCUCCGUCCCCGGUAGCGUGACGUCUGGUUUAGACGACAAGCCCUCUGGCAGUAAUCGAUAUAAGCUGUCCCGAUUUGCAUGGCGCUAGCAGAAAGUCCGUUGAAGAUGGGAUUUUAAUCAGAUGUCGUCUGACGAUGGUCUCCCGUCAGUCCUCACCAGCUCUGGCGGUUGAUAGAACAAAAGUGUGUGUGGAGGGAUACAUCUAGGCAUCCGGUUUGCACUUAUUCCUAGAUAGGCACUACCAGCGGCUACACUGCCUUACCGGGAAUCGACGCCACCAGACCUAUUCUAAGGCGGUAACCGCACGUGAGCUAUGUGACUAGGUGUAGCAGGCGAGAAGUAUGAGAAAGCGCGGCUGAGAGUAUUAUCCCUA
16	0.8708806037902832	0.8709677457809448	15	12	6	6	6	6	780	400	CUGUGUGGGGCUGAUAUAAACACCCUUCUCCGUCCCCGGUAGCGUGACGUCUGGUUUAGACGACAAGCCCUCUGGCAGUAAUCGAUAUAAGCUGUCCCGAUUUGCAUGGCGCUAGCAGAAAGUCCGUUGAAGAUGGGAUUUUAAUCAGAUGUCGUCUGACGAUGGUCUCCCGUCAGUCCUCACCAGCUCUGGCGGUUGAUAGAACAAAAGUGUGUGUGGAGGGAUACAUCUAGGCAUCCGGUUUGCACUUAUUCCUAGAUAGGCACUACCAGCGGCUACACUGCCUUACCGGGAAUCGACGCCACCAGACCUAUUCUAAGGCGGUAACCGCACGUGAGCUAUGUGACUAGGUGUAGCAGGCGAGAAGUAUGAGAAAGCGCGGCUGAGAGUAUUAUCCCUA
16	0.8487545251846313	0.8489795923233032	14	12	6	6	6	6	780	400	CUGUGUGGGGCUGAUAUAAACACCCUUCUCCGUCCCCGGUAGCGUGACGUCUGGUUUAGACGACAAGCCCUCUGGCAGUAAUCGAUAUAAGCUGUCCCGAUUUGCAUGGCGCUAGCAGAAAGUCCGUUGAAGAUGGGAUUUUAAUCAGAUGUCGUCUGACGAUGGUCUCCCGUCAGUCCUCACCAGCUCUGGCGGUUGAUAGAACAAAAGUGUGUGUGGAGGGAUACAUCUAGGCAUCCGGUUUGCACUUAUUCCUAGAUAGGCACUACCAGCGGCUACACUGCCUUACCGGGAAUCGACGCCACCAGACCUAUUCUAAGGCGGUAACCGCACGUGAGCUAUGUGACUAGGUGUAGCAGGCGAGAAGUAUGAGAAAGCGCGGCUGAGAGUAUUAUCCCUA
16	0.9281553030014038	0.9279999732971191	15	12	6	6	6	6	780	400	CUGUGUGGGGCUGAUAUAAACACCCUUCUCCGUCCCCGGUAGCGUGACGUCUGGUUUAGACGACAAGCCCUCUGGCAGUAAUCGAUAUAAGCUGUCCCGAUUUGCAUGGCGCUAGCAGAAAGUCCGUUGAAGAUGGGAUUUUAAUCAGAUGUCGUCUGACGAUGGUCUCCCGUCAGUCCUCACCAGCUCUGGCGGUUGAUAGAACAAAAGUGUGUGUGGAGGGAUACAUCUAGGCAUCCGGUUUGCACUUAUUCCUAGAUAGGCACUACCAGCGGCUACACUGCCUUACCGGGAAUCGACGCCACCAGACCUAUUCUAAGGCGGUAACCGCACGUGAGCUAUGUGACUAGGUGUAGCAGGCGAGAAGUAUGAGAAAGCGCGGCUGAGAGUAUUAUCCCUA
16	0.8334914445877075	0.8333333134651184	14	12	6	6	6	6	780	400	CUGUGUGGGGCUGAUAUAAACACCCUUCUCCGUCCCCGGUAGCGUGACGUCUGGUUUAGACGACAAGCCCUCUGGCAGUAAUCGAUAUAAGCUGUCCCGAUUUGCAUGGCGCUAGCAGAAAGUCCGUUGAAGAUGGGAUUUUAAUCAGAUGUCGUCUGACGAUGGUCUCCCGUCAGUCCUCACCAGCUCUGGCGGUUGAUAGAACAAAAGUGUGUGUGGAGGGAUACAUCUAGGCAUCCGGUUUGCACUUAUUCCUAGAUAGGCACUACCAGCGGCUACACUGCCUUACCGGGAAUCGACGCCACCAGACCUAUUCUAAGGCGGUAACCGCACGUGAGCUAUGUGACUAGGUGUAGCAGGCGAGAAGUAUGAGAAAGCGCGGCUGAGAGUAUUAUCCCUA
16	0.9209752082824707	0.920634925365448	15	12	6	6	6	6	780	400	CUGUGUGGGGCUGAUAUAAACACCCUUCUCCGUCCCCGGUAGCGUGACGUCUGGUUUAGACGACAAGCCCUCUGGCAGUAAUCGAUAUAAGCUGUCCCGAUUUGCAUGGCGCUAGCAGAAAGUCCGUUGAAGAUGGGAUUUUAAUCAGAUGUCGUCUGACGAUGGUCUCCCGUCAGUCCUCACCAGCUCUGGCGGUUGAUAGAACAAAAGUGUGUGUGGAGGGAUACAUCUAGGCAUCCGGUUUGCACUUAUUCCUAGAUAGGCACUACCAGCGGCUACACUGCCUUACCGGGAAUCGACGCCACCAGACCUAUUCUAAGGCGGUAACCGCACGUGAGCUAUGUGACUAGGUGUAGCAGGCGAGAAGUAUGAGAAAGCGCGGCUGAGAGUAUUAUCCCUA
16	0.8846254348754883	0.8844621181488037	15	12	6	6	6	6	780	400	CUGUGUGGGGCUGAUAUAAACACCCUUCUCCGUCCCCGGUAGCGUGACGUCUGGUUUAGACGACAAGCCCUCUGGCAGUAAUCGAUAUAAGCUGUCCCGAUUUGCAUGGCGCUAGCAGAAAGUCCGUUGAAGAUGGGAUUUUAAUCAGAUGUCGUCUGACGAUGGUCUCCCGUCAGUCCUCACCAGCUCUGGCGGUUGAUAGAACAAAAGUGUGUGUGGAGGGAUACAUCUAGGCAUCCGGUUUGCACUUAUUCCUAGAUAGGCACUACCAGCGGCUACACUGCCUUACCGGGAAUCGACGCCACCAGACCUAUUCUAAGGCGGUAACCGCACGUGAGCUAUGUGACUAGGUGUAGCAGGCGAGAAGUAUGAGAAAGCGCGGCUGAGAGUAUUAUCCCUA
16	0.9274274706840515	0.9274193048477173	16	12	6	6	6	6	780	400	CUGUGUGGGGCUGAUAUAAACACCCUUCUCCGUCCCCGGUAGCGUGACGUCUGGUUUAGACGACAAGCCCUCUGGCAGUAAUCGAUAUAAGCUGUCCCGAUUUGCAUGGCGCUAGCAGAAAGUCCGUUGAAGAUGGGAUUUUAAUCAGAUGUCGUCUGACGAUGGUCUCCCGUCAGUCCUCACCAGCUCUGGCGGUUGAUAGAACAAAAGUGUGUGUGGAGGGAUACAUCUAGGCAUCCGGUUUGCACUUAUUCCUAGAUAGGCACUACCAGCGGCUACACUGCCUUACCGGGAAUCGACGCCACCAGACCUAUUCUAAGGCGGUAACCGCACGUGAGCUAUGUGACUAGGUGUAGCAGGCGAGAAGUAUGAGAAAGCGCGGCUGAGAGUAUUAUCCCUA
16	0.8754846453666687	0.8755019903182983	15	12	6	6	6	6	780	400	CUGUGUGGGGCUGAUAUAAACACCCUUCUCCGUCCCCGGUAGCGUGACGUCUGGUUUAGACGACAAGCCCUCUGGCAGUAAUCGAUAUAAGCUGUCCCGAUUUGCAUGGCGCUAGCAGAAAGUCCGUUGAAGAUGGGAUUUUAAUCAGAUGUCGUCUGACGAUGGUCUCCCGUCAGUCCUCACCAGCUCUGGCGGUUGAUAGAACAAAAGUGUGUGUGGAGGGAUACAUCUAGGCAUCCGGUUUGCACUUAUUCCUAGAUAGGCACUACCAGCGGCUACACUGCCUUACCGGGAAUCGACGCCACCAGACCUAUUCUAAGGCGGUAACCGCACGUGAGCUAUGUGACUAGGUGUAGCAGGCGAGAAGUAUGAGAAAGCGCGGCUGAGAGUAUUAUCCCUA
16	0.9095242023468018	0.9090908765792847	15	12	6	6	6	6	780	400	CUGUGUGGGGCUGAUAUAAACACCCUUCUCCGUCCCCGGUAGCGUGACGUCUGGUUUAGACGACAAGCCCUCUGGCAGUAAUCGAUAUAAGCUGUCCCGAUUUGCAUGGCGCUAGCAGAAAGUCCGUUGAAGAUGGGAUUUUAAUCAGAUGUCGUCUGACGAUGGUCUCCCGUCAGUCCUCACCAGCUCUGGCGGUUGAUAGAACAAAAGUGUGUGUGGAGGGAUACAUCUAGGCAUCCGGUUUGCACUUAUUCCUAGAUAGGCACUACCAGCGGCUACACUGCCUUACCGGGAAUCGACGCCACCAGACCUAUUCUAAGGCGGUAACCGCACGUGAGCUAUGUGACUAGGUGUAGCAGGCGAGAAGUAUGAGAAAGCGCGGCUGAGAGUAUUAUCCCUA
16	0.8744953870773315	0.874015748500824	16	12	6	6	6	6	780	400	CUGUGUGGGGCUGAUAUAAACACCCUUCUCCGUCCCCGGUAGCGUGACGUCUGGUUUAGACGACAAGCCCUCUGGCAGUAAUCGAUAUAAGCUGUCCCGAUUUGCAUGGCGCUAGCAGAAAGUCCGUUGAAGAUGGGAUUUUAAUCAGAUGUCGUCUGACGAUGGUCUCCCGUCAGUCCUCACCAGCUCUGGCGGUUGAUAGAACAAAAGUGUGUGUGGAGGGAUACAUCUAGGCAUCCGGUUUGCACUUAUUCCUAGAUAGGCACUACCAGCGGCUACACUGCCUUACCGGGAAUCGACGCCACCAGACCUAUUCUAAGGCGGUAACCGCACGUGAGCUAUGUGACUAGGUGUAGCAGGCGAGAAGUAUGAGAAAGCGCGGCUGAGAGUAUUAUCCCUA
17	0.4074992835521698	0.40833333134651184	1	12	6	6	6	6	780	400	CUGGUGCAUAGUCCCGCCAUCCUAGCAAAUCUCCCGAGGCGAGAUCCUGUCCCGUAGCUGAGUACCAUGGAACUUGUGGCUAGCAUCGCAUCUCAAGUGAUCUAAGCGUCACGUUCGGGUUGAACUUUAGAGCUAGGAAGAUGUGAUGAGCCAGCAUUUCUAAAUCGUUAUACCAUUAAUCCAUCUCGUUUUAGAUUCCAAUAAAUGAUCGGGUCUUACUACCGUCCAGGUAAGUUGUAUUACUUUUCCGGAGGAUCUGUCGGCUUUCCCAGCGUGCGGUCCCAUAGCUGUCGUGCUAGGCUGAUAGGAGGGAGCCUGUGAAUUGCUUAAAUACUACUUACCGUCUCACCGCGCGGUCCGCAUUGAUGCGUACAGCAGUCAAUUUACAAGUCCGAACUGU
17	0.8324027061462402	0.8326530456542969	2	12	6	6	6	6	780	400	CUGGUGCAUAGUCCCGCCAUCCUAGCAAAUCUCCCGAGGCGAGAUCCUGUCCCGUAGCUGAGUACCAUGGAACUUGUGGCUAGCAUCGCAUCUCAAGUGAUCUAAGCGUCACGUUCGGGUUGAACUUUAGAGCUAGGAAGAUGUGAUGAGCCAGCAUUUCUAAAUCGUUAUACCAUUAAUCCAUCUCGUUUUAGAUUCCAAUAAAUGAUCGGGUCUUACUACCGUCCAGGUAAGUUGUAUUACUUUUCCGGAGGAUCUGUCGGCUUUCCCAGCGUGCGGUCCCAUAGCUGUCGUGCUAGGCUGAUAGGAGGGAGCCUGUGAAUUGCUUAAAUACUACUUACCGUCUCACCGCGCGGUCCGCAUUGAUGCGUACAGCAGUCAAUUUACAAGUCCGAACUGU
17	0.8344883322715759	0.8347107768058777	3	12	6	6	6	6	780	400	CUGGUGCAUAGUCCCGCCAUCCUAGCAAAUCUCCCGAGGCGAGAUCCUGUCCCGUAGCUGAGUACCAUGGAACUUGUGGCUAGCAUCGCAUCUCAAGUGAUCUAAGCGUCACGUUCGGGUUGAACUUUAGAGCUAGGAAGAUGUGAUGAGCCAGCAUUUCUAAAUCGUUAUACCAUUAAUCCAUCUCGUUUUAGAUUCCAAUAAAUGAUCGGGUCUUACUACCGUCCAGGUAAGUUGUAUUACUUUUCCGGAGGAUCUGUCGGCUUUCCCAGCGUGCGGUCCCAUAGCUGUCGUGCUAGGCUGAUAGGAGGGAGCCUGUGAAUUGCUUAAAUACUACUUACCGUCUCACCGCGCGGUCCGCAUUGAUGCGUACAGCAGUCAAUUUACAAGUCCGAACUGU
17	0.8227823972702026	0.8230452537536621	4	12	6	6	6	6	780	400	CUGGUGCAUAGUCCCGCCAUCCUAGCAAAUCUCCCGAGGCGAGAUCCUGUCCCGUAGCUGAGUACCAUGGAACUUGUGGCUAGCAUCGCAUCUCAAGUGAUCUAAGCGUCACGUUCGGGUUGAACUUUAGAGCUAGGAAGAUGUGAUGAGCCAGCAUUUCUAAAUCGUUAUACCAUUAAUCCAUCUCGUUUUAGAUUCCAAUAAAUGAUCGGGUCUUACUACCGUCCAGGUAAGUUGUAUUACUUUUCCGGAGGAUCUGUCGGCUUUCCCAGCGUGCGGUCCCAUAGCUGUCGUGCUAGGCUGAUAGGAGGGAGCCUGUGAAUUGCUUAAAUACUACUUACCGUCUCACCGCGCGGUCCGCAUUGAUGCGUACAGCAGUCAAUUUACAAGUCCGAACUGU
17	0.9503704309463501	0.950413167476654	5	12	6	6	6	6	780	400	CUGGUGCAUAGUCCCGCCAUCCUAGCAAAUCUCCCGAGGCGAGAUCCUGUCCCGUAGCUGAGUACCAUGGAACUUGUGGCUAGCAUCGCAUCUCAAGUGAUCUAAGCGUCACGUUCGGGUUGAACUUUAGAGCUAGGAAGAUGUGAUGAGCCAGCAUUUCUAAAUCGUUAUACCAUUAAUCCAUCUCGUUUUAGAUUCCAAUAAAUGAUCGGGUCUUACUACCGUCCAGGUAAGUUGUAUUACUUUUCCGGAGGAUCUGUCGGCUUUCCCAGCGUGCGGUCCCAUAGCUGUCGUGCUAGGCUGAUAGGAGGGAGCCUGUGAAUUGCUUAAAUACUACUUACCGUCUCACCGCGCGGUCCGCAUUGAUGCGUACAGCAGUCAAUUUACAAGUCCGAACUGU
17	0.9417099952697754	0.9416666626930237	6	12	6	6	6	6	780	400	CUGGUGCAUAGUCCCGCCAUCCUAGCAAAUCUCCCGAGGCGAGAUCCUGUCCCGUAGCUGAGUACCAUGGAACUUGUGGCUAGCAUCGCAUCUCAAGUGAUCUAAGCGUCACGUUCGGGUUGAACUUUAGAGCUAGGAAGAUGUGAUGAGCCAGCAUUUCUAAAUCGUUAUACCAUUAAUCCAUCUCGUUUUAGAUUCCAAUAAAUGAUCGGGUCUUACUACCGUCCAGGUAAGUUGUAUUACUUUUCCGGAGGAUCUGUCGGCUUUCCCAGCGUGCGGUCCCAUAGCUGUCGUGCUAGGCUGAUAGGAGGGAGCCUGUGAAUUGCUUAAAUACUACUUACCGUCUCACCGCGCGGUCCGCAUUGAUGCGUACAGCAGUCAAUUUACAAGUCCGAACUGU
17	0.9134562015533447	0.9135802984237671	7	12	6	6	6	6	780	400	CUGGUGCAUAGUCCCGCCAUCCUAGCAAAUCUCCCGAGGCGAGAUCCUGUCCCGUAGCUGAGUACCAUGGAACUUGUGGCUAGCAUCGCAUCUCAAGUGAUCUAAGCGUCACGUUCGGGUUGAACUUUAGAGCUAGGAAGAUGUGAUGAGCCAGCAUUUCUAAAUCGUUAUACCAUUAAUCCAUCUCGUUUUAGAUUCCAAUAAAUGAUCGGGUCUUACUACCGUCCAGGUAAGUUGUAUUACUUUUCCGGAGGAUCUGUCGGCUUUCCCAGCGUGCGGUCCCAUAGCUGUCGUGCUAGGCUGAUAGGAGGGAGCCUGUGAAUUGCUUAAAUACUACUUACCGUCUCACCGCGCGGUCCGCAUUGAUGCGUACAGCAGUCAAUUUACAAGUCCGAACUGU
17	0.8969700932502747	0.8971193432807922	8	12	6	6	6	6	780	400	CUGGUGCAUAGUCCCGCCAUCCUAGCAAAUCUCCCGAGGCGAGAUCCUGUCCCGUAGCUGAGUACCAUGGAACUUGUGGCUAGCAUCGCAUCUCAAGUGAUCUAAGCGUCACGUUCGGGUUGAACUUUAGAGCUAGGAAGAUGUGAUGAGCCAGCAUUUCUAAAUCGUUAUACCAUUAAUCCAUCUCGUUUUAGAUUCCAAUAAAUGAUCGGGUCUUACUACCGUCCAGGUAAGUUGUAUUACUUUUCCGGAGGAUCUGUCGGCUUUCCCAGCGUGCGGUCCCAUAGCUGUCGUGCUAGGCUGAUAGGAGGGAGCCUGUGAAUUGCUUAAAUACUACUUACCGUCUCACCGCGCGGUCCGCAUUGAUGCGUACAGCAGUCAAUUUACAAGUCCGAACUGU
17	0.7865589261054993	0.7868852615356445	9	12	6	6	6	6	780	400	CUGGUGCAUAGUCCCGCCAUCCUAGCAAAUCUCCCGAGGCGAGAUCCUGUCCCGUAGCUGAGUACCAUGGAACUUGUGGCUAGCAUCGCAUCUCAAGUGAUCUAAGCGUCACGUUCGGGUUGAACUUUAGAGCUAGGAAGAUGUGAUGAGCCAGCAUUUCUAAAUCGUUAUACCAUUAAUCCAUCUCGUUUUAGAUUCCAAUAAAUGAUCGGGUCUUACUACCGUCCAGGUAAGUUGUAUUACUUUUCCGGAGGAUCUGUCGGCUUUCCCAGCGUGCGGUCCCAUAGCUGUCGUGCUAGGCUGAUAGGAGGGAGCCUGUGAAUUGCUUAAAUACUACUUACCGUCUCACCGCGCGGUCCGCAUUGAUGCGUACAGCAGUCAAUUUACAAGUCCGAACUGU
17	0.9261165857315063	0.9262295365333557	10	12	6	6	6	6	780	400	CUGGUGCAUAGUCCCGCCAUCCUAGCAAAUCUCCCGAGGCGAGAUCCUGUCCCGUAGCUGAGUACCAUGGAACUUGUGGCUAGCAUCGCAUCUCAAGUGAUCUAAGCGUCACGUUCGGGUUGAACUUUAGAGCUAGGAAGAUGUGAUGAGCCAGCAUUUCUAAAUCGUUAUACCAUUAAUCCAUCUCGUUUUAGAUUCCAAUAAAUGAUCGGGUCUUACUACCGUCCAGGUAAGUUGUAUUACUUUUCCGGAGGAUCUGUCGGCUUUCCCAGCGUGCGGUCCCAUAGCUGUCGUGCUAGGCUGAUAGGAGGGAGCCUGUGAAUUGCUUAAAUACUACUUACCGUCUCACCGCGCGGUCCGCAUUGAUGCGUACAGCAGUCAAUUUACAAGUCCGAACUGU
17	0.9267470240592957	0.9268292784690857	11	12	6	6	6	6	780	400	CUGGUGCAUAGUCCCGCCAUCCUAGCAAAUCUCCCGAGGCGAGAUCCUGUCCCGUAGCUGAGUACCAUGGAACUUGUGGCUAGCAUCGCAUCUCAAGUGAUCUAAGCGUCACGUUCGGGUUGAACUUUAGAGCUAGGAAGAUGUGAUGAGCCAGCAUUUCUAAAUCGUUAUACCAUUAAUCCAUCUCGUUUUAGAUUCCAAUAAAUGAUCGGGUCUUACUACCGUCCAGGUAAGUUGUAUUACUUUUCCGGAGGAUCUGUCGGCUUUCCCAGCGUGCGGUCCCAUAGCUGUCGUGCUAGGCUGAUAGGAGGGAGCCUGUGAAUUGCUUAAAUACUACUUACCGUCUCACCGCGCGGUCCGCAUUGAUGCGUACAGCAGUCAAUUUACAAGUCCGAACUGU
17	0.893279492855072	0.8934426307678223	11	12	6	6	6	6	780	400	CUGGUGCAUAGUCCCGCCAUCCUAGCAAAUCUCCCGAGGCGAGAUCCUGUCCCGUAGCUGAGUACCAUGGAACUUGUGGCUAGCAUCGCAUCUCAAGUGAUCUAAGCGUCACGUUCGGGUUGAACUUUAGAGCUAGGAAGAUGUGAUGAGCCAGCAUUUCUAAAUCGUUAUACCAUUAAUCCAUCUCGUUUUAGAUUCCAAUAAAUGAUCGGGUCUUACUACCGUCCAGGUAAGUUGUAUUACUUUUCCGGAGGAUCUGUCGGCUUUCCCAGCGUGCGGUCCCAUAGCUGUCGUGCUAGGCUGAUAGGAGGGAGCCUGUGAAUUGCUUAAAUACUACUUACCGUCUCACCGCGCGGUCCGCAUUGAUGCGUACAGCAGUCAAUUUACAAGUCCGAACUGU
17	0.882474422454834	0.8825910687446594	13	12	6	6	6	6	780	400	CUGGUGCAUAGUCCCGCCAUCCUAGCAAAUCUCCCGAGGCGAGAUCCUGUCCCGUAGCUGAGUACCAUGGAACUUGUGGCUAGCAUCGCAUCUCAAGUGAUCUAAGCGUCACGUUCGGGUUGAACUUUAGAGCUAGGAAGAUGUGAUGAGCCAGCAUUUCUAAAUCGUUAUACCAUUAAUCCAUCUCGUUUUAGAUUCCAAUAAAUGAUCGGGUCUUACUACCGUCCAGGUAAGUUGUAUUACUUUUCCGGAGGAUCUGUCGGCUUUCCCAGCGUGCGGUCCCAUAGCUGUCGUGCUAGGCUGAUAGGAGGGAGCCUGUGAAUUGCUUAAAUACUACUUACCGUCUCACCGCGCGGUCCGCAUUGAUGCGUACAGCAGUCAAUUUACAAGUCCGAACUGU
17	0.8924293518066406	0.8925619721412659	13	12	6	6	6	6	780	400	CUGGUGCAUAGUCCCGCCAUCCUAGCAAAUCUCCCGAGGCGAGAUCCUGUCCCGUAGCUGAGUACCAUGGAACUUGUGGCUAGCAUCGCAUCUCAAGUGAUCUAAGCGUCACGUUCGGGUUGAACUUUAGAGCUAGGAAGAUGUGAUGAGCCAGCAUUUCUAAAUCGUUAUACCAUUAAUCCAUCUCGUUUUAGAUUCCAAUAAAUGAUCGGGUCUUACUACCGUCCAGGUAAGUUGUAUUACUUUUCCGGAGGAUCUGUCGGCUUUCCCAGCGUGCGGUCCCAUAGCUGUCGUGCUAGGCUGAUAGGAGGGAGCCUGUGAAUUGCUUAAAUACUACUUACCGUCUCACCGCGCGGUCCGCAUUGAUGCGUACAGCAGUCAAUUUACAAGUCCGAACUGU
17	0.8850702047348022	0.8852459192276001	12	12	6	6	6	6	780	400	CUGGUGCAUAGUCCCGCCAUCCUAGCAAAUCUCCCGAGGCGAGAUCCUGUCCCGUAGCUGAGUACCAUGGAACUUGUGGCUAGCAUCGCAUCUCAAGUGAUCUAAGCGUCACGUUCGGGUUGAACUUUAGAGCUAGGAAGAUGUGAUGAGCCAGCAUUUCUAAAUCGUUAUACCAUUAAUCCAUCUCGUUUUAGAUUCCAAUAAAUGAUCGGGUCUUACUACCGUCCAGGUAAGUUGUAUUACUUUUCCGGAGGAUCUGUCGGCUUUCCCAGCGUGCGGUCCCAUAGCUGUCGUGCUAGGCUGAUAGGAGGGAGCCUGUGAAUUGCUUAAAUACUACUUACCGUCUCACCGCGCGGUCCGCAUUGAUGCGUACAGCAGUCAAUUUACAAGUCCGAACUGU
17	0.8924293518066406	0.8925619721412659	12	12	6	6	6	6	780	400	CUGGUGCAUAGUCCCGCCAUCCUAGCAAAUCUCCCGAGGCGAGAUCCUGUCCCGUAGCUGAGUACCAUGGAACUUGUGGCUAGCAUCGCAUCUCAAGUGAUCUAAGCGUCACGUUCGGGUUGAACUUUAGAGCUAGGAAGAUGUGAUGAGCCAGCAUUUCUAAAUCGUUAUACCAUUAAUCCAUCUCGUUUUAGAUUCCAAUAAAUGAUCGGGUCUUACUACCGUCCAGGUAAGUUGUAUUACUUUUCCGGAGGAUCUGUCGGCUUUCCCAGCGUGCGGUCCCAUAGCUGUCGUGCUAGGCUGAUAGGAGGGAGCCUGUGAAUUGCUUAAAUACUACUUACCGUCUCACCGCGCGGUCCGCAUUGAUGCGUACAGCAGUCAAUUUACAAGUCCGAACUGU
17	0.8850702047348022	0.8852459192276001	12	12	6	6	6	6	780	400	CUGGUGCAUAGUCCCGCCAUCCUAGCAAAUCUCCCGAGGCGAGAUCCUGUCCCGUAGCUGAGUACCAUGGAACUUGUGGCUAGCAUCGCAUCUCAAGUGAUCUAAGCGUCACGUUCGGGUUGAACUUUAGAGCUAGGAAGAUGUGAUGAGCCAGCAUUUCUAAAUCGUUAUACCAUUAAUCCAUCUCGUUUUAGAUUCCAAUAAAUGAUCGGGUCUUACUACCGUCCAGGUAAGUUGUAUUACUUUUCCGGAGGAUCUGUCGGCUUUCCCAGCGUGCGGUCCCAUAGCUGUCGUGCUAGGCUGAUAGGAGGGAGCCUGUGAAUUGCUUAAAUACUACUUACCGUCUCACCGCGCGGUCCGCAUUGAUGCGUACAGCAGUCAAUUUACAAGUCCGAACUGU
17	0.882474422454834	0.8825910687446594	13	12	6	6	6	6	780	400	CUGGUGCAUAGUCCCGCCAUCCUAGCAAAUCUCCCGAGGCGAGAUCCUGUCCCGUAGCUGAGUACCAUGGAACUUGUGGCUAGCAUCGCAUCUCAAGUGAUCUAAGCGUCACGUUCGGGUUGAACUUUAGAGCUAGGAAGAUGUGAUGAGCCAGCAUUUCUAAAUCGUUAUACCAUUAAUCCAUCUCGUUUUAGAUUCCAAUAAAUGAUCGGGUCUUACUACCGUCCAGGUAAGUUGUAUUACUUUUCCGGAGGAUCUGUCGGCUUUCCCAGCGUGCGGUCCCAUAGCUGUCGUGCUAGGCUGAUAGGAGGGAGCCUGUGAAUUGCUUAAAUACUACUUACCGUCUCACCGCGCGGUCCGCAUUGAUGCGUACAGCAGUCAAUUUACAAGUCCGAACUGU
17	0.8961784243583679	0.8962655663490295	11	12	6	6	6	6	780	400	CUGGUGCAUAGUCCCGCCAUCCUAGCAAAUCUCCCGAGGCGAGAUCCUGUCCCGUAGCUGAGUACCAUGGAACUUGUGGCUAGCAUCGCAUCUCAAGUGAUCUAAGCGUCACGUUCGGGUUGAACUUUAGAGCUAGGAAGAUGUGAUGAGCCAGCAUUUCUAAAUCGUUAUACCAUUAAUCCAUCUCGUUUUAGAUUCCAAUAAAUGAUCGGGUCUUACUACCGUCCAGGUAAGUUGUAUUACUUUUCCGGAGGAUCUGUCGGCUUUCCCAGCGUGCGGUCCCAUAGCUGUCGUGCUAGGCUGAUAGGAGGGAGCCUGUGAAUUGCUUAAAUACUACUUACCGUCUCACCGCGCGGUCCGCAUUGAUGCGUACAGCAGUCAAUUUACAAGUCCGAACUGU
17	0.8887270092964172	0.8888888359069824	12	12	6	6	6	6	780	400	CUGGUGCAUAGUCCCGCCAUCCUAGCAAAUCUCCCGAGGCGAGAUCCUGUCCCGUAGCUGAGUACCAUGGAACUUGUGGCUAGCAUCGCAUCUCAAGUGAUCUAAGCGUCACGUUCGGGUUGAACUUUAGAGCUAGGAAGAUGUGAUGAGCCAGCAUUUCUAAAUCGUUAUACCAUUAAUCCAUCUCGUUUUAGAUUCCAAUAAAUGAUCGGGUCUUACUACCGUCCAGGUAAGUUGUAUUACUUUUCCGGAGGAUCUGUCGGCUUUCCCAGCGUGCGGUCCCAUAGCUGUCGUGCUAGGCUGAUAGGAGGGAGCCUGUGAAUUGCUUAAAUACUACUUACCGUCUCACCGCGCGGUCCGCAUUGAUGCGUACAGCAGUCAAUUUACAAGUCCGAACUGU
17	0.8887270092964172	0.8888888359069824	12	12	6	6	6	6	780	400	CUGGUGCAUAGUCCCGCCAUCCUAGCAAAUCUCCCGAGGCGAGAUCCUGUCCCGUAGCUGAGUACCAUGGAACUUGUGGCUAGCAUCGCAUCUCAAGUGAUCUAAGCGUCACGUUCGGGUUGAACUUUAGAGCUAGGAAGAUGUGAUGAGCCAGCAUUUCUAAAUCGUUAUACCAUUAAUCCAUCUCGUUUUAGAUUCCAAUAAAUGAUCGGGUCUUACUACCGUCCAGGUAAGUUGUAUUACUUUUCCGGAGGAUCUGUCGGCUUUCCCAGCGUGCGGUCCCAUAGCUGUCGUGCUAGGCUGAUAGGAGGGAGCCUGUGAAUUGCUUAAAUACUACUUACCGUCUCACCGCGCGGUCCGCAUUGAUGCGUACAGCAGUCAAUUUACAAGUCCGAACUGU
17	0.8371751308441162	0.8373983502388	14	12	6	6	6	6	780	400	CUGGUGCAUAGUCCCGCCAUCCUAGCAAAUCUCCCGAGGCGAGAUCCUGUCCCGUAGCUGAGUACCAUGGAACUUGUGGCUAGCAUCGCAUCUCAAGUGAUCUAAGCGUCACGUUCGGGUUGAACUUUAGAGCUAGGAAGAUGUGAUGAGCCAGCAUUUCUAAAUCGUUAUACCAUUAAUCCAUCUCGUUUUAGAUUCCAAUAAAUGAUCGGGUCUUACUACCGUCCAGGUAAGUUGUAUUACUUUUCCGGAGGAUCUGUCGGCUUUCCCAGCGUGCGGUCCCAUAGCUGUCGUGCUAGGCUGAUAGGAGGGAGCCUGUGAAUUGCUUAAAUACUACUUACCGUCUCACCGCGCGGUCCGCAUUGAUGCGUACAGCAGUCAAUUUACAAGUCCGAACUGU
17	0.8896338939666748	0.8897958993911743	12	12	6	6	6	6	780	400	CUGGUGCAUAGUCCCGCCAUCCUAGCAAAUCUCCCGAGGCGAGAUCCUGUCCCGUAGCUGAGUACCAUGGAACUUGUGGCUAGCAUCGCAUCUCAAGUGAUCUAAGCGUCACGUUCGGGUUGAACUUUAGAGCUAGGAAGAUGUGAUGAGCCAGCAUUUCUAAAUCGUUAUACCAUUAAUCCAUCUCGUUUUAGAUUCCAAUAAAUGAUCGGGUCUUACUACCGUCCAGGUAAGUUGUAUUACUUUUCCGGAGGAUCUGUCGGCUUUCCCAGCGUGCGGUCCCAUAGCUGUCGUGCUAGGCUGAUAGGAGGGAGCCUGUGAAUUGCUUAAAUACUACUUACCGUCUCACCGCGCGGUCCGCAUUGAUGCGUACAGCAGUCAAUUUACAAGUCCGAACUGU
17	0.9348899722099304	0.934959352016449	13	12	6	6	6	6	780	400	CUGGUGCAUAGUCCCGCCAUCCUAGCAAAUCUCCCGAGGCGAGAUCCUGUCCCGUAGCUGAGUACCAUGGAACUUGUGGCUAGCAUCGCAUCUCAAGUGAUCUAAGCGUCACGUUCGGGUUGAACUUUAGAGCUAGGAAGAUGUGAUGAGCCAGCAUUUCUAAAUCGUUAUACCAUUAAUCCAUCUCGUUUUAGAUUCCAAUAAAUGAUCGGGUCUUACUACCGUCCAGGUAAGUUGUAUUACUUUUCCGGAGGAUCUGUCGGCUUUCCCAGCGUGCGGUCCCAUAGCUGUCGUGCUAGGCUGAUAGGAGGGAGCCUGUGAAUUGCUUAAAUACUACUUACCGUCUCACCGCGCGGUCCGCAUUGAUGCGUACAGCAGUCAAUUUACAAGUCCGAACUGU
17	0.9052131772041321	0.905349850654602	12	12	6	6	6	6	780	400	CUGGUGCAUAGUCCCGCCAUCCUAGCAAAUCUCCCGAGGCGAGAUCCUGUCCCGUAGCUGAGUACCAUGGAACUUGUGGCUAGCAUCGCAUCUCAAGUGAUCUAAGCGUCACGUUCGGGUUGAACUUUAGAGCUAGGAAGAUGUGAUGAGCCAGCAUUUCUAAAUCGUUAUACCAUUAAUCCAUCUCGUUUUAGAUUCCAAUAAAUGAUCGGGUCUUACUACCGUCCAGGUAAGUUGUAUUACUUUUCCGGAGGAUCUGUCGGCUUUCCCAGCGUGCGGUCCCAUAGCUGUCGUGCUAGGCUGAUAGGAGGGAGCCUGUGAAUUGCUUAAAUACUACUUACCGUCUCACCGCGCGGUCCGCAUUGAUGCGUACAGCAGUCAAUUUACAAGUCCGAACUGU
17	0.8941754102706909	0.8943089246749878	13	12	6	6	6	6	780	400	CUGGUGCAUAGUCCCGCCAUCCUAGCAAAUCUCCCGAGGCGAGAUCCUGUCCCGUAGCUGAGUACCAUGGAACUUGUGGCUAGCAUCGCAUCUCAAGUGAUCUAAGCGUCACGUUCGGGUUGAACUUUAGAGCUAGGAAGAUGUGAUGAGCCAGCAUUUCUAAAUCGUUAUACCAUUAAUCCAUCUCGUUUUAGAUUCCAAUAAAUGAUCGGGUCUUACUACCGUCCAGGUAAGUUGUAUUACUUUUCCGGAGGAUCUGUCGGCUUUCCCAGCGUGCGGUCCCAUAGCUGUCGUGCUAGGCUGAUAGGAGGGAGCCUGUGAAUUGCUUAAAUACUACUUACCGUCUCACCGCGCGGUCCGCAUUGAUGCGUACAGCAGUCAAUUUACAAGUCCGAACUGU
17	0.882474422454834	0.8825910687446594	12	12	6	6	6	6	780	400	CUGGUGCAUAGUCCCGCCAUCCUAGCAAAUCUCCCGAGGCGAGAUCCUGUCCCGUAGCUGAGUACCAUGGAACUUGUGGCUAGCAUCGCAUCUCAAGUGAUCUAAGCGUCACGUUCGGGUUGAACUUUAGAGCUAGGAAGAUGUGAUGAGCCAGCAUUUCUAAAUCGUUAUACCAUUAAUCCAUCUCGUUUUAGAUUCCAAUAAAUGAUCGGGUCUUACUACCGUCCAGGUAAGUUGUAUUACUUUUCCGGAGGAUCUGUCGGCUUUCCCAGCGUGCGGUCCCAUAGCUGUCGUGCUAGGCUGAUAGGAGGGAGCCUGUGAAUUGCUUAAAUACUACUUACCGUCUCACCGCGCGGUCCGCAUUGAUGCGUACAGCAGUCAAUUUACAAGUCCGAACUGU
17	0.8860325217247009	0.8861788511276245	14	12	6	6	6	6	780	400	CUGGUGCAUAGUCCCGCCAUCCUAGCAAAUCUCCCGAGGCGAGAUCCUGUCCCGUAGCUGAGUACCAUGGAACUUGUGGCUAGCAUCGCAUCUCAAGUGAUCUAAGCGUCACGUUCGGGUUGAACUUUAGAGCUAGGAAGAUGUGAUGAGCCAGCAUUUCUAAAUCGUUAUACCAUUAAUCCAUCUCGUUUUAGAUUCCAAUAAAUGAUCGGGUCUUACUACCGUCCAGGUAAGUUGUAUUACUUUUCCGGAGGAUCUGUCGGCUUUCCCAGCGUGCGGUCCCAUAGCUGUCGUGCUAGGCUGAUAGGAGGGAGCCUGUGAAUUGCUUAAAUACUACUUACCGUCUCACCGCGCGGUCCGCAUUGAUGCGUACAGCAGUCAAUUUACAAGUCCGAACUGU
17	0.9343258142471313	0.9344262480735779	13	12	6	6	6	6	780	400	CUGGUGCAUAGUCCCGCCAUCCUAGCAAAUCUCCCGAGGCGAGAUCCUGUCCCGUAGCUGAGUACCAUGGAACUUGUGGCUAGCAUCGCAUCUCAAGUGAUCUAAGCGUCACGUUCGGGUUGAACUUUAGAGCUAGGAAGAUGUGAUGAGCCAGCAUUUCUAAAUCGUUAUACCAUUAAUCCAUCUCGUUUUAGAUUCCAAUAAAUGAUCGGGUCUUACUACCGUCCAGGUAAGUUGUAUUACUUUUCCGGAGGAUCUGUCGGCUUUCCCAGCGUGCGGUCCCAUAGCUGUCGUGCUAGGCUGAUAGGAGGGAGCCUGUGAAUUGCUUAAAUACUACUUACCGUCUCACCGCGCGGUCCGCAUUGAUGCGUACAGCAGUCAAUUUACAAGUCCGAACUGU
18	0.8603998422622681	0.8605577945709229	1	12	6	6	6	6	780	400	CUAUACCAAGGUGGGGGAAUGACUACCGUCUUUACAUAUUUCCCUUCAAUGCGCGCGUCGCCCUAUGGAACCCAGCGUUCGGGGUCGUUGGAGGUCUAGCGUUGUAUAAUAGCUCCAGUGAACGCAAAGAAUGUGCACAGUUACCCCUAGUCCUAAAAUACUCCGAGAUGCUGUGGUGCGGGUUAGCGCCCCAGCCACCAGGCCUGAACCGUGCCGUUCAUCUGAAUGUGUGCACCCGUUGAUUUUUACCUAUUUUCCUCGCUGUUUCGUGCAUAAGAAGGAAACGCGCAUGAUCGGACGCCUCGGCACGGCAUGAUGUCUGGCGCGACUGUAUUAGGGACAUUCGACAGAAUCGUAUGCAUGCCGAAUACGGUACAUGCGAAUAGCGGACGCAGACCGU
18	0.809428334236145	0.8097166419029236	2	12	6	6	6	6	780	400	CUAUACCAAGGUGGGGGAAUGACUACCGUCUUUACAUAUUUCCCUUCAAUGCGCGCGUCGCCCUAUGGAACCCAGCGUUCGGGGUCGUUGGAGGUCUAGCGUUGUAUAAUAGCUCCAGUGAACGCAAAGAAUGUGCACAGUUACCCCUAGUCCUAAAAUACUCCGAGAUGCUGUGGUGCGGGUUAGCGCCCCAGCCACCAGGCCUGAACCGUGCCGUUCAUCUGAAUGUGUGCACCCGUUGAUUUUUACCUAUUUUCCUCGCUGUUUCGUGCAUAAGAAGGAAACGCGCAUGAUCGGACGCCUCGGCACGGCAUGAUGUCUGGCGCGACUGUAUUAGGGACAUUCGACAGAAUCGUAUGCAUGCCGAAUACGGUACAUGCGAAUAGCGGACGCAGACCGU
18	0.809428334236145	0.8097166419029236	3	12	6	6	6	6	780	400	CUAUACCAAGGUGGGGGAAUGACUACCGUCUUUACAUAUUUCCCUUCAAUGCGCGCGUCGCCCUAUGGAACCCAGCGUUCGGGGUCGUUGGAGGUCUAGCGUUGUAUAAUAGCUCCAGUGAACGCAAAGAAUGUGCACAGUUACCCCUAGUCCUAAAAUACUCCGAGAUGCUGUGGUGCGGGUUAGCGCCCCAGCCACCAGGCCUGAACCGUGCCGUUCAUCUGAAUGUGUGCACCCGUUGAUUUUUACCUAUUUUCCUCGCUGUUUCGUGCAUAAGAAGGAAACGCGCAUGAUCGGACGCCUCGGCACGGCAUGAUGUCUGGCGCGACUGUAUUAGGGACAUUCGACAGAAUCGUAUGCAUGCCGAAUACGGUACAUGCGAAUAGCGGACGCAGACCGU
18	0.7982555031776428	0.7984189391136169	4	12	6	6	6	6	780	400	CUAUACCAAGGUGGGGGAAUGACUACCGUCUUUACAUAUUUCCCUUCAAUGCGCGCGUCGCCCUAUGGAACCCAGCGUUCGGGGUCGUUGGAGGUCUAGCGUUGUAUAAUAGCUCCAGUGAACGCAAAGAAUGUGCACAGUUACCCCUAGUCCUAAAAUACUCCGAGAUGCUGUGGUGCGGGUUAGCGCCCCAGCCACCAGGCCUGAACCGUGCCGUUCAUCUGAAUGUGUGCACCCGUUGAUUUUUACCUAUUUUCCUCGCUGUUUCGUGCAUAAGAAGGAAACGCGCAUGAUCGGACGCCUCGGCACGGCAUGAUGUCUGGCGCGACUGUAUUAGGGACAUUCGACAGAAUCGUAUGCAUGCCGAAUACGGUACAUGCGAAUAGCGGACGCAGACCGU
18	0.8397759199142456	0.8399999737739563	5	12	6	6	6	6	780	400	CUAUACCAAGGUGGGGGAAUGACUACCGUCUUUACAUAUUUCCCUUCAAUGCGCGCGUCGCCCUAUGGAACCCAGCGUUCGGGGUCGUUGGAGGUCUAGCGUUGUAUAAUAGCUCCAGUGAACGCAAAGAAUGUGCACAGUUACCCCUAGUCCUAAAAUACUCCGAGAUGCUGUGGUGCGGGUUAGCGCCCCAGCCACCAGGCCUGAACCGUGCCGUUCAUCUGAAUGUGUGCACCCGUUGAUUUUUACCUAUUUUCCUCGCUGUUUCGUGCAUAAGAAGGAAACGCGCAUGAUCGGACGCCUCGGCACGGCAUGAUGUCUGGCGCGACUGUAUUAGGGACAUUCGACAGAAUCGUAUGCAUGCCGAAUACGGUACAUGCGAAUAGCGGACGCAGACCGU
18	0.7665784955024719	0.7667983770370483	6	12	6	6	6	6	780	400	CUAUACCAAGGUGGGGGAAUGACUACCGUCUUUACAUAUUUCCCUUCAAUGCGCGCGUCGCCCUAUGGAACCCAGCGUUCGGGGUCGUUGGAGGUCUAGCGUUGUAUAAUAGCUCCAGUGAACGCAAAGAAUGUGCACAGUUACCCCUAGUCCUAAAAUACUCCGAGAUGCUGUGGUGCGGGUUAGCGCCCCAGCCACCAGGCCUGAACCGUGCCGUUCAUCUGAAUGUGUGCACCCGUUGAUUUUUACCUAUUUUCCUCGCUGUUUCGUGCAUAAGAAGGAAACGCGCAUGAUCGGACGCCUCGGCACGGCAUGAUGUCUGGCGCGACUGUAUUAGGGACAUUCGACAGAAUCGUAUGCAUGCCGAAUACGGUACAUGCGAAUAGCGGACGCAGACCGU
18	0.8853669762611389	0.885375440120697	7	12	6	6	6	6	780	400	CUAUACCAAGGUGGGGGAAUGACUACCGUCUUUACAUAUUUCCCUUCAAUGCGCGCGUCGCCCUAUGGAACCCAGCGUUCGGGGUCGUUGGAGGUCUAGCGUUGUAUAAUAGCUCCAGUGAACGCAAAGAAUGUGCACAGUUACCCCUAGUCCUAAAAUACUCCGAGAUGCUGUGGUGCGGGUUAGCGCCCCAGCCACCAGGCCUGAACCGUGCCGUUCAUCUGAAUGUGUGCACCCGUUGAUUUUUACCUAUUUUCCUCGCUGUUUCGUGCAUAAGAAGGAAACGCGCAUGAUCGGACGCCUCGGCACGGCAUGAUGUCUGGCGCGACUGUAUUAGGGACAUUCGACAGAAUCGUAUGCAUGCCGAAUACGGUACAUGCGAAUAGCGGACGCAGACCGU
18	0.842504620552063	0.8425197005271912	8	12	6	6	6	6	780	400	CUAUACCAAGGUGGGGGAAUGACUACCGUCUUUACAUAUUUCCCUUCAAUGCGCGCGUCGCCCUAUGGAACCCAGCGUUCGGGGUCGUUGGAGGUCUAGCGUUGUAUAAUAGCUCCAGUGAACGCAAAGAAUGUGCACAGUUACCCCUAGUCCUAAAAUACUCCGAGAUGCUGUGGUGCGGGUUAGCGCCCCAGCCACCAGGCCUGAACCGUGCCGUUCAUCUGAAUGUGUGCACCCGUUGAUUUUUACCUAUUUUCCUCGCUGUUUCGUGCAUAAGAAGGAAACGCGCAUGAUCGGACGCCUCGGCACGGCAUGAUGUCUGGCGCGACUGUAUUAGGGACAUUCGACAGAAUCGUAUGCAUGCCGAAUACGGUACAUGCGAAUAGCGGACGCAGACCGU
18	0.9249632358551025	0.9249011874198914	9	12	6	6	6	6	780	400	CUAUACCAAGGUGGGGGAAUGACUACCGUCUUUACAUAUUUCCCUUCAAUGCGCGCGUCGCCCUAUGGAACCCAGCGUUCGGGGUCGUUGGAGGUCUAGCGUUGUAUAAUAGCUCCAGUGAACGCAAAGAAUGUGCACAGUUACCCCUAGUCCUAAAAUACUCCGAGAUGCUGUGGUGCGGGUUAGCGCCCCAGCCACCAGGCCUGAACCGUGCCGUUCAUCUGAAUGUGUGCACCCGUUGAUUUUUACCUAUUUUCCUCGCUGUUUCGUGCAUAAGAAGGAAACGCGCAUGAUCGGACGCCUCGGCACGGCAUGAUGUCUGGCGCGACUGUAUUAGGGACAUUCGACAGAAUCGUAUGCAUGCCGAAUACGGUACAUGCGAAUAGCGGACGCAGACCGU
18	0.8517415523529053	0.8515624403953552	10	12	6	6	6	6	780	400	CUAUACCAAGGUGGGGGAAUGACUACCGUCUUUACAUAUUUCCCUUCAAUGCGCGCGUCGCCCUAUGGAACCCAGCGUUCGGGGUCGUUGGAGGUCUAGCGUUGUAUAAUAGCUCCAGUGAACGCAAAGAAUGUGCACAGUUACCCCUAGUCCUAAAAUACUCCGAGAUGCUGUGGUGCGGGUUAGCGCCCCAGCCACCAGGCCUGAACCGUGCCGUUCAUCUGAAUGUGUGCACCCGUUGAUUUUUACCUAUUUUCCUCGCUGUUUCGUGCAUAAGAAGGAAACGCGCAUGAUCGGACGCCUCGGCACGGCAUGAUGUCUGGCGCGACUGUAUUAGGGACAUUCGACAGAAUCGUAUGCAUGCCGAAUACGGUACAUGCGAAUAGCGGACGCAGACCGU
18	0.8932862877845764	0.8932806253433228	11	12	6	6	6	6	780	400	CUAUACCAAGGUGGGGGAAUGACUACCGUCUUUACAUAUUUCCCUUCAAUGCGCGCGUCGCCCUAUGGAACCCAGCGUUCGGGGUCGUUGGAGGUCUAGCGUUGUAUAAUAGCUCCAGUGAACGCAAAGAAUGUGCACAGUUACCCCUAGUCCUAAAAUACUCCGAGAUGCUGUGGUGCGGGUUAGCGCCCCAGCCACCAGGCCUGAACCGUGCCGUUCAUCUGAAUGUGUGCACCCGUUGAUUUUUACCUAUUUUCCUCGCUGUUUCGUGCAUAAGAAGGAAACGCGCAUGAUCGGACGCCUCGGCACGGCAUGAUGUCUGGCGCGACUGUAUUAGGGACAUUCGACAGAAUCGUAUGCAUGCCGAAUACGGUACAUGCGAAUAGCGGACGCAGACCGU
18	0.8047683238983154	0.8046875	12	12	6	6	6	6	780	400	CUAUACCAAGGUGGGGGAAUGACUACCGUCUUUACAUAUUUCCCUUCAAUGCGCGCGUCGCCCUAUGGAACCCAGCGUUCGGGGUCGUUGGAGGUCUAGCGUUGUAUAAUAGCUCCAGUGAACGCAAAGAAUGUGCACAGUUACCCCUAGUCCUAAAAUACUCCGAGAUGCUGUGGUGCGGGUUAGCGCCCCAGCCACCAGGCCUGAACCGUGCCGUUCAUCUGAAUGUGUGCACCCGUUGAUUUUUACCUAUUUUCCUCGCUGUUUCGUGCAUAAGAAGGAAACGCGCAUGAUCGGACGCCUCGGCACGGCAUGAUGUCUGGCGCGACUGUAUUAGGGACAUUCGACAGAAUCGUAUGCAUGCCGAAUACGGUACAUGCGAAUAGCGGACGCAGACCGU
18	0.8490752577781677	0.8492063283920288	12	12	6	6	6	6	780	400	CUAUACCAAGGUGGGGGAAUGACUACCGUCUUUACAUAUUUCCCUUCAAUGCGCGCGUCGCCCUAUGGAACCCAGCGUUCGGGGUCGUUGGAGGUCUAGCGUUGUAUAAUAGCUCCAGUGAACGCAAAGAAUGUGCACAGUUACCCCUAGUCCUAAAAUACUCCGAGAUGCUGUGGUGCGGGUUAGCGCCCCAGCCACCAGGCCUGAACCGUGCCGUUCAUCUGAAUGUGUGCACCCGUUGAUUUUUACCUAUUUUCCUCGCUGUUUCGUGCAUAAGAAGGAAACGCGCAUGAUCGGACGCCUCGGCACGGCAUGAUGUCUGGCGCGACUGUAUUAGGGACAUUCGACAGAAUCGUAUGCAUGCCGAAUACGGUACAUGCGAAUAGCGGACGCAGACCGU
18	0.877447783946991	0.8774703145027161	12	12	6	6	6	6	780	400	CUAUACCAAGGUGGGGGAAUGACUACCGUCUUUACAUAUUUCCCUUCAAUGCGCGCGUCGCCCUAUGGAACCCAGCGUUCGGGGUCGUUGGAGGUCUAGCGUUGUAUAAUAGCUCCAGUGAACGCAAAGAAUGUGCACAGUUACCCCUAGUCCUAAAAUACUCCGAGAUGCUGUGGUGCGGGUUAGCGCCCCAGCCACCAGGCCUGAACCGUGCCGUUCAUCUGAAUGUGUGCACCCGUUGAUUUUUACCUAUUUUCCUCGCUGUUUCGUGCAUAAGAAGGAAACGCGCAUGAUCGGACGCCUCGGCACGGCAUGAUGUCUGGCGCGACUGUAUUAGGGACAUUCGACAGAAUCGUAUGCAUGCCGAAUACGGUACAUGCGAAUAGCGGACGCAGACCGU
18	0.8967756032943726	0.89682537317276	12	12	6	6	6	6	780	400	CUAUACCAAGGUGGGGGAAUGACUACCGUCUUUACAUAUUUCCCUUCAAUGCGCGCGUCGCCCUAUGGAACCCAGCGUUCGGGGUCGUUGGAGGUCUAGCGUUGUAUAAUAGCUCCAGUGAACGCAAAGAAUGUGCACAGUUACCCCUAGUCCUAAAAUACUCCGAGAUGCUGUGGUGCGGGUUAGCGCCCCAGCCACCAGGCCUGAACCGUGCCGUUCAUCUGAAUGUGUGCACCCGUUGAUUUUUACCUAUUUUCCUCGCUGUUUCGUGCAUAAGAAGGAAACGCGCAUGAUCGGACGCCUCGGCACGGCAUGAUGUCUGGCGCGACUGUAUUAGGGACAUUCGACAGAAUCGUAUGCAUGCCGAAUACGGUACAUGCGAAUAGCGGACGCAGACCGU
18	0.7921239733695984	0.7921568751335144	12	12	6	6	6	6	780	400	CUAUACCAAGGUGGGGGAAUGACUACCGUCUUUACAUAUUUCCCUUCAAUGCGCGCGUCGCCCUAUGGAACCCAGCGUUCGGGGUCGUUGGAGGUCUAGCGUUGUAUAAUAGCUCCAGUGAACGCAAAGAAUGUGCACAGUUACCCCUAGUCCUAAAAUACUCCGAGAUGCUGUGGUGCGGGUUAGCGCCCCAGCCACCAGGCCUGAACCGUGCCGUUCAUCUGAAUGUGUGCACCCGUUGAUUUUUACCUAUUUUCCUCGCUGUUUCGUGCAUAAGAAGGAAACGCGCAUGAUCGGACGCCUCGGCACGGCAUGAUGUCUGGCGCGACUGUAUUAGGGACAUUCGACAGAAUCGUAUGCAUGCCGAAUACGGUACAUGCGAAUAGCGGACGCAGACCGU
18	0.9143725633621216	0.9140625	12	12	6	6	6	6	780	400	CUAUACCAAGGUGGGGGAAUGACUACCGUCUUUACAUAUUUCCCUUCAAUGCGCGCGUCGCCCUAUGGAACCCAGCGUUCGGGGUCGUUGGAGGUCUAGCGUUGUAUAAUAGCUCCAGUGAACGCAAAGAAUGUGCACAGUUACCCCUAGUCCUAAAAUACUCCGAGAUGCUGUGGUGCGGGUUAGCGCCCCAGCCACCAGGCCUGAACCGUGCCGUUCAUCUGAAUGUGUGCACCCGUUGAUUUUUACCUAUUUUCCUCGCUGUUUCGUGCAUAAGAAGGAAACGCGCAUGAUCGGACGCCUCGGCACGGCAUGAUGUCUGGCGCGACUGUAUUAGGGACAUUCGACAGAAUCGUAUGCAUGCCGAAUACGGUACAUGCGAAUAGCGGACGCAGACCGU
18	0.8683810830116272	0.8685259222984314	12	12	6	6	6	6	780	400	CUAUACCAAGGUGGGGGAAUGACUACCGUCUUUACAUAUUUCCCUUCAAUGCGCGCGUCGCCCUAUGGAACCCAGCGUUCGGGGUCGUUGGAGGUCUAGCGUUGUAUAAUAGCUCCAGUGAACGCAAAGAAUGUGCACAGUUACCCCUAGUCCUAAAAUACUCCGAGAUGCUGUGGUGCGGGUUAGCGCCCCAGCCACCAGGCCUGAACCGUGCCGUUCAUCUGAAUGUGUGCACCCGUUGAUUUUUACCUAUUUUCCUCGCUGUUUCGUGCAUAAGAAGGAAACGCGCAUGAUCGGACGCCUCGGCACGGCAUGAUGUCUGGCGCGACUGUAUUAGGGACAUUCGACAGAAUCGUAUGCAUGCCGAAUACGGUACAUGCGAAUAGCGGACGCAGACCGU
18	0.843912661075592	0.8437499403953552	12	12	6	6	6	6	780	400	CUAUACCAAGGUGGGGGAAUGACUACCGUCUUUACAUAUUUCCCUUCAAUGCGCGCGUCGCCCUAUGGAACCCAGCGUUCGGGGUCGUUGGAGGUCUAGCGUUGUAUAAUAGCUCCAGUGAACGCAAAGAAUGUGCACAGUUACCCCUAGUCCUAAAAUACUCCGAGAUGCUGUGGUGCGGGUUAGCGCCCCAGCCACCAGGCCUGAACCGUGCCGUUCAUCUGAAUGUGUGCACCCGUUGAUUUUUACCUAUUUUCCUCGCUGUUUCGUGCAUAAGAAGGAAACGCGCAUGAUCGGACGCCUCGGCACGGCAUGAUGUCUGGCGCGACUGUAUUAGGGACAUUCGACAGAAUCGUAUGCAUGCCGAAUACGGUACAUGCGAAUAGCGGACGCAGACCGU
18	0.8570253252983093	0.8571428656578064	12	12	6	6	6	6	780	400	CUAUACCAAGGUGGGGGAAUGACUACCGUCUUUACAUAUUUCCCUUCAAUGCGCGCGUCGCCCUAUGGAACCCAGCGUUCGGGGUCGUUGGAGGUCUAGCGUUGUAUAAUAGCUCCAGUGAACGCAAAGAAUGUGCACAGUUACCCCUAGUCCUAAAAUACUCCGAGAUGCUGUGGUGCGGGUUAGCGCCCCAGCCACCAGGCCUGAACCGUGCCGUUCAUCUGAAUGUGUGCACCCGUUGAUUUUUACCUAUUUUCCUCGCUGUUUCGUGCAUAAGAAGGAAACGCGCAUGAUCGGACGCCUCGGCACGGCAUGAUGUCUGGCGCGACUGUAUUAGGGACAUUCGACAGAAUCGUAUGCAUGCCGAAUACGGUACAUGCGAAUAGCGGACGCAGACCGU
18	0.8267271518707275	0.8267716765403748	12	12	6	6	6	6	780	400	CUAUACCAAGGUGGGGGAAUGACUACCGUCUUUACAUAUUUCCCUUCAAUGCGCGCGUCGCCCUAUGGAACCCAGCGUUCGGGGUCGUUGGAGGUCUAGCGUUGUAUAAUAGCUCCAGUGAACGCAAAGAAUGUGCACAGUUACCCCUAGUCCUAAAAUACUCCGAGAUGCUGUGGUGCGGGUUAGCGCCCCAGCCACCAGGCCUGAACCGUGCCGUUCAUCUGAAUGUGUGCACCCGUUGAUUUUUACCUAUUUUCCUCGCUGUUUCGUGCAUAAGAAGGAAACGCGCAUGAUCGGACGCCUCGGCACGGCAUGAUGUCUGGCGCGACUGUAUUAGGGACAUUCGACAGAAUCGUAUGCAUGCCGAAUACGGUACAUGCGAAUAGCGGACGCAGACCGU
18	0.9450586438179016	0.9448819160461426	13	12	6	6	6	6	780	400	CUAUACCAAGGUGGGGGAAUGACUACCGUCUUUACAUAUUUCCCUUCAAUGCGCGCGUCGCCCUAUGGAACCCAGCGUUCGGGGUCGUUGGAGGUCUAGCGUUGUAUAAUAGCUCCAGUGAACGCAAAGAAUGUGCACAGUUACCCCUAGUCCUAAAAUACUCCGAGAUGCUGUGGUGCGGGUUAGCGCCCCAGCCACCAGGCCUGAACCGUGCCGUUCAUCUGAAUGUGUGCACCCGUUGAUUUUUACCUAUUUUCCUCGCUGUUUCGUGCAUAAGAAGGAAACGCGCAUGAUCGGACGCCUCGGCACGGCAUGAUGUCUGGCGCGACUGUAUUAGGGACAUUCGACAGAAUCGUAUGCAUGCCGAAUACGGUACAUGCGAAUAGCGGACGCAGACCGU
18	0.8549931645393372	0.854901909828186	13	12	6	6	6	6	780	400	CUAUACCAAGGUGGGGGAAUGACUACCGUCUUUACAUAUUUCCCUUCAAUGCGCGCGUCGCCCUAUGGAACCCAGCGUUCGGGGUCGUUGGAGGUCUAGCGUUGUAUAAUAGCUCCAGUGAACGCAAAGAAUGUGCACAGUUACCCCUAGUCCUAAAAUACUCCGAGAUGCUGUGGUGCGGGUUAGCGCCCCAGCCACCAGGCCUGAACCGUGCCGUUCAUCUGAAUGUGUGCACCCGUUGAUUUUUACCUAUUUUCCUCGCUGUUUCGUGCAUAAGAAGGAAACGCGCAUGAUCGGACGCCUCGGCACGGCAUGAUGUCUGGCGCGACUGUAUUAGGGACAUUCGACAGAAUCGUAUGCAUGCCGAAUACGGUACAUGCGAAUAGCGGACGCAGACCGU
18	0.8064962029457092	0.8062015771865845	12	12	6	6	6	6	780	400	CUAUACCAAGGUGGGGGAAUGACUACCGUCUUUACAUAUUUCCCUUCAAUGCGCGCGUCGCCCUAUGGAACCCAGCGUUCGGGGUCGUUGGAGGUCUAGCGUUGUAUAAUAGCUCCAGUGAACGCAAAGAAUGUGCACAGUUACCCCUAGUCCUAAAAUACUCCGAGAUGCUGUGGUGCGGGUUAGCGCCCCAGCCACCAGGCCUGAACCGUGCCGUUCAUCUGAAUGUGUGCACCCGUUGAUUUUUACCUAUUUUCCUCGCUGUUUCGUGCAUAAGAAGGAAACGCGCAUGAUCGGACGCCUCGGCACGGCAUGAUGUCUGGCGCGACUGUAUUAGGGACAUUCGACAGAAUCGUAUGCAUGCCGAAUACGGUACAUGCGAAUAGCGGACGCAGACCGU
18	0.8392758965492249	0.8392157554626465	12	12	6	6	6	6	780	400	CUAUACCAAGGUGGGGGAAUGACUACCGUCUUUACAUAUUUCCCUUCAAUGCGCGCGUCGCCCUAUGGAACCCAGCGUUCGGGGUCGUUGGAGGUCUAGCGUUGUAUAAUAGCUCCAGUGAACGCAAAGAAUGUGCACAGUUACCCCUAGUCCUAAAAUACUCCGAGAUGCUGUGGUGCGGGUUAGCGCCCCAGCCACCAGGCCUGAACCGUGCCGUUCAUCUGAAUGUGUGCACCCGUUGAUUUUUACCUAUUUUCCUCGCUGUUUCGUGCAUAAGAAGGAAACGCGCAUGAUCGGACGCCUCGGCACGGCAUGAUGUCUGGCGCGACUGUAUUAGGGACAUUCGACAGAAUCGUAUGCAUGCCGAAUACGGUACAUGCGAAUAGCGGACGCAGACCGU
18	0.8411252498626709	0.841269850730896	12	12	6	6	6	6	780	400	CUAUACCAAGGUGGGGGAAUGACUACCGUCUUUACAUAUUUCCCUUCAAUGCGCGCGUCGCCCUAUGGAACCCAGCGUUCGGGGUCGUUGGAGGUCUAGCGUUGUAUAAUAGCUCCAGUGAACGCAAAGAAUGUGCACAGUUACCCCUAGUCCUAAAAUACUCCGAGAUGCUGUGGUGCGGGUUAGCGCCCCAGCCACCAGGCCUGAACCGUGCCGUUCAUCUGAAUGUGUGCACCCGUUGAUUUUUACCUAUUUUCCUCGCUGUUUCGUGCAUAAGAAGGAAACGCGCAUGAUCGGACGCCUCGGCACGGCAUGAUGUCUGGCGCGACUGUAUUAGGGACAUUCGACAGAAUCGUAUGCAUGCCGAAUACGGUACAUGCGAAUAGCGGACGCAGACCGU
18	0.8457708954811096	0.8458498120307922	12	12	6	6	6	6	780	400	CUAUACCAAGGUGGGGGAAUGACUACCGUCUUUACAUAUUUCCCUUCAAUGCGCGCGUCGCCCUAUGGAACCCAGCGUUCGGGGUCGUUGGAGGUCUAGCGUUGUAUAAUAGCUCCAGUGAACGCAAAGAAUGUGCACAGUUACCCCUAGUCCUAAAAUACUCCGAGAUGCUGUGGUGCGGGUUAGCGCCCCAGCCACCAGGCCUGAACCGUGCCGUUCAUCUGAAUGUGUGCACCCGUUGAUUUUUACCUAUUUUCCUCGCUGUUUCGUGCAUAAGAAGGAAACGCGCAUGAUCGGACGCCUCGGCACGGCAUGAUGUCUGGCGCGACUGUAUUAGGGACAUUCGACAGAAUCGUAUGCAUGCCGAAUACGGUACAUGCGAAUAGCGGACGCAGACCGU
18	0.789110541343689	0.7890625596046448	13	12	6	6	6	6	780	400	CUAUACCAAGGUGGGGGAAUGACUACCGUCUUUACAUAUUUCCCUUCAAUGCGCGCGUCGCCCUAUGGAACCCAGCGUUCGGGGUCGUUGGAGGUCUAGCGUUGUAUAAUAGCUCCAGUGAACGCAAAGAAUGUGCACAGUUACCCCUAGUCCUAAAAUACUCCGAGAUGCUGUGGUGCGGGUUAGCGCCCCAGCCACCAGGCCUGAACCGUGCCGUUCAUCUGAAUGUGUGCACCCGUUGAUUUUUACCUAUUUUCCUCGCUGUUUCGUGCAUAAGAAGGAAACGCGCAUGAUCGGACGCCUCGGCACGGCAUGAUGUCUGGCGCGACUGUAUUAGGGACAUUCGACAGAAUCGUAUGCAUGCCGAAUACGGUACAUGCGAAUAGCGGACGCAGACCGU
18	0.7957550883293152	0.7953667640686035	13	12	6	6	6	6	780	400	CUAUACCAAGGUGGGGGAAUGACUACCGUCUUUACAUAUUUCCCUUCAAUGCGCGCGUCGCCCUAUGGAACCCAGCGUUCGGGGUCGUUGGAGGUCUAGCGUUGUAUAAUAGCUCCAGUGAACGCAAAGAAUGUGCACAGUUACCCCUAGUCCUAAAAUACUCCGAGAUGCUGUGGUGCGGGUUAGCGCCCCAGCCACCAGGCCUGAACCGUGCCGUUCAUCUGAAUGUGUGCACCCGUUGAUUUUUACCUAUUUUCCUCGCUGUUUCGUGCAUAAGAAGGAAACGCGCAUGAUCGGACGCCUCGGCACGGCAUGAUGUCUGGCGCGACUGUAUUAGGGACAUUCGACAGAAUCGUAUGCAUGCCGAAUACGGUACAUGCGAAUAGCGGACGCAGACCGU
19	0.6321243047714233	0.6325581073760986	1	12	6	6	6	6	780	400	GAUUGAUAUUCUUGCCCUAAUUGCAAAAGUCUGAAGGAGUGCCUCCCUGCUCGCGAGCUGAGCCACCACCUGAAGAAAAUGCGGCCAAAUGGCUUACGUUAUUCUGCUACCAUCUUACCCAGACAUCACGGUACCUUAUUCACAUACAGUUCUUCAAAUUCAGGAUCUAGCCAUUAUCGCUUGACUUGUCUGCAAACACAAUUAGCAAGAACCCGAACUUAUCUAUGACAAAAUGCUUGAACGACUUAAGCUCUCACACAGACGCUUAAGGGCAUCAUUUGUCCGACUGACCAGCGGGCGUUUGUAUGUUCCAGACAUAUCUAGCGAAUUUACAGCCUUCUCCUCAUAGGCGUUGAAUAUAGAGCCAUGUUCAGCUAUCUUGGGUUUCGUACAGGACAUA
19	0.8653694987297058	0.8653846383094788	2	12	6	6	6	6	780	400	GAUUGAUAUUCUUGCCCUAAUUGCAAAAGUCUGAAGGAGUGCCUCCCUGCUCGCGAGCUGAGCCACCACCUGAAGAAAAUGCGGCCAAAUGGCUUACGUUAUUCUGCUACCAUCUUACCCAGACAUCACGGUACCUUAUUCACAUACAGUUCUUCAAAUUCAGGAUCUAGCCAUUAUCGCUUGACUUGUCUGCAAACACAAUUAGCAAGAACCCGAACUUAUCUAUGACAAAAUGCUUGAACGACUUAAGCUCUCACACAGACGCUUAAGGGCAUCAUUUGUCCGACUGACCAGCGGGCGUUUGUAUGUUCCAGACAUAUCUAGCGAAUUUACAGCCUUCUCCUCAUAGGCGUUGAAUAUAGAGCCAUGUUCAGCUAUCUUGGGUUUCGUACAGGACAUA
19	0.6540816426277161	0.6543779373168945	3	12	6	6	6	6	780	400	GAUUGAUAUUCUUGCCCUAAUUGCAAAAGUCUGAAGGAGUGCCUCCCUGCUCGCGAGCUGAGCCACCACCUGAAGAAAAUGCGGCCAAAUGGCUUACGUUAUUCUGCUACCAUCUUACCCAGACAUCACGGUACCUUAUUCACAUACAGUUCUUCAAAUUCAGGAUCUAGCCAUUAUCGCUUGACUUGUCUGCAAACACAAUUAGCAAGAACCCGAACUUAUCUAUGACAAAAUGCUUGAACGACUUAAGCUCUCACACAGACGCUUAAGGGCAUCAUUUGUCCGACUGACCAGCGGGCGUUUGUAUGUUCCAGACAUAUCUAGCGAAUUUACAGCCUUCUCCUCAUAGGCGUUGAAUAUAGAGCCAUGUUCAGCUAUCUUGGGUUUCGUACAGGACAUA
19	0.9636185765266418	0.963302731513977	4	12	6	6	6	6	780	400	GAUUGAUAUUCUUGCCCUAAUUGCAAAAGUCUGAAGGAGUGCCUCCCUGCUCGCGAGCUGAGCCACCACCUGAAGAAAAUGCGGCCAAAUGGCUUACGUUAUUCUGCUACCAUCUUACCCAGACAUCACGGUACCUUAUUCACAUACAGUUCUUCAAAUUCAGGAUCUAGCCAUUAUCGCUUGACUUGUCUGCAAACACAAUUAGCAAGAACCCGAACUUAUCUAUGACAAAAUGCUUGAACGACUUAAGCUCUCACACAGACGCUUAAGGGCAUCAUUUGUCCGACUGACCAGCGGGCGUUUGUAUGUUCCAGACAUAUCUAGCGAAUUUACAGCCUUCUCCUCAUAGGCGUUGAAUAUAGAGCCAUGUUCAGCUAUCUUGGGUUUCGUACAGGACAUA
19	0.9636185765266418	0.963302731513977	5	12	6	6	6	6	780	400	GAUUGAUAUUCUUGCCCUAAUUGCAAAAGUCUGAAGGAGUGCCUCCCUGCUCGCGAGCUGAGCCACCACCUGAAGAAAAUGCGGCCAAAUGGCUUACGUUAUUCUGCUACCAUCUUACCCAGACAUCACGGUACCUUAUUCACAUACAGUUCUUCAAAUUCAGGAUCUAGCCAUUAUCGCUUGACUUGUCUGCAAACACAAUUAGCAAGAACCCGAACUUAUCUAUGACAAAAUGCUUGAACGACUUAAGCUCUCACACAGACGCUUAAGGGCAUCAUUUGUCCGACUGACCAGCGGGCGUUUGUAUGUUCCAGACAUAUCUAGCGAAUUUACAGCCUUCUCCUCAUAGGCGUUGAAUAUAGAGCCAUGUUCAGCUAUCUUGGGUUUCGUACAGGACAUA
19	0.9551161527633667	0.9545453786849976	6	12	6	6	6	6	780	400	GAUUGAUAUUCUUGCCCUAAUUGCAAAAGUCUGAAGGAGUGCCUCCCUGCUCGCGAGCUGAGCCACCACCUGAAGAAAAUGCGGCCAAAUGGCUUACGUUAUUCUGCUACCAUCUUACCCAGACAUCACGGUACCUUAUUCACAUACAGUUCUUCAAAUUCAGGAUCUAGCCAUUAUCGCUUGACUUGUCUGCAAACACAAUUAGCAAGAACCCGAACUUAUCUAUGACAAAAUGCUUGAACGACUUAAGCUCUCACACAGACGCUUAAGGGCAUCAUUUGUCCGACUGACCAGCGGGCGUUUGUAUGUUCCAGACAUAUCUAGCGAAUUUACAGCCUUCUCCUCAUAGGCGUUGAAUAUAGAGCCAUGUUCAGCUAUCUUGGGUUUCGUACAGGACAUA
19	0.8952917456626892	0.8949770927429199	7	12	6	6	6	6	780	400	GAUUGAUAUUCUUGCCCUAAUUGCAAAAGUCUGAAGGAGUGCCUCCCUGCUCGCGAGCUGAGCCACCACCUGAAGAAAAUGCGGCCAAAUGGCUUACGUUAUUCUGCUACCAUCUUACCCAGACAUCACGGUACCUUAUUCACAUACAGUUCUUCAAAUUCAGGAUCUAGCCAUUAUCGCUUGACUUGUCUGCAAACACAAUUAGCAAGAACCCGAACUUAUCUAUGACAAAAUGCUUGAACGACUUAAGCUCUCACACAGACGCUUAAGGGCAUCAUUUGUCCGACUGACCAGCGGGCGUUUGUAUGUUCCAGACAUAUCUAGCGAAUUUACAGCCUUCUCCUCAUAGGCGUUGAAUAUAGAGCCAUGUUCAGCUAUCUUGGGUUUCGUACAGGACAUA
19	0.9044414162635803	0.9041096568107605	8	12	6	6	6	6	780	400	GAUUGAUAUUCUUGCCCUAAUUGCAAAAGUCUGAAGGAGUGCCUCCCUGCUCGCGAGCUGAGCCACCACCUGAAGAAAAUGCGGCCAAAUGGCUUACGUUAUUCUGCUACCAUCUUACCCAGACAUCACGGUACCUUAUUCACAUACAGUUCUUCAAAUUCAGGAUCUAGCCAUUAUCGCUUGACUUGUCUGCAAACACAAUUAGCAAGAACCCGAACUUAUCUAUGACAAAAUGCUUGAACGACUUAAGCUCUCACACAGACGCUUAAGGGCAUCAUUUGUCCGACUGACCAGCGGGCGUUUGUAUGUUCCAGACAUAUCUAGCGAAUUUACAGCCUUCUCCUCAUAGGCGUUGAAUAUAGAGCCAUGUUCAGCUAUCUUGGGUUUCGUACAGGACAUA
19	0.8730796575546265	0.8732393980026245	9	12	6	6	6	6	780	400	GAUUGAUAUUCUUGCCCUAAUUGCAAAAGUCUGAAGGAGUGCCUCCCUGCUCGCGAGCUGAGCCACCACCUGAAGAAAAUGCGGCCAAAUGGCUUACGUUAUUCUGCUACCAUCUUACCCAGACAUCACGGUACCUUAUUCACAUACAGUUCUUCAAAUUCAGGAUCUAGCCAUUAUCGCUUGACUUGUCUGCAAACACAAUUAGCAAGAACCCGAACUUAUCUAUGACAAAAUGCUUGAACGACUUAAGCUCUCACACAGACGCUUAAGGGCAUCAUUUGUCCGACUGACCAGCGGGCGUUUGUAUGUUCCAGACAUAUCUAGCGAAUUUACAGCCUUCUCCUCAUAGGCGUUGAAUAUAGAGCCAUGUUCAGCUAUCUUGGGUUUCGUACAGGACAUA
19	0.9482982754707336	0.9483568072319031	10	12	6	6	6	6	780	400	GAUUGAUAUUCUUGCCCUAAUUGCAAAAGUCUGAAGGAGUGCCUCCCUGCUCGCGAGCUGAGCCACCACCUGAAGAAAAUGCGGCCAAAUGGCUUACGUUAUUCUGCUACCAUCUUACCCAGACAUCACGGUACCUUAUUCACAUACAGUUCUUCAAAUUCAGGAUCUAGCCAUUAUCGCUUGACUUGUCUGCAAACACAAUUAGCAAGAACCCGAACUUAUCUAUGACAAAAUGCUUGAACGACUUAAGCUCUCACACAGACGCUUAAGGGCAUCAUUUGUCCGACUGACCAGCGGGCGUUUGUAUGUUCCAGACAUAUCUAGCGAAUUUACAGCCUUCUCCUCAUAGGCGUUGAAUAUAGAGCCAUGUUCAGCUAUCUUGGGUUUCGUACAGGACAUA
19	0.8745887875556946	0.8738738298416138	11	12	6	6	6	6	780	400	GAUUGAUAUUCUUGCCCUAAUUGCAAAAGUCUGAAGGAGUGCCUCCCUGCUCGCGAGCUGAGCCACCACCUGAAGAAAAUGCGGCCAAAUGGCUUACGUUAUUCUGCUACCAUCUUACCCAGACAUCACGGUACCUUAUUCACAUACAGUUCUUCAAAUUCAGGAUCUAGCCAUUAUCGCUUGACUUGUCUGCAAACACAAUUAGCAAGAACCCGAACUUAUCUAUGACAAAAUGCUUGAACGACUUAAGCUCUCACACAGACGCUUAAGGGCAUCAUUUGUCCGACUGACCAGCGGGCGUUUGUAUGUUCCAGACAUAUCUAGCGAAUUUACAGCCUUCUCCUCAUAGGCGUUGAAUAUAGAGCCAUGUUCAGCUAUCUUGGGUUUCGUACAGGACAUA
19	0.8992862701416016	0.8990825414657593	12	12	6	6	6	6	780	400	GAUUGAUAUUCUUGCCCUAAUUGCAAAAGUCUGAAGGAGUGCCUCCCUGCUCGCGAGCUGAGCCACCACCUGAAGAAAAUGCGGCCAAAUGGCUUACGUUAUUCUGCUACCAUCUUACCCAGACAUCACGGUACCUUAUUCACAUACAGUUCUUCAAAUUCAGGAUCUAGCCAUUAUCGCUUGACUUGUCUGCAAACACAAUUAGCAAGAACCCGAACUUAUCUAUGACAAAAUGCUUGAACGACUUAAGCUCUCACACAGACGCUUAAGGGCAUCAUUUGUCCGACUGACCAGCGGGCGUUUGUAUGUUCCAGACAUAUCUAGCGAAUUUACAGCCUUCUCCUCAUAGGCGUUGAAUAUAGAGCCAUGUUCAGCUAUCUUGGGUUUCGUACAGGACAUA
19	0.876086413860321	0.8749999403953552	13	12	6	6	6	6	780	400	GAUUGAUAUUCUUGCCCUAAUUGCAAAAGUCUGAAGGAGUGCCUCCCUGCUCGCGAGCUGAGCCACCACCUGAAGAAAAUGCGGCCAAAUGGCUUACGUUAUUCUGCUACCAUCUUACCCAGACAUCACGGUACCUUAUUCACAUACAGUUCUUCAAAUUCAGGAUCUAGCCAUUAUCGCUUGACUUGUCUGCAAACACAAUUAGCAAGAACCCGAACUUAUCUAUGACAAAAUGCUUGAACGACUUAAGCUCUCACACAGACGCUUAAGGGCAUCAUUUGUCCGACUGACCAGCGGGCGUUUGUAUGUUCCAGACAUAUCUAGCGAAUUUACAGCCUUCUCCUCAUAGGCGUUGAAUAUAGAGCCAUGUUCAGCUAUCUUGGGUUUCGUACAGGACAUA
19	0.8965293765068054	0.8959276676177979	13	12	6	6	6	6	780	400	GAUUGAUAUUCUUGCCCUAAUUGCAAAAGUCUGAAGGAGUGCCUCCCUGCUCGCGAGCUGAGCCACCACCUGAAGAAAAUGCGGCCAAAUGGCUUACGUUAUUCUGCUACCAUCUUACCCAGACAUCACGGUACCUUAUUCACAUACAGUUCUUCAAAUUCAGGAUCUAGCCAUUAUCGCUUGACUUGUCUGCAAACACAAUUAGCAAGAACCCGAACUUAUCUAUGACAAAAUGCUUGAACGACUUAAGCUCUCACACAGACGCUUAAGGGCAUCAUUUGUCCGACUGACCAGCGGGCGUUUGUAUGUUCCAGACAUAUCUAGCGAAUUUACAGCCUUCUCCUCAUAGGCGUUGAAUAUAGAGCCAUGUUCAGCUAUCUUGGGUUUCGUACAGGACAUA
19	0.8874595165252686	0.8868778347969055	12	12	6	6	6	6	780	400	GAUUGAUAUUCUUGCCCUAAUUGCAAAAGUCUGAAGGAGUGCCUCCCUGCUCGCGAGCUGAGCCACCACCUGAAGAAAAUGCGGCCAAAUGGCUUACGUUAUUCUGCUACCAUCUUACCCAGACAUCACGGUACCUUAUUCACAUACAGUUCUUCAAAUUCAGGAUCUAGCCAUUAUCGCUUGACUUGUCUGCAAACACAAUUAGCAAGAACCCGAACUUAUCUAUGACAAAAUGCUUGAACGACUUAAGCUCUCACACAGACGCUUAAGGGCAUCAUUUGUCCGACUGACCAGCGGGCGUUUGUAUGUUCCAGACAUAUCUAGCGAAUUUACAGCCUUCUCCUCAUAGGCGUUGAAUAUAGAGCCAUGUUCAGCUAUCUUGGGUUUCGUACAGGACAUA
19	0.8403938412666321	0.8401826024055481	11	12	6	6	6	6	780	400	GAUUGAUAUUCUUGCCCUAAUUGCAAAAGUCUGAAGGAGUGCCUCCCUGCUCGCGAGCUGAGCCACCACCUGAAGAAAAUGCGGCCAAAUGGCUUACGUUAUUCUGCUACCAUCUUACCCAGACAUCACGGUACCUUAUUCACAUACAGUUCUUCAAAUUCAGGAUCUAGCCAUUAUCGCUUGACUUGUCUGCAAACACAAUUAGCAAGAACCCGAACUUAUCUAUGACAAAAUGCUUGAACGACUUAAGCUCUCACACAGACGCUUAAGGGCAUCAUUUGUCCGACUGACCAGCGGGCGUUUGUAUGUUCCAGACAUAUCUAGCGAAUUUACAGCCUUCUCCUCAUAGGCGUUGAAUAUAGAGCCAUGUUCAGCUAUCUUGGGUUUCGUACAGGACAUA
19	0.8165731430053711	0.8165138363838196	11	12	6	6	6	6	780	400	GAUUGAUAUUCUUGCCCUAAUUGCAAAAGUCUGAAGGAGUGCCUCCCUGCUCGCGAGCUGAGCCACCACCUGAAGAAAAUGCGGCCAAAUGGCUUACGUUAUUCUGCUACCAUCUUACCCAGACAUCACGGUACCUUAUUCACAUACAGUUCUUCAAAUUCAGGAUCUAGCCAUUAUCGCUUGACUUGUCUGCAAACACAAUUAGCAAGAACCCGAACUUAUCUAUGACAAAAUGCUUGAACGACUUAAGCUCUCACACAGACGCUUAAGGGCAUCAUUUGUCCGACUGACCAGCGGGCGUUUGUAUGUUCCAGACAUAUCUAGCGAAUUUACAGCCUUCUCCUCAUAGGCGUUGAAUAUAGAGCCAUGUUCAGCUAUCUUGGGUUUCGUACAGGACAUA
19	0.8023428916931152	0.8018017411231995	11	12	6	6	6	6	780	400	GAUUGAUAUUCUUGCCCUAAUUGCAAAAGUCUGAAGGAGUGCCUCCCUGCUCGCGAGCUGAGCCACCACCUGAAGAAAAUGCGGCCAAAUGGCUUACGUUAUUCUGCUACCAUCUUACCCAGACAUCACGGUACCUUAUUCACAUACAGUUCUUCAAAUUCAGGAUCUAGCCAUUAUCGCUUGACUUGUCUGCAAACACAAUUAGCAAGAACCCGAACUUAUCUAUGACAAAAUGCUUGAACGACUUAAGCUCUCACACAGACGCUUAAGGGCAUCAUUUGUCCGACUGACCAGCGGGCGUUUGUAUGUUCCAGACAUAUCUAGCGAAUUUACAGCCUUCUCCUCAUAGGCGUUGAAUAUAGAGCCAUGUUCAGCUAUCUUGGGUUUCGUACAGGACAUA
19	0.8549119830131531	0.8545454740524292	12	12	6	6	6	6	780	400	GAUUGAUAUUCUUGCCCUAAUUGCAAAAGUCUGAAGGAGUGCCUCCCUGCUCGCGAGCUGAGCCACCACCUGAAGAAAAUGCGGCCAAAUGGCUUACGUUAUUCUGCUACCAUCUUACCCAGACAUCACGGUACCUUAUUCACAUACAGUUCUUCAAAUUCAGGAUCUAGCCAUUAUCGCUUGACUUGUCUGCAAACACAAUUAGCAAGAACCCGAACUUAUCUAUGACAAAAUGCUUGAACGACUUAAGCUCUCACACAGACGCUUAAGGGCAUCAUUUGUCCGACUGACCAGCGGGCGUUUGUAUGUUCCAGACAUAUCUAGCGAAUUUACAGCCUUCUCCUCAUAGGCGUUGAAUAUAGAGCCAUGUUCAGCUAUCUUGGGUUUCGUACAGGACAUA
19	0.860249936580658	0.8597284555435181	12	12	6	6	6	6	780	400	GAUUGAUAUUCUUGCCCUAAUUGCAAAAGUCUGAAGGAGUGCCUCCCUGCUCGCGAGCUGAGCCACCACCUGAAGAAAAUGCGGCCAAAUGGCUUACGUUAUUCUGCUACCAUCUUACCCAGACAUCACGGUACCUUAUUCACAUACAGUUCUUCAAAUUCAGGAUCUAGCCAUUAUCGCUUGACUUGUCUGCAAACACAAUUAGCAAGAACCCGAACUUAUCUAUGACAAAAUGCUUGAACGACUUAAGCUCUCACACAGACGCUUAAGGGCAUCAUUUGUCCGACUGACCAGCGGGCGUUUGUAUGUUCCAGACAUAUCUAGCGAAUUUACAGCCUUCUCCUCAUAGGCGUUGAAUAUAGAGCCAUGUUCAGCUAUCUUGGGUUUCGUACAGGACAUA
19	0.8783895969390869	0.8778280019760132	13	12	6	6	6	6	780	400	GAUUGAUAUUCUUGCCCUAAUUGCAAAAGUCUGAAGGAGUGCCUCCCUGCUCGCGAGCUGAGCCACCACCUGAAGAAAAUGCGGCCAAAUGGCUUACGUUAUUCUGCUACCAUCUUACCCAGACAUCACGGUACCUUAUUCACAUACAGUUCUUCAAAUUCAGGAUCUAGCCAUUAUCGCUUGACUUGUCUGCAAACACAAUUAGCAAGAACCCGAACUUAUCUAUGACAAAAUGCUUGAACGACUUAAGCUCUCACACAGACGCUUAAGGGCAUCAUUUGUCCGACUGACCAGCGGGCGUUUGUAUGUUCCAGACAUAUCUAGCGAAUUUACAGCCUUCUCCUCAUAGGCGUUGAAUAUAGAGCCAUGUUCAGCUAUCUUGGGUUUCGUACAGGACAUA
19	0.8598631620407104	0.8584070801734924	13	12	6	6	6	6	780	400	GAUUGAUAUUCUUGCCCUAAUUGCAAAAGUCUGAAGGAGUGCCUCCCUGCUCGCGAGCUGAGCCACCACCUGAAGAAAAUGCGGCCAAAUGGCUUACGUUAUUCUGCUACCAUCUUACCCAGACAUCACGGUACCUUAUUCACAUACAGUUCUUCAAAUUCAGGAUCUAGCCAUUAUCGCUUGACUUGUCUGCAAACACAAUUAGCAAGAACCCGAACUUAUCUAUGACAAAAUGCUUGAACGACUUAAGCUCUCACACAGACGCUUAAGGGCAUCAUUUGUCCGACUGACCAGCGGGCGUUUGUAUGUUCCAGACAUAUCUAGCGAAUUUACAGCCUUCUCCUCAUAGGCGUUGAAUAUAGAGCCAUGUUCAGCUAUCUUGGGUUUCGUACAGGACAUA
19	0.8723912239074707	0.8711110949516296	12	12	6	6	6	6	780	400	GAUUGAUAUUCUUGCCCUAAUUGCAAAAGUCUGAAGGAGUGCCUCCCUGCUCGCGAGCUGAGCCACCACCUGAAGAAAAUGCGGCCAAAUGGCUUACGUUAUUCUGCUACCAUCUUACCCAGACAUCACGGUACCUUAUUCACAUACAGUUCUUCAAAUUCAGGAUCUAGCCAUUAUCGCUUGACUUGUCUGCAAACACAAUUAGCAAGAACCCGAACUUAUCUAUGACAAAAUGCUUGAACGACUUAAGCUCUCACACAGACGCUUAAGGGCAUCAUUUGUCCGACUGACCAGCGGGCGUUUGUAUGUUCCAGACAUAUCUAGCGAAUUUACAGCCUUCUCCUCAUAGGCGUUGAAUAUAGAGCCAUGUUCAGCUAUCUUGGGUUUCGUACAGGACAUA
19	0.7719235420227051	0.7713004350662231	12	12	6	6	6	6	780	400	GAUUGAUAUUCUUGCCCUAAUUGCAAAAGUCUGAAGGAGUGCCUCCCUGCUCGCGAGCUGAGCCACCACCUGAAGAAAAUGCGGCCAAAUGGCUUACGUUAUUCUGCUACCAUCUUACCCAGACAUCACGGUACCUUAUUCACAUACAGUUCUUCAAAUUCAGGAUCUAGCCAUUAUCGCUUGACUUGUCUGCAAACACAAUUAGCAAGAACCCGAACUUAUCUAUGACAAAAUGCUUGAACGACUUAAGCUCUCACACAGACGCUUAAGGGCAUCAUUUGUCCGACUGACCAGCGGGCGUUUGUAUGUUCCAGACAUAUCUAGCGAAUUUACAGCCUUCUCCUCAUAGGCGUUGAAUAUAGAGCCAUGUUCAGCUAUCUUGGGUUUCGUACAGGACAUA
19	0.9033345580101013	0.9032257795333862	12	12	6	6	6	6	780	400	GAUUGAUAUUCUUGCCCUAAUUGCAAAAGUCUGAAGGAGUGCCUCCCUGCUCGCGAGCUGAGCCACCACCUGAAGAAAAUGCGGCCAAAUGGCUUACGUUAUUCUGCUACCAUCUUACCCAGACAUCACGGUACCUUAUUCACAUACAGUUCUUCAAAUUCAGGAUCUAGCCAUUAUCGCUUGACUUGUCUGCAAACACAAUUAGCAAGAACCCGAACUUAUCUAUGACAAAAUGCUUGAACGACUUAAGCUCUCACACAGACGCUUAAGGGCAUCAUUUGUCCGACUGACCAGCGGGCGUUUGUAUGUUCCAGACAUAUCUAGCGAAUUUACAGCCUUCUCCUCAUAGGCGUUGAAUAUAGAGCCAUGUUCAGCUAUCUUGGGUUUCGUACAGGACAUA
19	0.8425242304801941	0.8425925970077515	11	12	6	6	6	6	780	400	GAUUGAUAUUCUUGCCCUAAUUGCAAAAGUCUGAAGGAGUGCCUCCCUGCUCGCGAGCUGAGCCACCACCUGAAGAAAAUGCGGCCAAAUGGCUUACGUUAUUCUGCUACCAUCUUACCCAGACAUCACGGUACCUUAUUCACAUACAGUUCUUCAAAUUCAGGAUCUAGCCAUUAUCGCUUGACUUGUCUGCAAACACAAUUAGCAAGAACCCGAACUUAUCUAUGACAAAAUGCUUGAACGACUUAAGCUCUCACACAGACGCUUAAGGGCAUCAUUUGUCCGACUGACCAGCGGGCGUUUGUAUGUUCCAGACAUAUCUAGCGAAUUUACAGCCUUCUCCUCAUAGGCGUUGAAUAUAGAGCCAUGUUCAGCUAUCUUGGGUUUCGUACAGGACAUA
19	0.8421048521995544	0.8407079577445984	12	12	6	6	6	6	780	400	GAUUGAUAUUCUUGCCCUAAUUGCAAAAGUCUGAAGGAGUGCCUCCCUGCUCGCGAGCUGAGCCACCACCUGAAGAAAAUGCGGCCAAAUGGCUUACGUUAUUCUGCUACCAUCUUACCCAGACAUCACGGUACCUUAUUCACAUACAGUUCUUCAAAUUCAGGAUCUAGCCAUUAUCGCUUGACUUGUCUGCAAACACAAUUAGCAAGAACCCGAACUUAUCUAUGACAAAAUGCUUGAACGACUUAAGCUCUCACACAGACGCUUAAGGGCAUCAUUUGUCCGACUGACCAGCGGGCGUUUGUAUGUUCCAGACAUAUCUAGCGAAUUUACAGCCUUCUCCUCAUAGGCGUUGAAUAUAGAGCCAUGUUCAGCUAUCUUGGGUUUCGUACAGGACAUA
19	0.9033345580101013	0.9032257795333862	12	12	6	6	6	6	780	400	GAUUGAUAUUCUUGCCCUAAUUGCAAAAGUCUGAAGGAGUGCCUCCCUGCUCGCGAGCUGAGCCACCACCUGAAGAAAAUGCGGCCAAAUGGCUUACGUUAUUCUGCUACCAUCUUACCCAGACAUCACGGUACCUUAUUCACAUACAGUUCUUCAAAUUCAGGAUCUAGCCAUUAUCGCUUGACUUGUCUGCAAACACAAUUAGCAAGAACCCGAACUUAUCUAUGACAAAAUGCUUGAACGACUUAAGCUCUCACACAGACGCUUAAGGGCAUCAUUUGUCCGACUGACCAGCGGGCGUUUGUAUGUUCCAGACAUAUCUAGCGAAUUUACAGCCUUCUCCUCAUAGGCGUUGAAUAUAGAGCCAUGUUCAGCUAUCUUGGGUUUCGUACAGGACAUA
19	0.8330404162406921	0.8325791954994202	12	12	6	6	6	6	780	400	GAUUGAUAUUCUUGCCCUAAUUGCAAAAGUCUGAAGGAGUGCCUCCCUGCUCGCGAGCUGAGCCACCACCUGAAGAAAAUGCGGCCAAAUGGCUUACGUUAUUCUGCUACCAUCUUACCCAGACAUCACGGUACCUUAUUCACAUACAGUUCUUCAAAUUCAGGAUCUAGCCAUUAUCGCUUGACUUGUCUGCAAACACAAUUAGCAAGAACCCGAACUUAUCUAUGACAAAAUGCUUGAACGACUUAAGCUCUCACACAGACGCUUAAGGGCAUCAUUUGUCCGACUGACCAGCGGGCGUUUGUAUGUUCCAGACAUAUCUAGCGAAUUUACAGCCUUCUCCUCAUAGGCGUUGAAUAUAGAGCCAUGUUCAGCUAUCUUGGGUUUCGUACAGGACAUA
20	0.5021669268608093	0.5021276473999023	1	12	6	6	6	6	780	400	AGGAACGCAGGGAGGUCGACCCCGGAGCCUUAAUCAGUCUACAAGUUAGGCUGAUGGGAGGCGAUCAUUGCACGCUUUAUCUGCGCGCAUGCAGAUACUUGGCUGUUCGAUAAUAAUCGAUUUUAUAAUCCCGGCUAAUUCCGAGACUCCGGAUGCGUACAUGGCUGUCAAUGUCCUGCCGCCCCGCUAACAGUCAGCGAAGGUAGAAAGUCAAUGCAAUUCACGUUCACGGCGCGGGAAUUUACAGUAAAGAAAGCUGUCCCGACGGGGUACCGCUACGGCAUUCGAUGAUGACCGGCCGAACCAACCCUUCGGCUAAGCAGCCGGUCCCGCUACGAAAUAGUCAAUACGUCAUAUGAAGGUCGUAGUGGCAUAACAAGGAUCAAAUAGAAGUUGCACA
20	0.6120757460594177	0.6120689511299133	2	12	6	6	6	6	780	400	AGGAACGCAGGGAGGUCGACCCCGGAGCCUUAAUCAGUCUACAAGUUAGGCUGAUGGGAGGCGAUCAUUGCACGCUUUAUCUGCGCGCAUGCAGAUACUUGGCUGUUCGAUAAUAAUCGAUUUUAUAAUCCCGGCUAAUUCCGAGACUCCGGAUGCGUACAUGGCUGUCAAUGUCCUGCCGCCCCGCUAACAGUCAGCGAAGGUAGAAAGUCAAUGCAAUUCACGUUCACGGCGCGGGAAUUUACAGUAAAGAAAGCUGUCCCGACGGGGUACCGCUACGGCAUUCGAUGAUGACCGGCCGAACCAACCCUUCGGCUAAGCAGCCGGUCCCGCUACGAAAUAGUCAAUACGUCAUAUGAAGGUCGUAGUGGCAUAACAAGGAUCAAAUAGAAGUUGCACA
20	0.8105002045631409	0.8105727434158325	3	12	6	6	6	6	780	400	AGGAACGCAGGGAGGUCGACCCCGGAGCCUUAAUCAGUCUACAAGUUAGGCUGAUGGGAGGCGAUCAUUGCACGCUUUAUCUGCGCGCAUGCAGAUACUUGGCUGUUCGAUAAUAAUCGAUUUUAUAAUCCCGGCUAAUUCCGAGACUCCGGAUGCGUACAUGGCUGUCAAUGUCCUGCCGCCCCGCUAACAGUCAGCGAAGGUAGAAAGUCAAUGCAAUUCACGUUCACGGCGCGGGAAUUUACAGUAAAGAAAGCUGUCCCGACGGGGUACCGCUACGGCAUUCGAUGAUGACCGGCCGAACCAACCCUUCGGCUAAGCAGCCGGUCCCGCUACGAAAUAGUCAAUACGUCAUAUGAAGGUCGUAGUGGCAUAACAAGGAUCAAAUAGAAGUUGCACA
20	0.7621405124664307	0.761904776096344	4	12	6	6	6	6	780	400	AGGAACGCAGGGAGGUCGACCCCGGAGCCUUAAUCAGUCUACAAGUUAGGCUGAUGGGAGGCGAUCAUUGCACGCUUUAUCUGCGCGCAUGCAGAUACUUGGCUGUUCGAUAAUAAUCGAUUUUAUAAUCCCGGCUAAUUCCGAGACUCCGGAUGCGUACAUGGCUGUCAAUGUCCUGCCGCCCCGCUAACAGUCAGCGAAGGUAGAAAGUCAAUGCAAUUCACGUUCACGGCGCGGGAAUUUACAGUAAAGAAAGCUGUCCCGACGGGGUACCGCUACGGCAUUCGAUGAUGACCGGCCGAACCAACCCUUCGGCUAAGCAGCCGGUCCCGCUACGAAAUAGUCAAUACGUCAUAUGAAGGUCGUAGUGGCAUAACAAGGAUCAAAUAGAAGUUGCACA
20	0.8035879731178284	0.8034934401512146	5	12	6	6	6	6	780	400	AGGAACGCAGGGAGGUCGACCCCGGAGCCUUAAUCAGUCUACAAGUUAGGCUGAUGGGAGGCGAUCAUUGCACGCUUUAUCUGCGCGCAUGCAGAUACUUGGCUGUUCGAUAAUAAUCGAUUUUAUAAUCCCGGCUAAUUCCGAGACUCCGGAUGCGUACAUGGCUGUCAAUGUCCUGCCGCCCCGCUAACAGUCAGCGAAGGUAGAAAGUCAAUGCAAUUCACGUUCACGGCGCGGGAAUUUACAGUAAAGAAAGCUGUCCCGACGGGGUACCGCUACGGCAUUCGAUGAUGACCGGCCGAACCAACCCUUCGGCUAAGCAGCCGGUCCCGCUACGAAAUAGUCAAUACGUCAUAUGAAGGUCGUAGUGGCAUAACAAGGAUCAAAUAGAAGUUGCACA
20	0.721776008605957	0.7217391133308411	6	12	6	6	6	6	780	400	AGGAACGCAGGGAGGUCGACCCCGGAGCCUUAAUCAGUCUACAAGUUAGGCUGAUGGGAGGCGAUCAUUGCACGCUUUAUCUGCGCGCAUGCAGAUACUUGGCUGUUCGAUAAUAAUCGAUUUUAUAAUCCCGGCUAAUUCCGAGACUCCGGAUGCGUACAUGGCUGUCAAUGUCCUGCCGCCCCGCUAACAGUCAGCGAAGGUAGAAAGUCAAUGCAAUUCACGUUCACGGCGCGGGAAUUUACAGUAAAGAAAGCUGUCCCGACGGGGUACCGCUACGGCAUUCGAUGAUGACCGGCCGAACCAACCCUUCGGCUAAGCAGCCGGUCCCGCUACGAAAUAGUCAAUACGUCAUAUGAAGGUCGUAGUGGCAUAACAAGGAUCAAAUAGAAGUUGCACA
20	0.756630003452301	0.7565217614173889	7	12	6	6	6	6	780	400	AGGAACGCAGGGAGGUCGACCCCGGAGCCUUAAUCAGUCUACAAGUUAGGCUGAUGGGAGGCGAUCAUUGCACGCUUUAUCUGCGCGCAUGCAGAUACUUGGCUGUUCGAUAAUAAUCGAUUUUAUAAUCCCGGCUAAUUCCGAGACUCCGGAUGCGUACAUGGCUGUCAAUGUCCUGCCGCCCCGCUAACAGUCAGCGAAGGUAGAAAGUCAAUGCAAUUCACGUUCACGGCGCGGGAAUUUACAGUAAAGAAAGCUGUCCCGACGGGGUACCGCUACGGCAUUCGAUGAUGACCGGCCGAACCAACCCUUCGGCUAAGCAGCCGGUCCCGCUACGAAAUAGUCAAUACGUCAUAUGAAGGUCGUAGUGGCAUAACAAGGAUCAAAUAGAAGUUGCACA
20	0.650578498840332	0.649789035320282	8	12	6	6	6	6	780	400	AGGAACGCAGGGAGGUCGACCCCGGAGCCUUAAUCAGUCUACAAGUUAGGCUGAUGGGAGGCGAUCAUUGCACGCUUUAUCUGCGCGCAUGCAGAUACUUGGCUGUUCGAUAAUAAUCGAUUUUAUAAUCCCGGCUAAUUCCGAGACUCCGGAUGCGUACAUGGCUGUCAAUGUCCUGCCGCCCCGCUAACAGUCAGCGAAGGUAGAAAGUCAAUGCAAUUCACGUUCACGGCGCGGGAAUUUACAGUAAAGAAAGCUGUCCCGACGGGGUACCGCUACGGCAUUCGAUGAUGACCGGCCGAACCAACCCUUCGGCUAAGCAGCCGGUCCCGCUACGAAAUAGUCAAUACGUCAUAUGAAGGUCGUAGUGGCAUAACAAGGAUCAAAUAGAAGUUGCACA
20	0.730035662651062	0.729613721370697	9	12	6	6	6	6	780	400	AGGAACGCAGGGAGGUCGACCCCGGAGCCUUAAUCAGUCUACAAGUUAGGCUGAUGGGAGGCGAUCAUUGCACGCUUUAUCUGCGCGCAUGCAGAUACUUGGCUGUUCGAUAAUAAUCGAUUUUAUAAUCCCGGCUAAUUCCGAGACUCCGGAUGCGUACAUGGCUGUCAAUGUCCUGCCGCCCCGCUAACAGUCAGCGAAGGUAGAAAGUCAAUGCAAUUCACGUUCACGGCGCGGGAAUUUACAGUAAAGAAAGCUGUCCCGACGGGGUACCGCUACGGCAUUCGAUGAUGACCGGCCGAACCAACCCUUCGGCUAAGCAGCCGGUCCCGCUACGAAAUAGUCAAUACGUCAUAUGAAGGUCGUAGUGGCAUAACAAGGAUCAAAUAGAAGUUGCACA
20	0.7613380551338196	0.7606837749481201	10	12	6	6	6	6	780	400	AGGAACGCAGGGAGGUCGACCCCGGAGCCUUAAUCAGUCUACAAGUUAGGCUGAUGGGAGGCGAUCAUUGCACGCUUUAUCUGCGCGCAUGCAGAUACUUGGCUGUUCGAUAAUAAUCGAUUUUAUAAUCCCGGCUAAUUCCGAGACUCCGGAUGCGUACAUGGCUGUCAAUGUCCUGCCGCCCCGCUAACAGUCAGCGAAGGUAGAAAGUCAAUGCAAUUCACGUUCACGGCGCGGGAAUUUACAGUAAAGAAAGCUGUCCCGACGGGGUACCGCUACGGCAUUCGAUGAUGACCGGCCGAACCAACCCUUCGGCUAAGCAGCCGGUCCCGCUACGAAAUAGUCAAUACGUCAUAUGAAGGUCGUAGUGGCAUAACAAGGAUCAAAUAGAAGUUGCACA
20	0.7070371508598328	0.7063829302787781	11	12	6	6	6	6	780	400	AGGAACGCAGGGAGGUCGACCCCGGAGCCUUAAUCAGUCUACAAGUUAGGCUGAUGGGAGGCGAUCAUUGCACGCUUUAUCUGCGCGCAUGCAGAUACUUGGCUGUUCGAUAAUAAUCGAUUUUAUAAUCCCGGCUAAUUCCGAGACUCCGGAUGCGUACAUGGCUGUCAAUGUCCUGCCGCCCCGCUAACAGUCAGCGAAGGUAGAAAGUCAAUGCAAUUCACGUUCACGGCGCGGGAAUUUACAGUAAAGAAAGCUGUCCCGACGGGGUACCGCUACGGCAUUCGAUGAUGACCGGCCGAACCAACCCUUCGGCUAAGCAGCCGGUCCCGCUACGAAAUAGUCAAUACGUCAUAUGAAGGUCGUAGUGGCAUAACAAGGAUCAAAUAGAAGUUGCACA
20	0.8634518384933472	0.8634361028671265	12	12	6	6	6	6	780	400	AGGAACGCAGGGAGGUCGACCCCGGAGCCUUAAUCAGUCUACAAGUUAGGCUGAUGGGAGGCGAUCAUUGCACGCUUUAUCUGCGCGCAUGCAGAUACUUGGCUGUUCGAUAAUAAUCGAUUUUAUAAUCCCGGCUAAUUCCGAGACUCCGGAUGCGUACAUGGCUGUCAAUGUCCUGCCGCCCCGCUAACAGUCAGCGAAGGUAGAAAGUCAAUGCAAUUCACGUUCACGGCGCGGGAAUUUACAGUAAAGAAAGCUGUCCCGACGGGGUACCGCUACGGCAUUCGAUGAUGACCGGCCGAACCAACCCUUCGGCUAAGCAGCCGGUCCCGCUACGAAAUAGUCAAUACGUCAUAUGAAGGUCGUAGUGGCAUAACAAGGAUCAAAUAGAAGUUGCACA
20	0.7582547068595886	0.7574468851089478	13	12	6	6	6	6	780	400	AGGAACGCAGGGAGGUCGACCCCGGAGCCUUAAUCAGUCUACAAGUUAGGCUGAUGGGAGGCGAUCAUUGCACGCUUUAUCUGCGCGCAUGCAGAUACUUGGCUGUUCGAUAAUAAUCGAUUUUAUAAUCCCGGCUAAUUCCGAGACUCCGGAUGCGUACAUGGCUGUCAAUGUCCUGCCGCCCCGCUAACAGUCAGCGAAGGUAGAAAGUCAAUGCAAUUCACGUUCACGGCGCGGGAAUUUACAGUAAAGAAAGCUGUCCCGACGGGGUACCGCUACGGCAUUCGAUGAUGACCGGCCGAACCAACCCUUCGGCUAAGCAGCCGGUCCCGCUACGAAAUAGUCAAUACGUCAUAUGAAGGUCGUAGUGGCAUAACAAGGAUCAAAUAGAAGUUGCACA
20	0.7613380551338196	0.7606837749481201	14	12	6	6	6	6	780	400	AGGAACGCAGGGAGGUCGACCCCGGAGCCUUAAUCAGUCUACAAGUUAGGCUGAUGGGAGGCGAUCAUUGCACGCUUUAUCUGCGCGCAUGCAGAUACUUGGCUGUUCGAUAAUAAUCGAUUUUAUAAUCCCGGCUAAUUCCGAGACUCCGGAUGCGUACAUGGCUGUCAAUGUCCUGCCGCCCCGCUAACAGUCAGCGAAGGUAGAAAGUCAAUGCAAUUCACGUUCACGGCGCGGGAAUUUACAGUAAAGAAAGCUGUCCCGACGGGGUACCGCUACGGCAUUCGAUGAUGACCGGCCGAACCAACCCUUCGGCUAAGCAGCCGGUCCCGCUACGAAAUAGUCAAUACGUCAUAUGAAGGUCGUAGUGGCAUAACAAGGAUCAAAUAGAAGUUGCACA
20	0.7644590735435486	0.7639485001564026	13	12	6	6	6	6	780	400	AGGAACGCAGGGAGGUCGACCCCGGAGCCUUAAUCAGUCUACAAGUUAGGCUGAUGGGAGGCGAUCAUUGCACGCUUUAUCUGCGCGCAUGCAGAUACUUGGCUGUUCGAUAAUAAUCGAUUUUAUAAUCCCGGCUAAUUCCGAGACUCCGGAUGCGUACAUGGCUGUCAAUGUCCUGCCGCCCCGCUAACAGUCAGCGAAGGUAGAAAGUCAAUGCAAUUCACGUUCACGGCGCGGGAAUUUACAGUAAAGAAAGCUGUCCCGACGGGGUACCGCUACGGCAUUCGAUGAUGACCGGCCGAACCAACCCUUCGGCUAAGCAGCCGGUCCCGCUACGAAAUAGUCAAUACGUCAUAUGAAGGUCGUAGUGGCAUAACAAGGAUCAAAUAGAAGUUGCACA
20	0.8473392724990845	0.8471615314483643	13	12	6	6	6	6	780	400	AGGAACGCAGGGAGGUCGACCCCGGAGCCUUAAUCAGUCUACAAGUUAGGCUGAUGGGAGGCGAUCAUUGCACGCUUUAUCUGCGCGCAUGCAGAUACUUGGCUGUUCGAUAAUAAUCGAUUUUAUAAUCCCGGCUAAUUCCGAGACUCCGGAUGCGUACAUGGCUGUCAAUGUCCUGCCGCCCCGCUAACAGUCAGCGAAGGUAGAAAGUCAAUGCAAUUCACGUUCACGGCGCGGGAAUUUACAGUAAAGAAAGCUGUCCCGACGGGGUACCGCUACGGCAUUCGAUGAUGACCGGCCGAACCAACCCUUCGGCUAAGCAGCCGGUCCCGCUACGAAAUAGUCAAUACGUCAUAUGAAGGUCGUAGUGGCAUAACAAGGAUCAAAUAGAAGUUGCACA
20	0.8560895323753357	0.8558952212333679	13	12	6	6	6	6	780	400	AGGAACGCAGGGAGGUCGACCCCGGAGCCUUAAUCAGUCUACAAGUUAGGCUGAUGGGAGGCGAUCAUUGCACGCUUUAUCUGCGCGCAUGCAGAUACUUGGCUGUUCGAUAAUAAUCGAUUUUAUAAUCCCGGCUAAUUCCGAGACUCCGGAUGCGUACAUGGCUGUCAAUGUCCUGCCGCCCCGCUAACAGUCAGCGAAGGUAGAAAGUCAAUGCAAUUCACGUUCACGGCGCGGGAAUUUACAGUAAAGAAAGCUGUCCCGACGGGGUACCGCUACGGCAUUCGAUGAUGACCGGCCGAACCAACCCUUCGGCUAAGCAGCCGGUCCCGCUACGAAAUAGUCAAUACGUCAUAUGAAGGUCGUAGUGGCAUAACAAGGAUCAAAUAGAAGUUGCACA
20	0.8910905718803406	0.8908297419548035	14	12	6	6	6	6	780	400	AGGAACGCAGGGAGGUCGACCCCGGAGCCUUAAUCAGUCUACAAGUUAGGCUGAUGGGAGGCGAUCAUUGCACGCUUUAUCUGCGCGCAUGCAGAUACUUGGCUGUUCGAUAAUAAUCGAUUUUAUAAUCCCGGCUAAUUCCGAGACUCCGGAUGCGUACAUGGCUGUCAAUGUCCUGCCGCCCCGCUAACAGUCAGCGAAGGUAGAAAGUCAAUGCAAUUCACGUUCACGGCGCGGGAAUUUACAGUAAAGAAAGCUGUCCCGACGGGGUACCGCUACGGCAUUCGAUGAUGACCGGCCGAACCAACCCUUCGGCUAAGCAGCCGGUCCCGCUACGAAAUAGUCAAUACGUCAUAUGAAGGUCGUAGUGGCAUAACAAGGAUCAAAUAGAAGUUGCACA
20	0.9058789610862732	0.9051724076271057	14	12	6	6	6	6	780	400	AGGAACGCAGGGAGGUCGACCCCGGAGCCUUAAUCAGUCUACAAGUUAGGCUGAUGGGAGGCGAUCAUUGCACGCUUUAUCUGCGCGCAUGCAGAUACUUGGCUGUUCGAUAAUAAUCGAUUUUAUAAUCCCGGCUAAUUCCGAGACUCCGGAUGCGUACAUGGCUGUCAAUGUCCUGCCGCCCCGCUAACAGUCAGCGAAGGUAGAAAGUCAAUGCAAUUCACGUUCACGGCGCGGGAAUUUACAGUAAAGAAAGCUGUCCCGACGGGGUACCGCUACGGCAUUCGAUGAUGACCGGCCGAACCAACCCUUCGGCUAAGCAGCCGGUCCCGCUACGAAAUAGUCAAUACGUCAUAUGAAGGUCGUAGUGGCAUAACAAGGAUCAAAUAGAAGUUGCACA
20	0.8489120006561279	0.8484848141670227	13	12	6	6	6	6	780	400	AGGAACGCAGGGAGGUCGACCCCGGAGCCUUAAUCAGUCUACAAGUUAGGCUGAUGGGAGGCGAUCAUUGCACGCUUUAUCUGCGCGCAUGCAGAUACUUGGCUGUUCGAUAAUAAUCGAUUUUAUAAUCCCGGCUAAUUCCGAGACUCCGGAUGCGUACAUGGCUGUCAAUGUCCUGCCGCCCCGCUAACAGUCAGCGAAGGUAGAAAGUCAAUGCAAUUCACGUUCACGGCGCGGGAAUUUACAGUAAAGAAAGCUGUCCCGACGGGGUACCGCUACGGCAUUCGAUGAUGACCGGCCGAACCAACCCUUCGGCUAAGCAGCCGGUCCCGCUACGAAAUAGUCAAUACGUCAUAUGAAGGUCGUAGUGGCAUAACAAGGAUCAAAUAGAAGUUGCACA
20	0.8948971629142761	0.8947368264198303	13	12	6	6	6	6	780	400	AGGAACGCAGGGAGGUCGACCCCGGAGCCUUAAUCAGUCUACAAGUUAGGCUGAUGGGAGGCGAUCAUUGCACGCUUUAUCUGCGCGCAUGCAGAUACUUGGCUGUUCGAUAAUAAUCGAUUUUAUAAUCCCGGCUAAUUCCGAGACUCCGGAUGCGUACAUGGCUGUCAAUGUCCUGCCGCCCCGCUAACAGUCAGCGAAGGUAGAAAGUCAAUGCAAUUCACGUUCACGGCGCGGGAAUUUACAGUAAAGAAAGCUGUCCCGACGGGGUACCGCUACGGCAUUCGAUGAUGACCGGCCGAACCAACCCUUCGGCUAAGCAGCCGGUCCCGCUACGAAAUAGUCAAUACGUCAUAUGAAGGUCGUAGUGGCAUAACAAGGAUCAAAUAGAAGUUGCACA
20	0.8749434351921082	0.8744588494300842	15	12	6	6	6	6	780	400	AGGAACGCAGGGAGGUCGACCCCGGAGCCUUAAUCAGUCUACAAGUUAGGCUGAUGGGAGGCGAUCAUUGCACGCUUUAUCUGCGCGCAUGCAGAUACUUGGCUGUUCGAUAAUAAUCGAUUUUAUAAUCCCGGCUAAUUCCGAGACUCCGGAUGCGUACAUGGCUGUCAAUGUCCUGCCGCCCCGCUAACAGUCAGCGAAGGUAGAAAGUCAAUGCAAUUCACGUUCACGGCGCGGGAAUUUACAGUAAAGAAAGCUGUCCCGACGGGGUACCGCUACGGCAUUCGAUGAUGACCGGCCGAACCAACCCUUCGGCUAAGCAGCCGGUCCCGCUACGAAAUAGUCAAUACGUCAUAUGAAGGUCGUAGUGGCAUAACAAGGAUCAAAUAGAAGUUGCACA
20	0.7870504856109619	0.7863247990608215	13	12	6	6	6	6	780	400	AGGAACGCAGGGAGGUCGACCCCGGAGCCUUAAUCAGUCUACAAGUUAGGCUGAUGGGAGGCGAUCAUUGCACGCUUUAUCUGCGCGCAUGCAGAUACUUGGCUGUUCGAUAAUAAUCGAUUUUAUAAUCCCGGCUAAUUCCGAGACUCCGGAUGCGUACAUGGCUGUCAAUGUCCUGCCGCCCCGCUAACAGUCAGCGAAGGUAGAAAGUCAAUGCAAUUCACGUUCACGGCGCGGGAAUUUACAGUAAAGAAAGCUGUCCCGACGGGGUACCGCUACGGCAUUCGAUGAUGACCGGCCGAACCAACCCUUCGGCUAAGCAGCCGGUCCCGCUACGAAAUAGUCAAUACGUCAUAUGAAGGUCGUAGUGGCAUAACAAGGAUCAAAUAGAAGUUGCACA
20	0.859747052192688	0.859649121761322	13	12	6	6	6	6	780	400	AGGAACGCAGGGAGGUCGACCCCGGAGCCUUAAUCAGUCUACAAGUUAGGCUGAUGGGAGGCGAUCAUUGCACGCUUUAUCUGCGCGCAUGCAGAUACUUGGCUGUUCGAUAAUAAUCGAUUUUAUAAUCCCGGCUAAUUCCGAGACUCCGGAUGCGUACAUGGCUGUCAAUGUCCUGCCGCCCCGCUAACAGUCAGCGAAGGUAGAAAGUCAAUGCAAUUCACGUUCACGGCGCGGGAAUUUACAGUAAAGAAAGCUGUCCCGACGGGGUACCGCUACGGCAUUCGAUGAUGACCGGCCGAACCAACCCUUCGGCUAAGCAGCCGGUCCCGCUACGAAAUAGUCAAUACGUCAUAUGAAGGUCGUAGUGGCAUAACAAGGAUCAAAUAGAAGUUGCACA
20	0.8489120006561279	0.8484848141670227	14	12	6	6	6	6	780	400	AGGAACGCAGGGAGGUCGACCCCGGAGCCUUAAUCAGUCUACAAGUUAGGCUGAUGGGAGGCGAUCAUUGCACGCUUUAUCUGCGCGCAUGCAGAUACUUGGCUGUUCGAUAAUAAUCGAUUUUAUAAUCCCGGCUAAUUCCGAGACUCCGGAUGCGUACAUGGCUGUCAAUGUCCUGCCGCCCCGCUAACAGUCAGCGAAGGUAGAAAGUCAAUGCAAUUCACGUUCACGGCGCGGGAAUUUACAGUAAAGAAAGCUGUCCCGACGGGGUACCGCUACGGCAUUCGAUGAUGACCGGCCGAACCAACCCUUCGGCUAAGCAGCCGGUCCCGCUACGAAAUAGUCAAUACGUCAUAUGAAGGUCGUAGUGGCAUAACAAGGAUCAAAUAGAAGUUGCACA
20	0.7644590735435486	0.7639485001564026	13	12	6	6	6	6	780	400	AGGAACGCAGGGAGGUCGACCCCGGAGCCUUAAUCAGUCUACAAGUUAGGCUGAUGGGAGGCGAUCAUUGCACGCUUUAUCUGCGCGCAUGCAGAUACUUGGCUGUUCGAUAAUAAUCGAUUUUAUAAUCCCGGCUAAUUCCGAGACUCCGGAUGCGUACAUGGCUGUCAAUGUCCUGCCGCCCCGCUAACAGUCAGCGAAGGUAGAAAGUCAAUGCAAUUCACGUUCACGGCGCGGGAAUUUACAGUAAAGAAAGCUGUCCCGACGGGGUACCGCUACGGCAUUCGAUGAUGACCGGCCGAACCAACCCUUCGGCUAAGCAGCCGGUCCCGCUACGAAAUAGUCAAUACGUCAUAUGAAGGUCGUAGUGGCAUAACAAGGAUCAAAUAGAAGUUGCACA
20	0.8799551725387573	0.8793103098869324	13	12	6	6	6	6	780	400	AGGAACGCAGGGAGGUCGACCCCGGAGCCUUAAUCAGUCUACAAGUUAGGCUGAUGGGAGGCGAUCAUUGCACGCUUUAUCUGCGCGCAUGCAGAUACUUGGCUGUUCGAUAAUAAUCGAUUUUAUAAUCCCGGCUAAUUCCGAGACUCCGGAUGCGUACAUGGCUGUCAAUGUCCUGCCGCCCCGCUAACAGUCAGCGAAGGUAGAAAGUCAAUGCAAUUCACGUUCACGGCGCGGGAAUUUACAGUAAAGAAAGCUGUCCCGACGGGGUACCGCUACGGCAUUCGAUGAUGACCGGCCGAACCAACCCUUCGGCUAAGCAGCCGGUCCCGCUACGAAAUAGUCAAUACGUCAUAUGAAGGUCGUAGUGGCAUAACAAGGAUCAAAUAGAAGUUGCACA
20	0.8560895323753357	0.8558952212333679	13	12	6	6	6	6	780	400	AGGAACGCAGGGAGGUCGACCCCGGAGCCUUAAUCAGUCUACAAGUUAGGCUGAUGGGAGGCGAUCAUUGCACGCUUUAUCUGCGCGCAUGCAGAUACUUGGCUGUUCGAUAAUAAUCGAUUUUAUAAUCCCGGCUAAUUCCGAGACUCCGGAUGCGUACAUGGCUGUCAAUGUCCUGCCGCCCCGCUAACAGUCAGCGAAGGUAGAAAGUCAAUGCAAUUCACGUUCACGGCGCGGGAAUUUACAGUAAAGAAAGCUGUCCCGACGGGGUACCGCUACGGCAUUCGAUGAUGACCGGCCGAACCAACCCUUCGGCUAAGCAGCCGGUCCCGCUACGAAAUAGUCAAUACGUCAUAUGAAGGUCGUAGUGGCAUAACAAGGAUCAAAUAGAAGUUGCACA
20	0.8546265959739685	0.8546255826950073	13	12	6	6	6	6	780	400	AGGAACGCAGGGAGGUCGACCCCGGAGCCUUAAUCAGUCUACAAGUUAGGCUGAUGGGAGGCGAUCAUUGCACGCUUUAUCUGCGCGCAUGCAGAUACUUGGCUGUUCGAUAAUAAUCGAUUUUAUAAUCCCGGCUAAUUCCGAGACUCCGGAUGCGUACAUGGCUGUCAAUGUCCUGCCGCCCCGCUAACAGUCAGCGAAGGUAGAAAGUCAAUGCAAUUCACGUUCACGGCGCGGGAAUUUACAGUAAAGAAAGCUGUCCCGACGGGGUACCGCUACGGCAUUCGAUGAUGACCGGCCGAACCAACCCUUCGGCUAAGCAGCCGGUCCCGCUACGAAAUAGUCAAUACGUCAUAUGAAGGUCGUAGUGGCAUAACAAGGAUCAAAUAGAAGUUGCACA
21	0.8031595945358276	0.803418755531311	1	12	6	6	6	6	780	400	CUAGCUUAGCGACCGCGGCCAGGUGGAGAUAAUGAUAUAAUGGACAAUUGAGGUCUCGAACAGCUAACUGUAUGUCUCUCUACUGCGUAAUUUAAGAUAACUACAAAAUUGGACUAGCUUGCUAAAUUUAAGAAUAAGCGGGAUGGGGGAGGCGUAUGUGCCUAAUGUCGAUUCGAGGACUUUACCUACCAACGAGAGGCUAUGCGGAAAAACUCUGAAUAGCGUCUGUCAGUUUUAAACACAAGUCUCACCCGAUUCAACGCCCGUAUAUGUUCGCAUAAUGAACCAGCAUUUCAAUAGGUAAACGUUUACCGCCGUUCUAUCACUAACGUGCCUCGCGAACCUGGUUCAUCAAUUUGUUGCCUGGCCAAUUUAUCUAGCACAAAAGCCUUGGUACAAA
21	0.7090010046958923	0.7094017267227173	2	12	6	6	6	6	780	400	CUAGCUUAGCGACCGCGGCCAGGUGGAGAUAAUGAUAUAAUGGACAAUUGAGGUCUCGAACAGCUAACUGUAUGUCUCUCUACUGCGUAAUUUAAGAUAACUACAAAAUUGGACUAGCUUGCUAAAUUUAAGAAUAAGCGGGAUGGGGGAGGCGUAUGUGCCUAAUGUCGAUUCGAGGACUUUACCUACCAACGAGAGGCUAUGCGGAAAAACUCUGAAUAGCGUCUGUCAGUUUUAAACACAAGUCUCACCCGAUUCAACGCCCGUAUAUGUUCGCAUAAUGAACCAGCAUUUCAAUAGGUAAACGUUUACCGCCGUUCUAUCACUAACGUGCCUCGCGAACCUGGUUCAUCAAUUUGUUGCCUGGCCAAUUUAUCUAGCACAAAAGCCUUGGUACAAA
21	0.6299010515213013	0.6302521228790283	3	12	6	6	6	6	780	400	CUAGCUUAGCGACCGCGGCCAGGUGGAGAUAAUGAUAUAAUGGACAAUUGAGGUCUCGAACAGCUAACUGUAUGUCUCUCUACUGCGUAAUUUAAGAUAACUACAAAAUUGGACUAGCUUGCUAAAUUUAAGAAUAAGCGGGAUGGGGGAGGCGUAUGUGCCUAAUGUCGAUUCGAGGACUUUACCUACCAACGAGAGGCUAUGCGGAAAAACUCUGAAUAGCGUCUGUCAGUUUUAAACACAAGUCUCACCCGAUUCAACGCCCGUAUAUGUUCGCAUAAUGAACCAGCAUUUCAAUAGGUAAACGUUUACCGCCGUUCUAUCACUAACGUGCCUCGCGAACCUGGUUCAUCAAUUUGUUGCCUGGCCAAUUUAUCUAGCACAAAAGCCUUGGUACAAA
21	0.6490819454193115	0.6495726704597473	4	12	6	6	6	6	780	400	CUAGCUUAGCGACCGCGGCCAGGUGGAGAUAAUGAUAUAAUGGACAAUUGAGGUCUCGAACAGCUAACUGUAUGUCUCUCUACUGCGUAAUUUAAGAUAACUACAAAAUUGGACUAGCUUGCUAAAUUUAAGAAUAAGCGGGAUGGGGGAGGCGUAUGUGCCUAAUGUCGAUUCGAGGACUUUACCUACCAACGAGAGGCUAUGCGGAAAAACUCUGAAUAGCGUCUGUCAGUUUUAAACACAAGUCUCACCCGAUUCAACGCCCGUAUAUGUUCGCAUAAUGAACCAGCAUUUCAAUAGGUAAACGUUUACCGCCGUUCUAUCACUAACGUGCCUCGCGAACCUGGUUCAUCAAUUUGUUGCCUGGCCAAUUUAUCUAGCACAAAAGCCUUGGUACAAA
21	0.7645984292030334	0.7647058367729187	5	12	6	6	6	6	780	400	CUAGCUUAGCGACCGCGGCCAGGUGGAGAUAAUGAUAUAAUGGACAAUUGAGGUCUCGAACAGCUAACUGUAUGUCUCUCUACUGCGUAAUUUAAGAUAACUACAAAAUUGGACUAGCUUGCUAAAUUUAAGAAUAAGCGGGAUGGGGGAGGCGUAUGUGCCUAAUGUCGAUUCGAGGACUUUACCUACCAACGAGAGGCUAUGCGGAAAAACUCUGAAUAGCGUCUGUCAGUUUUAAACACAAGUCUCACCCGAUUCAACGCCCGUAUAUGUUCGCAUAAUGAACCAGCAUUUCAAUAGGUAAACGUUUACCGCCGUUCUAUCACUAACGUGCCUCGCGAACCUGGUUCAUCAAUUUGUUGCCUGGCCAAUUUAUCUAGCACAAAAGCCUUGGUACAAA
21	0.6775869727134705	0.6779661774635315	6	12	6	6	6	6	780	400	CUAGCUUAGCGACCGCGGCCAGGUGGAGAUAAUGAUAUAAUGGACAAUUGAGGUCUCGAACAGCUAACUGUAUGUCUCUCUACUGCGUAAUUUAAGAUAACUACAAAAUUGGACUAGCUUGCUAAAUUUAAGAAUAAGCGGGAUGGGGGAGGCGUAUGUGCCUAAUGUCGAUUCGAGGACUUUACCUACCAACGAGAGGCUAUGCGGAAAAACUCUGAAUAGCGUCUGUCAGUUUUAAACACAAGUCUCACCCGAUUCAACGCCCGUAUAUGUUCGCAUAAUGAACCAGCAUUUCAAUAGGUAAACGUUUACCGCCGUUCUAUCACUAACGUGCCUCGCGAACCUGGUUCAUCAAUUUGUUGCCUGGCCAAUUUAUCUAGCACAAAAGCCUUGGUACAAA
21	0.694563627243042	0.694915235042572	7	12	6	6	6	6	780	400	CUAGCUUAGCGACCGCGGCCAGGUGGAGAUAAUGAUAUAAUGGACAAUUGAGGUCUCGAACAGCUAACUGUAUGUCUCUCUACUGCGUAAUUUAAGAUAACUACAAAAUUGGACUAGCUUGCUAAAUUUAAGAAUAAGCGGGAUGGGGGAGGCGUAUGUGCCUAAUGUCGAUUCGAGGACUUUACCUACCAACGAGAGGCUAUGCGGAAAAACUCUGAAUAGCGUCUGUCAGUUUUAAACACAAGUCUCACCCGAUUCAACGCCCGUAUAUGUUCGCAUAAUGAACCAGCAUUUCAAUAGGUAAACGUUUACCGCCGUUCUAUCACUAACGUGCCUCGCGAACCUGGUUCAUCAAUUUGUUGCCUGGCCAAUUUAUCUAGCACAAAAGCCUUGGUACAAA
21	0.6463406085968018	0.6468085646629333	8	12	6	6	6	6	780	400	CUAGCUUAGCGACCGCGGCCAGGUGGAGAUAAUGAUAUAAUGGACAAUUGAGGUCUCGAACAGCUAACUGUAUGUCUCUCUACUGCGUAAUUUAAGAUAACUACAAAAUUGGACUAGCUUGCUAAAUUUAAGAAUAAGCGGGAUGGGGGAGGCGUAUGUGCCUAAUGUCGAUUCGAGGACUUUACCUACCAACGAGAGGCUAUGCGGAAAAACUCUGAAUAGCGUCUGUCAGUUUUAAACACAAGUCUCACCCGAUUCAACGCCCGUAUAUGUUCGCAUAAUGAACCAGCAUUUCAAUAGGUAAACGUUUACCGCCGUUCUAUCACUAACGUGCCUCGCGAACCUGGUUCAUCAAUUUGUUGCCUGGCCAAUUUAUCUAGCACAAAAGCCUUGGUACAAA
21	0.7303941249847412	0.730290412902832	9	12	6	6	6	6	780	400	CUAGCUUAGCGACCGCGGCCAGGUGGAGAUAAUGAUAUAAUGGACAAUUGAGGUCUCGAACAGCUAACUGUAUGUCUCUCUACUGCGUAAUUUAAGAUAACUACAAAAUUGGACUAGCUUGCUAAAUUUAAGAAUAAGCGGGAUGGGGGAGGCGUAUGUGCCUAAUGUCGAUUCGAGGACUUUACCUACCAACGAGAGGCUAUGCGGAAAAACUCUGAAUAGCGUCUGUCAGUUUUAAACACAAGUCUCACCCGAUUCAACGCCCGUAUAUGUUCGCAUAAUGAACCAGCAUUUCAAUAGGUAAACGUUUACCGCCGUUCUAUCACUAACGUGCCUCGCGAACCUGGUUCAUCAAUUUGUUGCCUGGCCAAUUUAUCUAGCACAAAAGCCUUGGUACAAA
21	0.6888311505317688	0.6890756487846375	10	12	6	6	6	6	780	400	CUAGCUUAGCGACCGCGGCCAGGUGGAGAUAAUGAUAUAAUGGACAAUUGAGGUCUCGAACAGCUAACUGUAUGUCUCUCUACUGCGUAAUUUAAGAUAACUACAAAAUUGGACUAGCUUGCUAAAUUUAAGAAUAAGCGGGAUGGGGGAGGCGUAUGUGCCUAAUGUCGAUUCGAGGACUUUACCUACCAACGAGAGGCUAUGCGGAAAAACUCUGAAUAGCGUCUGUCAGUUUUAAACACAAGUCUCACCCGAUUCAACGCCCGUAUAUGUUCGCAUAAUGAACCAGCAUUUCAAUAGGUAAACGUUUACCGCCGUUCUAUCACUAACGUGCCUCGCGAACCUGGUUCAUCAAUUUGUUGCCUGGCCAAUUUAUCUAGCACAAAAGCCUUGGUACAAA
21	0.7593056559562683	0.7594936490058899	11	12	6	6	6	6	780	400	CUAGCUUAGCGACCGCGGCCAGGUGGAGAUAAUGAUAUAAUGGACAAUUGAGGUCUCGAACAGCUAACUGUAUGUCUCUCUACUGCGUAAUUUAAGAUAACUACAAAAUUGGACUAGCUUGCUAAAUUUAAGAAUAAGCGGGAUGGGGGAGGCGUAUGUGCCUAAUGUCGAUUCGAGGACUUUACCUACCAACGAGAGGCUAUGCGGAAAAACUCUGAAUAGCGUCUGUCAGUUUUAAACACAAGUCUCACCCGAUUCAACGCCCGUAUAUGUUCGCAUAAUGAACCAGCAUUUCAAUAGGUAAACGUUUACCGCCGUUCUAUCACUAACGUGCCUCGCGAACCUGGUUCAUCAAUUUGUUGCCUGGCCAAUUUAUCUAGCACAAAAGCCUUGGUACAAA
21	0.8925552368164062	0.8927038908004761	12	12	6	6	6	6	780	400	CUAGCUUAGCGACCGCGGCCAGGUGGAGAUAAUGAUAUAAUGGACAAUUGAGGUCUCGAACAGCUAACUGUAUGUCUCUCUACUGCGUAAUUUAAGAUAACUACAAAAUUGGACUAGCUUGCUAAAUUUAAGAAUAAGCGGGAUGGGGGAGGCGUAUGUGCCUAAUGUCGAUUCGAGGACUUUACCUACCAACGAGAGGCUAUGCGGAAAAACUCUGAAUAGCGUCUGUCAGUUUUAAACACAAGUCUCACCCGAUUCAACGCCCGUAUAUGUUCGCAUAAUGAACCAGCAUUUCAAUAGGUAAACGUUUACCGCCGUUCUAUCACUAACGUGCCUCGCGAACCUGGUUCAUCAAUUUGUUGCCUGGCCAAUUUAUCUAGCACAAAAGCCUUGGUACAAA
21	0.7689201831817627	0.769230842590332	13	12	6	6	6	6	780	400	CUAGCUUAGCGACCGCGGCCAGGUGGAGAUAAUGAUAUAAUGGACAAUUGAGGUCUCGAACAGCUAACUGUAUGUCUCUCUACUGCGUAAUUUAAGAUAACUACAAAAUUGGACUAGCUUGCUAAAUUUAAGAAUAAGCGGGAUGGGGGAGGCGUAUGUGCCUAAUGUCGAUUCGAGGACUUUACCUACCAACGAGAGGCUAUGCGGAAAAACUCUGAAUAGCGUCUGUCAGUUUUAAACACAAGUCUCACCCGAUUCAACGCCCGUAUAUGUUCGCAUAAUGAACCAGCAUUUCAAUAGGUAAACGUUUACCGCCGUUCUAUCACUAACGUGCCUCGCGAACCUGGUUCAUCAAUUUGUUGCCUGGCCAAUUUAUCUAGCACAAAAGCCUUGGUACAAA
21	0.8438381552696228	0.8438818454742432	13	12	6	6	6	6	780	400	CUAGCUUAGCGACCGCGGCCAGGUGGAGAUAAUGAUAUAAUGGACAAUUGAGGUCUCGAACAGCUAACUGUAUGUCUCUCUACUGCGUAAUUUAAGAUAACUACAAAAUUGGACUAGCUUGCUAAAUUUAAGAAUAAGCGGGAUGGGGGAGGCGUAUGUGCCUAAUGUCGAUUCGAGGACUUUACCUACCAACGAGAGGCUAUGCGGAAAAACUCUGAAUAGCGUCUGUCAGUUUUAAACACAAGUCUCACCCGAUUCAACGCCCGUAUAUGUUCGCAUAAUGAACCAGCAUUUCAAUAGGUAAACGUUUACCGCCGUUCUAUCACUAACGUGCCUCGCGAACCUGGUUCAUCAAUUUGUUGCCUGGCCAAUUUAUCUAGCACAAAAGCCUUGGUACAAA
21	0.7912465929985046	0.7914894223213196	12	12	6	6	6	6	780	400	CUAGCUUAGCGACCGCGGCCAGGUGGAGAUAAUGAUAUAAUGGACAAUUGAGGUCUCGAACAGCUAACUGUAUGUCUCUCUACUGCGUAAUUUAAGAUAACUACAAAAUUGGACUAGCUUGCUAAAUUUAAGAAUAAGCGGGAUGGGGGAGGCGUAUGUGCCUAAUGUCGAUUCGAGGACUUUACCUACCAACGAGAGGCUAUGCGGAAAAACUCUGAAUAGCGUCUGUCAGUUUUAAACACAAGUCUCACCCGAUUCAACGCCCGUAUAUGUUCGCAUAAUGAACCAGCAUUUCAAUAGGUAAACGUUUACCGCCGUUCUAUCACUAACGUGCCUCGCGAACCUGGUUCAUCAAUUUGUUGCCUGGCCAAUUUAUCUAGCACAAAAGCCUUGGUACAAA
21	0.8813072443008423	0.8813559412956238	12	12	6	6	6	6	780	400	CUAGCUUAGCGACCGCGGCCAGGUGGAGAUAAUGAUAUAAUGGACAAUUGAGGUCUCGAACAGCUAACUGUAUGUCUCUCUACUGCGUAAUUUAAGAUAACUACAAAAUUGGACUAGCUUGCUAAAUUUAAGAAUAAGCGGGAUGGGGGAGGCGUAUGUGCCUAAUGUCGAUUCGAGGACUUUACCUACCAACGAGAGGCUAUGCGGAAAAACUCUGAAUAGCGUCUGUCAGUUUUAAACACAAGUCUCACCCGAUUCAACGCCCGUAUAUGUUCGCAUAAUGAACCAGCAUUUCAAUAGGUAAACGUUUACCGCCGUUCUAUCACUAACGUGCCUCGCGAACCUGGUUCAUCAAUUUGUUGCCUGGCCAAUUUAUCUAGCACAAAAGCCUUGGUACAAA
21	0.8973181843757629	0.8974359035491943	14	12	6	6	6	6	780	400	CUAGCUUAGCGACCGCGGCCAGGUGGAGAUAAUGAUAUAAUGGACAAUUGAGGUCUCGAACAGCUAACUGUAUGUCUCUCUACUGCGUAAUUUAAGAUAACUACAAAAUUGGACUAGCUUGCUAAAUUUAAGAAUAAGCGGGAUGGGGGAGGCGUAUGUGCCUAAUGUCGAUUCGAGGACUUUACCUACCAACGAGAGGCUAUGCGGAAAAACUCUGAAUAGCGUCUGUCAGUUUUAAACACAAGUCUCACCCGAUUCAACGCCCGUAUAUGUUCGCAUAAUGAACCAGCAUUUCAAUAGGUAAACGUUUACCGCCGUUCUAUCACUAACGUGCCUCGCGAACCUGGUUCAUCAAUUUGUUGCCUGGCCAAUUUAUCUAGCACAAAAGCCUUGGUACAAA
21	0.9144378900527954	0.9145299196243286	13	12	6	6	6	6	780	400	CUAGCUUAGCGACCGCGGCCAGGUGGAGAUAAUGAUAUAAUGGACAAUUGAGGUCUCGAACAGCUAACUGUAUGUCUCUCUACUGCGUAAUUUAAGAUAACUACAAAAUUGGACUAGCUUGCUAAAUUUAAGAAUAAGCGGGAUGGGGGAGGCGUAUGUGCCUAAUGUCGAUUCGAGGACUUUACCUACCAACGAGAGGCUAUGCGGAAAAACUCUGAAUAGCGUCUGUCAGUUUUAAACACAAGUCUCACCCGAUUCAACGCCCGUAUAUGUUCGCAUAAUGAACCAGCAUUUCAAUAGGUAAACGUUUACCGCCGUUCUAUCACUAACGUGCCUCGCGAACCUGGUUCAUCAAUUUGUUGCCUGGCCAAUUUAUCUAGCACAAAAGCCUUGGUACAAA
21	0.8558422327041626	0.8559321165084839	12	12	6	6	6	6	780	400	CUAGCUUAGCGACCGCGGCCAGGUGGAGAUAAUGAUAUAAUGGACAAUUGAGGUCUCGAACAGCUAACUGUAUGUCUCUCUACUGCGUAAUUUAAGAUAACUACAAAAUUGGACUAGCUUGCUAAAUUUAAGAAUAAGCGGGAUGGGGGAGGCGUAUGUGCCUAAUGUCGAUUCGAGGACUUUACCUACCAACGAGAGGCUAUGCGGAAAAACUCUGAAUAGCGUCUGUCAGUUUUAAACACAAGUCUCACCCGAUUCAACGCCCGUAUAUGUUCGCAUAAUGAACCAGCAUUUCAAUAGGUAAACGUUUACCGCCGUUCUAUCACUAACGUGCCUCGCGAACCUGGUUCAUCAAUUUGUUGCCUGGCCAAUUUAUCUAGCACAAAAGCCUUGGUACAAA
21	0.8522914052009583	0.852320671081543	13	12	6	6	6	6	780	400	CUAGCUUAGCGACCGCGGCCAGGUGGAGAUAAUGAUAUAAUGGACAAUUGAGGUCUCGAACAGCUAACUGUAUGUCUCUCUACUGCGUAAUUUAAGAUAACUACAAAAUUGGACUAGCUUGCUAAAUUUAAGAAUAAGCGGGAUGGGGGAGGCGUAUGUGCCUAAUGUCGAUUCGAGGACUUUACCUACCAACGAGAGGCUAUGCGGAAAAACUCUGAAUAGCGUCUGUCAGUUUUAAACACAAGUCUCACCCGAUUCAACGCCCGUAUAUGUUCGCAUAAUGAACCAGCAUUUCAAUAGGUAAACGUUUACCGCCGUUCUAUCACUAACGUGCCUCGCGAACCUGGUUCAUCAAUUUGUUGCCUGGCCAAUUUAUCUAGCACAAAAGCCUUGGUACAAA
21	0.9050343632698059	0.9051724076271057	13	12	6	6	6	6	780	400	CUAGCUUAGCGACCGCGGCCAGGUGGAGAUAAUGAUAUAAUGGACAAUUGAGGUCUCGAACAGCUAACUGUAUGUCUCUCUACUGCGUAAUUUAAGAUAACUACAAAAUUGGACUAGCUUGCUAAAUUUAAGAAUAAGCGGGAUGGGGGAGGCGUAUGUGCCUAAUGUCGAUUCGAGGACUUUACCUACCAACGAGAGGCUAUGCGGAAAAACUCUGAAUAGCGUCUGUCAGUUUUAAACACAAGUCUCACCCGAUUCAACGCCCGUAUAUGUUCGCAUAAUGAACCAGCAUUUCAAUAGGUAAACGUUUACCGCCGUUCUAUCACUAACGUGCCUCGCGAACCUGGUUCAUCAAUUUGUUGCCUGGCCAAUUUAUCUAGCACAAAAGCCUUGGUACAAA
21	0.8607446551322937	0.8607594966888428	13	12	6	6	6	6	780	400	CUAGCUUAGCGACCGCGGCCAGGUGGAGAUAAUGAUAUAAUGGACAAUUGAGGUCUCGAACAGCUAACUGUAUGUCUCUCUACUGCGUAAUUUAAGAUAACUACAAAAUUGGACUAGCUUGCUAAAUUUAAGAAUAAGCGGGAUGGGGGAGGCGUAUGUGCCUAAUGUCGAUUCGAGGACUUUACCUACCAACGAGAGGCUAUGCGGAAAAACUCUGAAUAGCGUCUGUCAGUUUUAAACACAAGUCUCACCCGAUUCAACGCCCGUAUAUGUUCGCAUAAUGAACCAGCAUUUCAAUAGGUAAACGUUUACCGCCGUUCUAUCACUAACGUGCCUCGCGAACCUGGUUCAUCAAUUUGUUGCCUGGCCAAUUUAUCUAGCACAAAAGCCUUGGUACAAA
21	0.8691979050636292	0.8691983222961426	13	12	6	6	6	6	780	400	CUAGCUUAGCGACCGCGGCCAGGUGGAGAUAAUGAUAUAAUGGACAAUUGAGGUCUCGAACAGCUAACUGUAUGUCUCUCUACUGCGUAAUUUAAGAUAACUACAAAAUUGGACUAGCUUGCUAAAUUUAAGAAUAAGCGGGAUGGGGGAGGCGUAUGUGCCUAAUGUCGAUUCGAGGACUUUACCUACCAACGAGAGGCUAUGCGGAAAAACUCUGAAUAGCGUCUGUCAGUUUUAAACACAAGUCUCACCCGAUUCAACGCCCGUAUAUGUUCGCAUAAUGAACCAGCAUUUCAAUAGGUAAACGUUUACCGCCGUUCUAUCACUAACGUGCCUCGCGAACCUGGUUCAUCAAUUUGUUGCCUGGCCAAUUUAUCUAGCACAAAAGCCUUGGUACAAA
21	0.8776511549949646	0.8776370882987976	14	12	6	6	6	6	780	400	CUAGCUUAGCGACCGCGGCCAGGUGGAGAUAAUGAUAUAAUGGACAAUUGAGGUCUCGAACAGCUAACUGUAUGUCUCUCUACUGCGUAAUUUAAGAUAACUACAAAAUUGGACUAGCUUGCUAAAUUUAAGAAUAAGCGGGAUGGGGGAGGCGUAUGUGCCUAAUGUCGAUUCGAGGACUUUACCUACCAACGAGAGGCUAUGCGGAAAAACUCUGAAUAGCGUCUGUCAGUUUUAAACACAAGUCUCACCCGAUUCAACGCCCGUAUAUGUUCGCAUAAUGAACCAGCAUUUCAAUAGGUAAACGUUUACCGCCGUUCUAUCACUAACGUGCCUCGCGAACCUGGUUCAUCAAUUUGUUGCCUGGCCAAUUUAUCUAGCACAAAAGCCUUGGUACAAA
21	0.8897956013679504	0.8898305296897888	14	12	6	6	6	6	780	400	CUAGCUUAGCGACCGCGGCCAGGUGGAGAUAAUGAUAUAAUGGACAAUUGAGGUCUCGAACAGCUAACUGUAUGUCUCUCUACUGCGUAAUUUAAGAUAACUACAAAAUUGGACUAGCUUGCUAAAUUUAAGAAUAAGCGGGAUGGGGGAGGCGUAUGUGCCUAAUGUCGAUUCGAGGACUUUACCUACCAACGAGAGGCUAUGCGGAAAAACUCUGAAUAGCGUCUGUCAGUUUUAAACACAAGUCUCACCCGAUUCAACGCCCGUAUAUGUUCGCAUAAUGAACCAGCAUUUCAAUAGGUAAACGUUUACCGCCGUUCUAUCACUAACGUGCCUCGCGAACCUGGUUCAUCAAUUUGUUGCCUGGCCAAUUUAUCUAGCACAAAAGCCUUGGUACAAA
21	0.810025155544281	0.810126543045044	14	12	6	6	6	6	780	400	CUAGCUUAGCGACCGCGGCCAGGUGGAGAUAAUGAUAUAAUGGACAAUUGAGGUCUCGAACAGCUAACUGUAUGUCUCUCUACUGCGUAAUUUAAGAUAACUACAAAAUUGGACUAGCUUGCUAAAUUUAAGAAUAAGCGGGAUGGGGGAGGCGUAUGUGCCUAAUGUCGAUUCGAGGACUUUACCUACCAACGAGAGGCUAUGCGGAAAAACUCUGAAUAGCGUCUGUCAGUUUUAAACACAAGUCUCACCCGAUUCAACGCCCGUAUAUGUUCGCAUAAUGAACCAGCAUUUCAAUAGGUAAACGUUUACCGCCGUUCUAUCACUAACGUGCCUCGCGAACCUGGUUCAUCAAUUUGUUGCCUGGCCAAUUUAUCUAGCACAAAAGCCUUGGUACAAA
21	0.8066914081573486	0.8067227602005005	13	12	6	6	6	6	780	400	CUAGCUUAGCGACCGCGGCCAGGUGGAGAUAAUGAUAUAAUGGACAAUUGAGGUCUCGAACAGCUAACUGUAUGUCUCUCUACUGCGUAAUUUAAGAUAACUACAAAAUUGGACUAGCUUGCUAAAUUUAAGAAUAAGCGGGAUGGGGGAGGCGUAUGUGCCUAAUGUCGAUUCGAGGACUUUACCUACCAACGAGAGGCUAUGCGGAAAAACUCUGAAUAGCGUCUGUCAGUUUUAAACACAAGUCUCACCCGAUUCAACGCCCGUAUAUGUUCGCAUAAUGAACCAGCAUUUCAAUAGGUAAACGUUUACCGCCGUUCUAUCACUAACGUGCCUCGCGAACCUGGUUCAUCAAUUUGUUGCCUGGCCAAUUUAUCUAGCACAAAAGCCUUGGUACAAA
21	0.8594376444816589	0.8595744967460632	13	12	6	6	6	6	780	400	CUAGCUUAGCGACCGCGGCCAGGUGGAGAUAAUGAUAUAAUGGACAAUUGAGGUCUCGAACAGCUAACUGUAUGUCUCUCUACUGCGUAAUUUAAGAUAACUACAAAAUUGGACUAGCUUGCUAAAUUUAAGAAUAAGCGGGAUGGGGGAGGCGUAUGUGCCUAAUGUCGAUUCGAGGACUUUACCUACCAACGAGAGGCUAUGCGGAAAAACUCUGAAUAGCGUCUGUCAGUUUUAAACACAAGUCUCACCCGAUUCAACGCCCGUAUAUGUUCGCAUAAUGAACCAGCAUUUCAAUAGGUAAACGUUUACCGCCGUUCUAUCACUAACGUGCCUCGCGAACCUGGUUCAUCAAUUUGUUGCCUGGCCAAUUUAUCUAGCACAAAAGCCUUGGUACAAA
21	0.8359684944152832	0.8362069129943848	13	12	6	6	6	6	780	400	CUAGCUUAGCGACCGCGGCCAGGUGGAGAUAAUGAUAUAAUGGACAAUUGAGGUCUCGAACAGCUAACUGUAUGUCUCUCUACUGCGUAAUUUAAGAUAACUACAAAAUUGGACUAGCUUGCUAAAUUUAAGAAUAAGCGGGAUGGGGGAGGCGUAUGUGCCUAAUGUCGAUUCGAGGACUUUACCUACCAACGAGAGGCUAUGCGGAAAAACUCUGAAUAGCGUCUGUCAGUUUUAAACACAAGUCUCACCCGAUUCAACGCCCGUAUAUGUUCGCAUAAUGAACCAGCAUUUCAAUAGGUAAACGUUUACCGCCGUUCUAUCACUAACGUGCCUCGCGAACCUGGUUCAUCAAUUUGUUGCCUGGCCAAUUUAUCUAGCACAAAAGCCUUGGUACAAA
22	0.7672737240791321	0.7674418687820435	1	12	6	6	6	6	780	400	UUCUUGUGAGUACUUGUGGUGGGAAUAUUGUUACACAGCUUCGACCCUGGCAUCACGAGAUCUCGUUACUCACGGAAGCCCAAGGUAGAUCGACGACCUUCAAUACGGACUCUCGAACAAUUACCGGAAACGUGACUAUGGAAAGUAGAGAACGUUGGAUGAGUUAUUUCGCGGCUUGUUCACGCAAAAGCUAGACGUUCCAUACAAGCGUUUCUACUUGCUAUCACGACGGGUGGCCCAUCAGCGUGUCUUGUAGAAAUAGCUUGUAAUCCACCUUAGUAACAAAGGUGAUCAAGACGUCUGACGCCUUCGGUGGAUACGCUUGCCCCCGCGGAUUGUAAGAAUGCCUCGUGGGAACUAAAUAUGGAGCCUACCUGAGCCAUCAGUGAUUCCCUAGGGU
22	0.8343340158462524	0.834586501121521	2	12	6	6	6	6	780	400	UUCUUGUGAGUACUUGUGGUGGGAAUAUUGUUACACAGCUUCGACCCUGGCAUCACGAGAUCUCGUUACUCACGGAAGCCCAAGGUAGAUCGACGACCUUCAAUACGGACUCUCGAACAAUUACCGGAAACGUGACUAUGGAAAGUAGAGAACGUUGGAUGAGUUAUUUCGCGGCUUGUUCACGCAAAAGCUAGACGUUCCAUACAAGCGUUUCUACUUGCUAUCACGACGGGUGGCCCAUCAGCGUGUCUUGUAGAAAUAGCUUGUAAUCCACCUUAGUAACAAAGGUGAUCAAGACGUCUGACGCCUUCGGUGGAUACGCUUGCCCCCGCGGAUUGUAAGAAUGCCUCGUGGGAACUAAAUAUGGAGCCUACCUGAGCCAUCAGUGAUUCCCUAGGGU
22	0.847343921661377	0.8470587730407715	3	12	6	6	6	6	780	400	UUCUUGUGAGUACUUGUGGUGGGAAUAUUGUUACACAGCUUCGACCCUGGCAUCACGAGAUCUCGUUACUCACGGAAGCCCAAGGUAGAUCGACGACCUUCAAUACGGACUCUCGAACAAUUACCGGAAACGUGACUAUGGAAAGUAGAGAACGUUGGAUGAGUUAUUUCGCGGCUUGUUCACGCAAAAGCUAGACGUUCCAUACAAGCGUUUCUACUUGCUAUCACGACGGGUGGCCCAUCAGCGUGUCUUGUAGAAAUAGCUUGUAAUCCACCUUAGUAACAAAGGUGAUCAAGACGUCUGACGCCUUCGGUGGAUACGCUUGCCCCCGCGGAUUGUAAGAAUGCCUCGUGGGAACUAAAUAUGGAGCCUACCUGAGCCAUCAGUGAUUCCCUAGGGU
22	0.8343340158462524	0.834586501121521	4	12	6	6	6	6	780	400	UUCUUGUGAGUACUUGUGGUGGGAAUAUUGUUACACAGCUUCGACCCUGGCAUCACGAGAUCUCGUUACUCACGGAAGCCCAAGGUAGAUCGACGACCUUCAAUACGGACUCUCGAACAAUUACCGGAAACGUGACUAUGGAAAGUAGAGAACGUUGGAUGAGUUAUUUCGCGGCUUGUUCACGCAAAAGCUAGACGUUCCAUACAAGCGUUUCUACUUGCUAUCACGACGGGUGGCCCAUCAGCGUGUCUUGUAGAAAUAGCUUGUAAUCCACCUUAGUAACAAAGGUGAUCAAGACGUCUGACGCCUUCGGUGGAUACGCUUGCCCCCGCGGAUUGUAAGAAUGCCUCGUGGGAACUAAAUAUGGAGCCUACCUGAGCCAUCAGUGAUUCCCUAGGGU
22	0.7672737240791321	0.7674418687820435	5	12	6	6	6	6	780	400	UUCUUGUGAGUACUUGUGGUGGGAAUAUUGUUACACAGCUUCGACCCUGGCAUCACGAGAUCUCGUUACUCACGGAAGCCCAAGGUAGAUCGACGACCUUCAAUACGGACUCUCGAACAAUUACCGGAAACGUGACUAUGGAAAGUAGAGAACGUUGGAUGAGUUAUUUCGCGGCUUGUUCACGCAAAAGCUAGACGUUCCAUACAAGCGUUUCUACUUGCUAUCACGACGGGUGGCCCAUCAGCGUGUCUUGUAGAAAUAGCUUGUAAUCCACCUUAGUAACAAAGGUGAUCAAGACGUCUGACGCCUUCGGUGGAUACGCUUGCCCCCGCGGAUUGUAAGAAUGCCUCGUGGGAACUAAAUAUGGAGCCUACCUGAGCCAUCAGUGAUUCCCUAGGGU
22	0.957848846912384	0.9578543901443481	6	12	6	6	6	6	780	400	UUCUUGUGAGUACUUGUGGUGGGAAUAUUGUUACACAGCUUCGACCCUGGCAUCACGAGAUCUCGUUACUCACGGAAGCCCAAGGUAGAUCGACGACCUUCAAUACGGACUCUCGAACAAUUACCGGAAACGUGACUAUGGAAAGUAGAGAACGUUGGAUGAGUUAUUUCGCGGCUUGUUCACGCAAAAGCUAGACGUUCCAUACAAGCGUUUCUACUUGCUAUCACGACGGGUGGCCCAUCAGCGUGUCUUGUAGAAAUAGCUUGUAAUCCACCUUAGUAACAAAGGUGAUCAAGACGUCUGACGCCUUCGGUGGAUACGCUUGCCCCCGCGGAUUGUAAGAAUGCCUCGUGGGAACUAAAUAUGGAGCCUACCUGAGCCAUCAGUGAUUCCCUAGGGU
22	0.957848846912384	0.9578543901443481	7	12	6	6	6	6	780	400	UUCUUGUGAGUACUUGUGGUGGGAAUAUUGUUACACAGCUUCGACCCUGGCAUCACGAGAUCUCGUUACUCACGGAAGCCCAAGGUAGAUCGACGACCUUCAAUACGGACUCUCGAACAAUUACCGGAAACGUGACUAUGGAAAGUAGAGAACGUUGGAUGAGUUAUUUCGCGGCUUGUUCACGCAAAAGCUAGACGUUCCAUACAAGCGUUUCUACUUGCUAUCACGACGGGUGGCCCAUCAGCGUGUCUUGUAGAAAUAGCUUGUAAUCCACCUUAGUAACAAAGGUGAUCAAGACGUCUGACGCCUUCGGUGGAUACGCUUGCCCCCGCGGAUUGUAAGAAUGCCUCGUGGGAACUAAAUAUGGAGCCUACCUGAGCCAUCAGUGAUUCCCUAGGGU
22	0.9541510343551636	0.9541984796524048	8	12	6	6	6	6	780	400	UUCUUGUGAGUACUUGUGGUGGGAAUAUUGUUACACAGCUUCGACCCUGGCAUCACGAGAUCUCGUUACUCACGGAAGCCCAAGGUAGAUCGACGACCUUCAAUACGGACUCUCGAACAAUUACCGGAAACGUGACUAUGGAAAGUAGAGAACGUUGGAUGAGUUAUUUCGCGGCUUGUUCACGCAAAAGCUAGACGUUCCAUACAAGCGUUUCUACUUGCUAUCACGACGGGUGGCCCAUCAGCGUGUCUUGUAGAAAUAGCUUGUAAUCCACCUUAGUAACAAAGGUGAUCAAGACGUCUGACGCCUUCGGUGGAUACGCUUGCCCCCGCGGAUUGUAAGAAUGCCUCGUGGGAACUAAAUAUGGAGCCUACCUGAGCCAUCAGUGAUUCCCUAGGGU
22	0.8312309384346008	0.8314606547355652	9	12	6	6	6	6	780	400	UUCUUGUGAGUACUUGUGGUGGGAAUAUUGUUACACAGCUUCGACCCUGGCAUCACGAGAUCUCGUUACUCACGGAAGCCCAAGGUAGAUCGACGACCUUCAAUACGGACUCUCGAACAAUUACCGGAAACGUGACUAUGGAAAGUAGAGAACGUUGGAUGAGUUAUUUCGCGGCUUGUUCACGCAAAAGCUAGACGUUCCAUACAAGCGUUUCUACUUGCUAUCACGACGGGUGGCCCAUCAGCGUGUCUUGUAGAAAUAGCUUGUAAUCCACCUUAGUAACAAAGGUGAUCAAGACGUCUGACGCCUUCGGUGGAUACGCUUGCCCCCGCGGAUUGUAAGAAUGCCUCGUGGGAACUAAAUAUGGAGCCUACCUGAGCCAUCAGUGAUUCCCUAGGGU
22	0.957848846912384	0.9578543901443481	10	12	6	6	6	6	780	400	UUCUUGUGAGUACUUGUGGUGGGAAUAUUGUUACACAGCUUCGACCCUGGCAUCACGAGAUCUCGUUACUCACGGAAGCCCAAGGUAGAUCGACGACCUUCAAUACGGACUCUCGAACAAUUACCGGAAACGUGACUAUGGAAAGUAGAGAACGUUGGAUGAGUUAUUUCGCGGCUUGUUCACGCAAAAGCUAGACGUUCCAUACAAGCGUUUCUACUUGCUAUCACGACGGGUGGCCCAUCAGCGUGUCUUGUAGAAAUAGCUUGUAAUCCACCUUAGUAACAAAGGUGAUCAAGACGUCUGACGCCUUCGGUGGAUACGCUUGCCCCCGCGGAUUGUAAGAAUGCCUCGUGGGAACUAAAUAUGGAGCCUACCUGAGCCAUCAGUGAUUCCCUAGGGU
22	0.9055099487304688	0.9056604504585266	11	12	6	6	6	6	780	400	UUCUUGUGAGUACUUGUGGUGGGAAUAUUGUUACACAGCUUCGACCCUGGCAUCACGAGAUCUCGUUACUCACGGAAGCCCAAGGUAGAUCGACGACCUUCAAUACGGACUCUCGAACAAUUACCGGAAACGUGACUAUGGAAAGUAGAGAACGUUGGAUGAGUUAUUUCGCGGCUUGUUCACGCAAAAGCUAGACGUUCCAUACAAGCGUUUCUACUUGCUAUCACGACGGGUGGCCCAUCAGCGUGUCUUGUAGAAAUAGCUUGUAAUCCACCUUAGUAACAAAGGUGAUCAAGACGUCUGACGCCUUCGGUGGAUACGCUUGCCCCCGCGGAUUGUAAGAAUGCCUCGUGGGAACUAAAUAUGGAGCCUACCUGAGCCAUCAGUGAUUCCCUAGGGU
22	0.9465046525001526	0.9465648531913757	12	12	6	6	6	6	780	400	UUCUUGUGAGUACUUGUGGUGGGAAUAUUGUUACACAGCUUCGACCCUGGCAUCACGAGAUCUCGUUACUCACGGAAGCCCAAGGUAGAUCGACGACCUUCAAUACGGACUCUCGAACAAUUACCGGAAACGUGACUAUGGAAAGUAGAGAACGUUGGAUGAGUUAUUUCGCGGCUUGUUCACGCAAAAGCUAGACGUUCCAUACAAGCGUUUCUACUUGCUAUCACGACGGGUGGCCCAUCAGCGUGUCUUGUAGAAAUAGCUUGUAAUCCACCUUAGUAACAAAGGUGAUCAAGACGUCUGACGCCUUCGGUGGAUACGCUUGCCCCCGCGGAUUGUAAGAAUGCCUCGUGGGAACUAAAUAUGGAGCCUACCUGAGCCAUCAGUGAUUCCCUAGGGU
22	0.8861753344535828	0.8863636255264282	13	12	6	6	6	6	780	400	UUCUUGUGAGUACUUGUGGUGGGAAUAUUGUUACACAGCUUCGACCCUGGCAUCACGAGAUCUCGUUACUCACGGAAGCCCAAGGUAGAUCGACGACCUUCAAUACGGACUCUCGAACAAUUACCGGAAACGUGACUAUGGAAAGUAGAGAACGUUGGAUGAGUUAUUUCGCGGCUUGUUCACGCAAAAGCUAGACGUUCCAUACAAGCGUUUCUACUUGCUAUCACGACGGGUGGCCCAUCAGCGUGUCUUGUAGAAAUAGCUUGUAAUCCACCUUAGUAACAAAGGUGAUCAAGACGUCUGACGCCUUCGGUGGAUACGCUUGCCCCCGCGGAUUGUAAGAAUGCCUCGUGGGAACUAAAUAUGGAGCCUACCUGAGCCAUCAGUGAUUCCCUAGGGU
22	0.9465046525001526	0.9465648531913757	14	12	6	6	6	6	780	400	UUCUUGUGAGUACUUGUGGUGGGAAUAUUGUUACACAGCUUCGACCCUGGCAUCACGAGAUCUCGUUACUCACGGAAGCCCAAGGUAGAUCGACGACCUUCAAUACGGACUCUCGAACAAUUACCGGAAACGUGACUAUGGAAAGUAGAGAACGUUGGAUGAGUUAUUUCGCGGCUUGUUCACGCAAAAGCUAGACGUUCCAUACAAGCGUUUCUACUUGCUAUCACGACGGGUGGCCCAUCAGCGUGUCUUGUAGAAAUAGCUUGUAAUCCACCUUAGUAACAAAGGUGAUCAAGACGUCUGACGCCUUCGGUGGAUACGCUUGCCCCCGCGGAUUGUAAGAAUGCCUCGUGGGAACUAAAUAUGGAGCCUACCUGAGCCAUCAGUGAUUCCCUAGGGU
22	0.8309546113014221	0.8308823704719543	14	12	6	6	6	6	780	400	UUCUUGUGAGUACUUGUGGUGGGAAUAUUGUUACACAGCUUCGACCCUGGCAUCACGAGAUCUCGUUACUCACGGAAGCCCAAGGUAGAUCGACGACCUUCAAUACGGACUCUCGAACAAUUACCGGAAACGUGACUAUGGAAAGUAGAGAACGUUGGAUGAGUUAUUUCGCGGCUUGUUCACGCAAAAGCUAGACGUUCCAUACAAGCGUUUCUACUUGCUAUCACGACGGGUGGCCCAUCAGCGUGUCUUGUAGAAAUAGCUUGUAAUCCACCUUAGUAACAAAGGUGAUCAAGACGUCUGACGCCUUCGGUGGAUACGCUUGCCCCCGCGGAUUGUAAGAAUGCCUCGUGGGAACUAAAUAUGGAGCCUACCUGAGCCAUCAGUGAUUCCCUAGGGU
22	0.936282217502594	0.9363296031951904	14	12	6	6	6	6	780	400	UUCUUGUGAGUACUUGUGGUGGGAAUAUUGUUACACAGCUUCGACCCUGGCAUCACGAGAUCUCGUUACUCACGGAAGCCCAAGGUAGAUCGACGACCUUCAAUACGGACUCUCGAACAAUUACCGGAAACGUGACUAUGGAAAGUAGAGAACGUUGGAUGAGUUAUUUCGCGGCUUGUUCACGCAAAAGCUAGACGUUCCAUACAAGCGUUUCUACUUGCUAUCACGACGGGUGGCCCAUCAGCGUGUCUUGUAGAAAUAGCUUGUAAUCCACCUUAGUAACAAAGGUGAUCAAGACGUCUGACGCCUUCGGUGGAUACGCUUGCCCCCGCGGAUUGUAAGAAUGCCUCGUGGGAACUAAAUAUGGAGCCUACCUGAGCCAUCAGUGAUUCCCUAGGGU
22	0.8117600083351135	0.8118080496788025	15	12	6	6	6	6	780	400	UUCUUGUGAGUACUUGUGGUGGGAAUAUUGUUACACAGCUUCGACCCUGGCAUCACGAGAUCUCGUUACUCACGGAAGCCCAAGGUAGAUCGACGACCUUCAAUACGGACUCUCGAACAAUUACCGGAAACGUGACUAUGGAAAGUAGAGAACGUUGGAUGAGUUAUUUCGCGGCUUGUUCACGCAAAAGCUAGACGUUCCAUACAAGCGUUUCUACUUGCUAUCACGACGGGUGGCCCAUCAGCGUGUCUUGUAGAAAUAGCUUGUAAUCCACCUUAGUAACAAAGGUGAUCAAGACGUCUGACGCCUUCGGUGGAUACGCUUGCCCCCGCGGAUUGUAAGAAUGCCUCGUGGGAACUAAAUAUGGAGCCUACCUGAGCCAUCAGUGAUUCCCUAGGGU
22	0.8443902134895325	0.8444445133209229	14	12	6	6	6	6	780	400	UUCUUGUGAGUACUUGUGGUGGGAAUAUUGUUACACAGCUUCGACCCUGGCAUCACGAGAUCUCGUUACUCACGGAAGCCCAAGGUAGAUCGACGACCUUCAAUACGGACUCUCGAACAAUUACCGGAAACGUGACUAUGGAAAGUAGAGAACGUUGGAUGAGUUAUUUCGCGGCUUGUUCACGCAAAAGCUAGACGUUCCAUACAAGCGUUUCUACUUGCUAUCACGACGGGUGGCCCAUCAGCGUGUCUUGUAGAAAUAGCUUGUAAUCCACCUUAGUAACAAAGGUGAUCAAGACGUCUGACGCCUUCGGUGGAUACGCUUGCCCCCGCGGAUUGUAAGAAUGCCUCGUGGGAACUAAAUAUGGAGCCUACCUGAGCCAUCAGUGAUUCCCUAGGGU
22	0.936282217502594	0.9363296031951904	13	12	6	6	6	6	780	400	UUCUUGUGAGUACUUGUGGUGGGAAUAUUGUUACACAGCUUCGACCCUGGCAUCACGAGAUCUCGUUACUCACGGAAGCCCAAGGUAGAUCGACGACCUUCAAUACGGACUCUCGAACAAUUACCGGAAACGUGACUAUGGAAAGUAGAGAACGUUGGAUGAGUUAUUUCGCGGCUUGUUCACGCAAAAGCUAGACGUUCCAUACAAGCGUUUCUACUUGCUAUCACGACGGGUGGCCCAUCAGCGUGUCUUGUAGAAAUAGCUUGUAAUCCACCUUAGUAACAAAGGUGAUCAAGACGUCUGACGCCUUCGGUGGAUACGCUUGCCCCCGCGGAUUGUAAGAAUGCCUCGUGGGAACUAAAUAUGGAGCCUACCUGAGCCAUCAGUGAUUCCCUAGGGU
22	0.9328271150588989	0.9328358173370361	16	12	6	6	6	6	780	400	UUCUUGUGAGUACUUGUGGUGGGAAUAUUGUUACACAGCUUCGACCCUGGCAUCACGAGAUCUCGUUACUCACGGAAGCCCAAGGUAGAUCGACGACCUUCAAUACGGACUCUCGAACAAUUACCGGAAACGUGACUAUGGAAAGUAGAGAACGUUGGAUGAGUUAUUUCGCGGCUUGUUCACGCAAAAGCUAGACGUUCCAUACAAGCGUUUCUACUUGCUAUCACGACGGGUGGCCCAUCAGCGUGUCUUGUAGAAAUAGCUUGUAAUCCACCUUAGUAACAAAGGUGAUCAAGACGUCUGACGCCUUCGGUGGAUACGCUUGCCCCCGCGGAUUGUAAGAAUGCCUCGUGGGAACUAAAUAUGGAGCCUACCUGAGCCAUCAGUGAUUCCCUAGGGU
22	0.8102294206619263	0.810408890247345	14	12	6	6	6	6	780	400	UUCUUGUGAGUACUUGUGGUGGGAAUAUUGUUACACAGCUUCGACCCUGGCAUCACGAGAUCUCGUUACUCACGGAAGCCCAAGGUAGAUCGACGACCUUCAAUACGGACUCUCGAACAAUUACCGGAAACGUGACUAUGGAAAGUAGAGAACGUUGGAUGAGUUAUUUCGCGGCUUGUUCACGCAAAAGCUAGACGUUCCAUACAAGCGUUUCUACUUGCUAUCACGACGGGUGGCCCAUCAGCGUGUCUUGUAGAAAUAGCUUGUAAUCCACCUUAGUAACAAAGGUGAUCAAGACGUCUGACGCCUUCGGUGGAUACGCUUGCCCCCGCGGAUUGUAAGAAUGCCUCGUGGGAACUAAAUAUGGAGCCUACCUGAGCCAUCAGUGAUUCCCUAGGGU
22	0.9328271150588989	0.9328358173370361	16	12	6	6	6	6	780	400	UUCUUGUGAGUACUUGUGGUGGGAAUAUUGUUACACAGCUUCGACCCUGGCAUCACGAGAUCUCGUUACUCACGGAAGCCCAAGGUAGAUCGACGACCUUCAAUACGGACUCUCGAACAAUUACCGGAAACGUGACUAUGGAAAGUAGAGAACGUUGGAUGAGUUAUUUCGCGGCUUGUUCACGCAAAAGCUAGACGUUCCAUACAAGCGUUUCUACUUGCUAUCACGACGGGUGGCCCAUCAGCGUGUCUUGUAGAAAUAGCUUGUAAUCCACCUUAGUAACAAAGGUGAUCAAGACGUCUGACGCCUUCGGUGGAUACGCUUGCCCCCGCGGAUUGUAAGAAUGCCUCGUGGGAACUAAAUAUGGAGCCUACCUGAGCCAUCAGUGAUUCCCUAGGGU
22	0.929409921169281	0.9293680191040039	15	12	6	6	6	6	780	400	UUCUUGUGAGUACUUGUGGUGGGAAUAUUGUUACACAGCUUCGACCCUGGCAUCACGAGAUCUCGUUACUCACGGAAGCCCAAGGUAGAUCGACGACCUUCAAUACGGACUCUCGAACAAUUACCGGAAACGUGACUAUGGAAAGUAGAGAACGUUGGAUGAGUUAUUUCGCGGCUUGUUCACGCAAAAGCUAGACGUUCCAUACAAGCGUUUCUACUUGCUAUCACGACGGGUGGCCCAUCAGCGUGUCUUGUAGAAAUAGCUUGUAAUCCACCUUAGUAACAAAGGUGAUCAAGACGUCUGACGCCUUCGGUGGAUACGCUUGCCCCCGCGGAUUGUAAGAAUGCCUCGUGGGAACUAAAUAUGGAGCCUACCUGAGCCAUCAGUGAUUCCCUAGGGU
22	0.936282217502594	0.9363296031951904	16	12	6	6	6	6	780	400	UUCUUGUGAGUACUUGUGGUGGGAAUAUUGUUACACAGCUUCGACCCUGGCAUCACGAGAUCUCGUUACUCACGGAAGCCCAAGGUAGAUCGACGACCUUCAAUACGGACUCUCGAACAAUUACCGGAAACGUGACUAUGGAAAGUAGAGAACGUUGGAUGAGUUAUUUCGCGGCUUGUUCACGCAAAAGCUAGACGUUCCAUACAAGCGUUUCUACUUGCUAUCACGACGGGUGGCCCAUCAGCGUGUCUUGUAGAAAUAGCUUGUAAUCCACCUUAGUAACAAAGGUGAUCAAGACGUCUGACGCCUUCGGUGGAUACGCUUGCCCCCGCGGAUUGUAAGAAUGCCUCGUGGGAACUAAAUAUGGAGCCUACCUGAGCCAUCAGUGAUUCCCUAGGGU
22	0.925351083278656	0.9253731369972229	14	12	6	6	6	6	780	400	UUCUUGUGAGUACUUGUGGUGGGAAUAUUGUUACACAGCUUCGACCCUGGCAUCACGAGAUCUCGUUACUCACGGAAGCCCAAGGUAGAUCGACGACCUUCAAUACGGACUCUCGAACAAUUACCGGAAACGUGACUAUGGAAAGUAGAGAACGUUGGAUGAGUUAUUUCGCGGCUUGUUCACGCAAAAGCUAGACGUUCCAUACAAGCGUUUCUACUUGCUAUCACGACGGGUGGCCCAUCAGCGUGUCUUGUAGAAAUAGCUUGUAAUCCACCUUAGUAACAAAGGUGAUCAAGACGUCUGACGCCUUCGGUGGAUACGCUUGCCCCCGCGGAUUGUAAGAAUGCCUCGUGGGAACUAAAUAUGGAGCCUACCUGAGCCAUCAGUGAUUCCCUAGGGU
22	0.9055099487304688	0.9056604504585266	14	12	6	6	6	6	780	400	UUCUUGUGAGUACUUGUGGUGGGAAUAUUGUUACACAGCUUCGACCCUGGCAUCACGAGAUCUCGUUACUCACGGAAGCCCAAGGUAGAUCGACGACCUUCAAUACGGACUCUCGAACAAUUACCGGAAACGUGACUAUGGAAAGUAGAGAACGUUGGAUGAGUUAUUUCGCGGCUUGUUCACGCAAAAGCUAGACGUUCCAUACAAGCGUUUCUACUUGCUAUCACGACGGGUGGCCCAUCAGCGUGUCUUGUAGAAAUAGCUUGUAAUCCACCUUAGUAACAAAGGUGAUCAAGACGUCUGACGCCUUCGGUGGAUACGCUUGCCCCCGCGGAUUGUAAGAAUGCCUCGUGGGAACUAAAUAUGGAGCCUACCUGAGCCAUCAGUGAUUCCCUAGGGU
22	0.9328271150588989	0.9328358173370361	14	12	6	6	6	6	780	400	UUCUUGUGAGUACUUGUGGUGGGAAUAUUGUUACACAGCUUCGACCCUGGCAUCACGAGAUCUCGUUACUCACGGAAGCCCAAGGUAGAUCGACGACCUUCAAUACGGACUCUCGAACAAUUACCGGAAACGUGACUAUGGAAAGUAGAGAACGUUGGAUGAGUUAUUUCGCGGCUUGUUCACGCAAAAGCUAGACGUUCCAUACAAGCGUUUCUACUUGCUAUCACGACGGGUGGCCCAUCAGCGUGUCUUGUAGAAAUAGCUUGUAAUCCACCUUAGUAACAAAGGUGAUCAAGACGUCUGACGCCUUCGGUGGAUACGCUUGCCCCCGCGGAUUGUAAGAAUGCCUCGUGGGAACUAAAUAUGGAGCCUACCUGAGCCAUCAGUGAUUCCCUAGGGU
22	0.8117600083351135	0.8118080496788025	14	12	6	6	6	6	780	400	UUCUUGUGAGUACUUGUGGUGGGAAUAUUGUUACACAGCUUCGACCCUGGCAUCACGAGAUCUCGUUACUCACGGAAGCCCAAGGUAGAUCGACGACCUUCAAUACGGACUCUCGAACAAUUACCGGAAACGUGACUAUGGAAAGUAGAGAACGUUGGAUGAGUUAUUUCGCGGCUUGUUCACGCAAAAGCUAGACGUUCCAUACAAGCGUUUCUACUUGCUAUCACGACGGGUGGCCCAUCAGCGUGUCUUGUAGAAAUAGCUUGUAAUCCACCUUAGUAACAAAGGUGAUCAAGACGUCUGACGCCUUCGGUGGAUACGCUUGCCCCCGCGGAUUGUAAGAAUGCCUCGUGGGAACUAAAUAUGGAGCCUACCUGAGCCAUCAGUGAUUCCCUAGGGU
22	0.9089403748512268	0.9090909361839294	15	12	6	6	6	6	780	400	UUCUUGUGAGUACUUGUGGUGGGAAUAUUGUUACACAGCUUCGACCCUGGCAUCACGAGAUCUCGUUACUCACGGAAGCCCAAGGUAGAUCGACGACCUUCAAUACGGACUCUCGAACAAUUACCGGAAACGUGACUAUGGAAAGUAGAGAACGUUGGAUGAGUUAUUUCGCGGCUUGUUCACGCAAAAGCUAGACGUUCCAUACAAGCGUUUCUACUUGCUAUCACGACGGGUGGCCCAUCAGCGUGUCUUGUAGAAAUAGCUUGUAAUCCACCUUAGUAACAAAGGUGAUCAAGACGUCUGACGCCUUCGGUGGAUACGCUUGCCCCCGCGGAUUGUAAGAAUGCCUCGUGGGAACUAAAUAUGGAGCCUACCUGAGCCAUCAGUGAUUCCCUAGGGU
23	0.9279168248176575	0.9280000329017639	1	12	6	6	6	6	780	400	CCUGGAGAAAAUUGUAGUAAAGCGUUAUUGCCUGAGGAUCUGUUUACAUAACCCAUGGUUUCGACCCCUAUUAAGGAGAUAAGCUGACAAGGCGUUCACGUUACCUCAGAUCUCUUCAGCAAUGACCCUCCUAUCUGGCGGGCCCUGACAUGGAUAAUAAUGGCCCUACCAGUGUUGUUGGUGACACAGCACGCCUAACUGAGCAAACUUUACUGUGCUCGCUACUGAGCUUUCGGGGACGCGAGAGUGUCAGUAGUGCAAUCUUGUCCUUGCCGCUGAUUAACCGUUUGCUUACUGUACCCGAGAGGUUUCACCUGAUAGCUAAGGAUAUACCCAAAGGGAGCGGGAACUCCCACUGAGUCCGCUUAUGCCGGUGAGGCGAAGCAGACACUUGGUUGGA
23	0.8455424904823303	0.8455284833908081	2	12	6	6	6	6	780	400	CCUGGAGAAAAUUGUAGUAAAGCGUUAUUGCCUGAGGAUCUGUUUACAUAACCCAUGGUUUCGACCCCUAUUAAGGAGAUAAGCUGACAAGGCGUUCACGUUACCUCAGAUCUCUUCAGCAAUGACCCUCCUAUCUGGCGGGCCCUGACAUGGAUAAUAAUGGCCCUACCAGUGUUGUUGGUGACACAGCACGCCUAACUGAGCAAACUUUACUGUGCUCGCUACUGAGCUUUCGGGGACGCGAGAGUGUCAGUAGUGCAAUCUUGUCCUUGCCGCUGAUUAACCGUUUGCUUACUGUACCCGAGAGGUUUCACCUGAUAGCUAAGGAUAUACCCAAAGGGAGCGGGAACUCCCACUGAGUCCGCUUAUGCCGGUGAGGCGAAGCAGACACUUGGUUGGA
23	0.8385681509971619	0.8387097120285034	3	12	6	6	6	6	780	400	CCUGGAGAAAAUUGUAGUAAAGCGUUAUUGCCUGAGGAUCUGUUUACAUAACCCAUGGUUUCGACCCCUAUUAAGGAGAUAAGCUGACAAGGCGUUCACGUUACCUCAGAUCUCUUCAGCAAUGACCCUCCUAUCUGGCGGGCCCUGACAUGGAUAAUAAUGGCCCUACCAGUGUUGUUGGUGACACAGCACGCCUAACUGAGCAAACUUUACUGUGCUCGCUACUGAGCUUUCGGGGACGCGAGAGUGUCAGUAGUGCAAUCUUGUCCUUGCCGCUGAUUAACCGUUUGCUUACUGUACCCGAGAGGUUUCACCUGAUAGCUAAGGAUAUACCCAAAGGGAGCGGGAACUCCCACUGAGUCCGCUUAUGCCGGUGAGGCGAAGCAGACACUUGGUUGGA
23	0.8455424904823303	0.8455284833908081	4	12	6	6	6	6	780	400	CCUGGAGAAAAUUGUAGUAAAGCGUUAUUGCCUGAGGAUCUGUUUACAUAACCCAUGGUUUCGACCCCUAUUAAGGAGAUAAGCUGACAAGGCGUUCACGUUACCUCAGAUCUCUUCAGCAAUGACCCUCCUAUCUGGCGGGCCCUGACAUGGAUAAUAAUGGCCCUACCAGUGUUGUUGGUGACACAGCACGCCUAACUGAGCAAACUUUACUGUGCUCGCUACUGAGCUUUCGGGGACGCGAGAGUGUCAGUAGUGCAAUCUUGUCCUUGCCGCUGAUUAACCGUUUGCUUACUGUACCCGAGAGGUUUCACCUGAUAGCUAAGGAUAUACCCAAAGGGAGCGGGAACUCCCACUGAGUCCGCUUAUGCCGGUGAGGCGAAGCAGACACUUGGUUGGA
23	0.9097228050231934	0.9098039269447327	5	12	6	6	6	6	780	400	CCUGGAGAAAAUUGUAGUAAAGCGUUAUUGCCUGAGGAUCUGUUUACAUAACCCAUGGUUUCGACCCCUAUUAAGGAGAUAAGCUGACAAGGCGUUCACGUUACCUCAGAUCUCUUCAGCAAUGACCCUCCUAUCUGGCGGGCCCUGACAUGGAUAAUAAUGGCCCUACCAGUGUUGUUGGUGACACAGCACGCCUAACUGAGCAAACUUUACUGUGCUCGCUACUGAGCUUUCGGGGACGCGAGAGUGUCAGUAGUGCAAUCUUGUCCUUGCCGCUGAUUAACCGUUUGCUUACUGUACCCGAGAGGUUUCACCUGAUAGCUAAGGAUAUACCCAAAGGGAGCGGGAACUCCCACUGAGUCCGCUUAUGCCGGUGAGGCGAAGCAGACACUUGGUUGGA
23	0.8176995515823364	0.8178137540817261	6	12	6	6	6	6	780	400	CCUGGAGAAAAUUGUAGUAAAGCGUUAUUGCCUGAGGAUCUGUUUACAUAACCCAUGGUUUCGACCCCUAUUAAGGAGAUAAGCUGACAAGGCGUUCACGUUACCUCAGAUCUCUUCAGCAAUGACCCUCCUAUCUGGCGGGCCCUGACAUGGAUAAUAAUGGCCCUACCAGUGUUGUUGGUGACACAGCACGCCUAACUGAGCAAACUUUACUGUGCUCGCUACUGAGCUUUCGGGGACGCGAGAGUGUCAGUAGUGCAAUCUUGUCCUUGCCGCUGAUUAACCGUUUGCUUACUGUACCCGAGAGGUUUCACCUGAUAGCUAAGGAUAUACCCAAAGGGAGCGGGAACUCCCACUGAGUCCGCUUAUGCCGGUGAGGCGAAGCAGACACUUGGUUGGA
23	0.8211072683334351	0.8211382031440735	7	12	6	6	6	6	780	400	CCUGGAGAAAAUUGUAGUAAAGCGUUAUUGCCUGAGGAUCUGUUUACAUAACCCAUGGUUUCGACCCCUAUUAAGGAGAUAAGCUGACAAGGCGUUCACGUUACCUCAGAUCUCUUCAGCAAUGACCCUCCUAUCUGGCGGGCCCUGACAUGGAUAAUAAUGGCCCUACCAGUGUUGUUGGUGACACAGCACGCCUAACUGAGCAAACUUUACUGUGCUCGCUACUGAGCUUUCGGGGACGCGAGAGUGUCAGUAGUGCAAUCUUGUCCUUGCCGCUGAUUAACCGUUUGCUUACUGUACCCGAGAGGUUUCACCUGAUAGCUAAGGAUAUACCCAAAGGGAGCGGGAACUCCCACUGAGUCCGCUUAUGCCGGUGAGGCGAAGCAGACACUUGGUUGGA
23	0.9168714284896851	0.9169960618019104	8	12	6	6	6	6	780	400	CCUGGAGAAAAUUGUAGUAAAGCGUUAUUGCCUGAGGAUCUGUUUACAUAACCCAUGGUUUCGACCCCUAUUAAGGAGAUAAGCUGACAAGGCGUUCACGUUACCUCAGAUCUCUUCAGCAAUGACCCUCCUAUCUGGCGGGCCCUGACAUGGAUAAUAAUGGCCCUACCAGUGUUGUUGGUGACACAGCACGCCUAACUGAGCAAACUUUACUGUGCUCGCUACUGAGCUUUCGGGGACGCGAGAGUGUCAGUAGUGCAAUCUUGUCCUUGCCGCUGAUUAACCGUUUGCUUACUGUACCCGAGAGGUUUCACCUGAUAGCUAAGGAUAUACCCAAAGGGAGCGGGAACUCCCACUGAGUCCGCUUAUGCCGGUGAGGCGAAGCAGACACUUGGUUGGA
23	0.9290497899055481	0.9291338324546814	9	12	6	6	6	6	780	400	CCUGGAGAAAAUUGUAGUAAAGCGUUAUUGCCUGAGGAUCUGUUUACAUAACCCAUGGUUUCGACCCCUAUUAAGGAGAUAAGCUGACAAGGCGUUCACGUUACCUCAGAUCUCUUCAGCAAUGACCCUCCUAUCUGGCGGGCCCUGACAUGGAUAAUAAUGGCCCUACCAGUGUUGUUGGUGACACAGCACGCCUAACUGAGCAAACUUUACUGUGCUCGCUACUGAGCUUUCGGGGACGCGAGAGUGUCAGUAGUGCAAUCUUGUCCUUGCCGCUGAUUAACCGUUUGCUUACUGUACCCGAGAGGUUUCACCUGAUAGCUAAGGAUAUACCCAAAGGGAGCGGGAACUCCCACUGAGUCCGCUUAUGCCGGUGAGGCGAAGCAGACACUUGGUUGGA
23	0.9168714284896851	0.9169960618019104	10	12	6	6	6	6	780	400	CCUGGAGAAAAUUGUAGUAAAGCGUUAUUGCCUGAGGAUCUGUUUACAUAACCCAUGGUUUCGACCCCUAUUAAGGAGAUAAGCUGACAAGGCGUUCACGUUACCUCAGAUCUCUUCAGCAAUGACCCUCCUAUCUGGCGGGCCCUGACAUGGAUAAUAAUGGCCCUACCAGUGUUGUUGGUGACACAGCACGCCUAACUGAGCAAACUUUACUGUGCUCGCUACUGAGCUUUCGGGGACGCGAGAGUGUCAGUAGUGCAAUCUUGUCCUUGCCGCUGAUUAACCGUUUGCUUACUGUACCCGAGAGGUUUCACCUGAUAGCUAAGGAUAUACCCAAAGGGAGCGGGAACUCCCACUGAGUCCGCUUAUGCCGGUGAGGCGAAGCAGACACUUGGUUGGA
23	0.9113866686820984	0.9111970067024231	11	12	6	6	6	6	780	400	CCUGGAGAAAAUUGUAGUAAAGCGUUAUUGCCUGAGGAUCUGUUUACAUAACCCAUGGUUUCGACCCCUAUUAAGGAGAUAAGCUGACAAGGCGUUCACGUUACCUCAGAUCUCUUCAGCAAUGACCCUCCUAUCUGGCGGGCCCUGACAUGGAUAAUAAUGGCCCUACCAGUGUUGUUGGUGACACAGCACGCCUAACUGAGCAAACUUUACUGUGCUCGCUACUGAGCUUUCGGGGACGCGAGAGUGUCAGUAGUGCAAUCUUGUCCUUGCCGCUGAUUAACCGUUUGCUUACUGUACCCGAGAGGUUUCACCUGAUAGCUAAGGAUAUACCCAAAGGGAGCGGGAACUCCCACUGAGUCCGCUUAUGCCGGUGAGGCGAAGCAGACACUUGGUUGGA
23	0.9841018915176392	0.9841269850730896	12	12	6	6	6	6	780	400	CCUGGAGAAAAUUGUAGUAAAGCGUUAUUGCCUGAGGAUCUGUUUACAUAACCCAUGGUUUCGACCCCUAUUAAGGAGAUAAGCUGACAAGGCGUUCACGUUACCUCAGAUCUCUUCAGCAAUGACCCUCCUAUCUGGCGGGCCCUGACAUGGAUAAUAAUGGCCCUACCAGUGUUGUUGGUGACACAGCACGCCUAACUGAGCAAACUUUACUGUGCUCGCUACUGAGCUUUCGGGGACGCGAGAGUGUCAGUAGUGCAAUCUUGUCCUUGCCGCUGAUUAACCGUUUGCUUACUGUACCCGAGAGGUUUCACCUGAUAGCUAAGGAUAUACCCAAAGGGAGCGGGAACUCCCACUGAGUCCGCUUAUGCCGGUGAGGCGAAGCAGACACUUGGUUGGA
23	0.9643779993057251	0.9644268751144409	12	12	6	6	6	6	780	400	CCUGGAGAAAAUUGUAGUAAAGCGUUAUUGCCUGAGGAUCUGUUUACAUAACCCAUGGUUUCGACCCCUAUUAAGGAGAUAAGCUGACAAGGCGUUCACGUUACCUCAGAUCUCUUCAGCAAUGACCCUCCUAUCUGGCGGGCCCUGACAUGGAUAAUAAUGGCCCUACCAGUGUUGUUGGUGACACAGCACGCCUAACUGAGCAAACUUUACUGUGCUCGCUACUGAGCUUUCGGGGACGCGAGAGUGUCAGUAGUGCAAUCUUGUCCUUGCCGCUGAUUAACCGUUUGCUUACUGUACCCGAGAGGUUUCACCUGAUAGCUAAGGAUAUACCCAAAGGGAGCGGGAACUCCCACUGAGUCCGCUUAUGCCGGUGAGGCGAAGCAGACACUUGGUUGGA
23	0.9688184857368469	0.96875	14	12	6	6	6	6	780	400	CCUGGAGAAAAUUGUAGUAAAGCGUUAUUGCCUGAGGAUCUGUUUACAUAACCCAUGGUUUCGACCCCUAUUAAGGAGAUAAGCUGACAAGGCGUUCACGUUACCUCAGAUCUCUUCAGCAAUGACCCUCCUAUCUGGCGGGCCCUGACAUGGAUAAUAAUGGCCCUACCAGUGUUGUUGGUGACACAGCACGCCUAACUGAGCAAACUUUACUGUGCUCGCUACUGAGCUUUCGGGGACGCGAGAGUGUCAGUAGUGCAAUCUUGUCCUUGCCGCUGAUUAACCGUUUGCUUACUGUACCCGAGAGGUUUCACCUGAUAGCUAAGGAUAUACCCAAAGGGAGCGGGAACUCCCACUGAGUCCGCUUAUGCCGGUGAGGCGAAGCAGACACUUGGUUGGA
23	0.9568601250648499	0.9568626880645752	12	12	6	6	6	6	780	400	CCUGGAGAAAAUUGUAGUAAAGCGUUAUUGCCUGAGGAUCUGUUUACAUAACCCAUGGUUUCGACCCCUAUUAAGGAGAUAAGCUGACAAGGCGUUCACGUUACCUCAGAUCUCUUCAGCAAUGACCCUCCUAUCUGGCGGGCCCUGACAUGGAUAAUAAUGGCCCUACCAGUGUUGUUGGUGACACAGCACGCCUAACUGAGCAAACUUUACUGUGCUCGCUACUGAGCUUUCGGGGACGCGAGAGUGUCAGUAGUGCAAUCUUGUCCUUGCCGCUGAUUAACCGUUUGCUUACUGUACCCGAGAGGUUUCACCUGAUAGCUAAGGAUAUACCCAAAGGGAGCGGGAACUCCCACUGAGUCCGCUUAUGCCGGUGAGGCGAAGCAGACACUUGGUUGGA
23	0.9651073813438416	0.9649805426597595	14	12	6	6	6	6	780	400	CCUGGAGAAAAUUGUAGUAAAGCGUUAUUGCCUGAGGAUCUGUUUACAUAACCCAUGGUUUCGACCCCUAUUAAGGAGAUAAGCUGACAAGGCGUUCACGUUACCUCAGAUCUCUUCAGCAAUGACCCUCCUAUCUGGCGGGCCCUGACAUGGAUAAUAAUGGCCCUACCAGUGUUGUUGGUGACACAGCACGCCUAACUGAGCAAACUUUACUGUGCUCGCUACUGAGCUUUCGGGGACGCGAGAGUGUCAGUAGUGCAAUCUUGUCCUUGCCGCUGAUUAACCGUUUGCUUACUGUACCCGAGAGGUUUCACCUGAUAGCUAAGGAUAUACCCAAAGGGAGCGGGAACUCCCACUGAGUCCGCUUAUGCCGGUGAGGCGAAGCAGACACUUGGUUGGA
23	0.9531664252281189	0.953125	13	12	6	6	6	6	780	400	CCUGGAGAAAAUUGUAGUAAAGCGUUAUUGCCUGAGGAUCUGUUUACAUAACCCAUGGUUUCGACCCCUAUUAAGGAGAUAAGCUGACAAGGCGUUCACGUUACCUCAGAUCUCUUCAGCAAUGACCCUCCUAUCUGGCGGGCCCUGACAUGGAUAAUAAUGGCCCUACCAGUGUUGUUGGUGACACAGCACGCCUAACUGAGCAAACUUUACUGUGCUCGCUACUGAGCUUUCGGGGACGCGAGAGUGUCAGUAGUGCAAUCUUGUCCUUGCCGCUGAUUAACCGUUUGCUUACUGUACCCGAGAGGUUUCACCUGAUAGCUAAGGAUAUACCCAAAGGGAGCGGGAACUCCCACUGAGUCCGCUUAUGCCGGUGAGGCGAAGCAGACACUUGGUUGGA
23	0.9651073813438416	0.9649805426597595	15	12	6	6	6	6	780	400	CCUGGAGAAAAUUGUAGUAAAGCGUUAUUGCCUGAGGAUCUGUUUACAUAACCCAUGGUUUCGACCCCUAUUAAGGAGAUAAGCUGACAAGGCGUUCACGUUACCUCAGAUCUCUUCAGCAAUGACCCUCCUAUCUGGCGGGCCCUGACAUGGAUAAUAAUGGCCCUACCAGUGUUGUUGGUGACACAGCACGCCUAACUGAGCAAACUUUACUGUGCUCGCUACUGAGCUUUCGGGGACGCGAGAGUGUCAGUAGUGCAAUCUUGUCCUUGCCGCUGAUUAACCGUUUGCUUACUGUACCCGAGAGGUUUCACCUGAUAGCUAAGGAUAUACCCAAAGGGAGCGGGAACUCCCACUGAGUCCGCUUAUGCCGGUGAGGCGAAGCAGACACUUGGUUGGA
23	0.9688184857368469	0.96875	14	12	6	6	6	6	780	400	CCUGGAGAAAAUUGUAGUAAAGCGUUAUUGCCUGAGGAUCUGUUUACAUAACCCAUGGUUUCGACCCCUAUUAAGGAGAUAAGCUGACAAGGCGUUCACGUUACCUCAGAUCUCUUCAGCAAUGACCCUCCUAUCUGGCGGGCCCUGACAUGGAUAAUAAUGGCCCUACCAGUGUUGUUGGUGACACAGCACGCCUAACUGAGCAAACUUUACUGUGCUCGCUACUGAGCUUUCGGGGACGCGAGAGUGUCAGUAGUGCAAUCUUGUCCUUGCCGCUGAUUAACCGUUUGCUUACUGUACCCGAGAGGUUUCACCUGAUAGCUAAGGAUAUACCCAAAGGGAGCGGGAACUCCCACUGAGUCCGCUUAUGCCGGUGAGGCGAAGCAGACACUUGGUUGGA
23	0.9113866686820984	0.9111970067024231	12	12	6	6	6	6	780	400	CCUGGAGAAAAUUGUAGUAAAGCGUUAUUGCCUGAGGAUCUGUUUACAUAACCCAUGGUUUCGACCCCUAUUAAGGAGAUAAGCUGACAAGGCGUUCACGUUACCUCAGAUCUCUUCAGCAAUGACCCUCCUAUCUGGCGGGCCCUGACAUGGAUAAUAAUGGCCCUACCAGUGUUGUUGGUGACACAGCACGCCUAACUGAGCAAACUUUACUGUGCUCGCUACUGAGCUUUCGGGGACGCGAGAGUGUCAGUAGUGCAAUCUUGUCCUUGCCGCUGAUUAACCGUUUGCUUACUGUACCCGAGAGGUUUCACCUGAUAGCUAAGGAUAUACCCAAAGGGAGCGGGAACUCCCACUGAGUCCGCUUAUGCCGGUGAGGCGAAGCAGACACUUGGUUGGA
23	0.9614384770393372	0.9612403512001038	14	12	6	6	6	6	780	400	CCUGGAGAAAAUUGUAGUAAAGCGUUAUUGCCUGAGGAUCUGUUUACAUAACCCAUGGUUUCGACCCCUAUUAAGGAGAUAAGCUGACAAGGCGUUCACGUUACCUCAGAUCUCUUCAGCAAUGACCCUCCUAUCUGGCGGGCCCUGACAUGGAUAAUAAUGGCCCUACCAGUGUUGUUGGUGACACAGCACGCCUAACUGAGCAAACUUUACUGUGCUCGCUACUGAGCUUUCGGGGACGCGAGAGUGUCAGUAGUGCAAUCUUGUCCUUGCCGCUGAUUAACCGUUUGCUUACUGUACCCGAGAGGUUUCACCUGAUAGCUAAGGAUAUACCCAAAGGGAGCGGGAACUCCCACUGAGUCCGCUUAUGCCGGUGAGGCGAAGCAGACACUUGGUUGGA
23	0.9018665552139282	0.9019607305526733	12	12	6	6	6	6	780	400	CCUGGAGAAAAUUGUAGUAAAGCGUUAUUGCCUGAGGAUCUGUUUACAUAACCCAUGGUUUCGACCCCUAUUAAGGAGAUAAGCUGACAAGGCGUUCACGUUACCUCAGAUCUCUUCAGCAAUGACCCUCCUAUCUGGCGGGCCCUGACAUGGAUAAUAAUGGCCCUACCAGUGUUGUUGGUGACACAGCACGCCUAACUGAGCAAACUUUACUGUGCUCGCUACUGAGCUUUCGGGGACGCGAGAGUGUCAGUAGUGCAAUCUUGUCCUUGCCGCUGAUUAACCGUUUGCUUACUGUACCCGAGAGGUUUCACCUGAUAGCUAAGGAUAUACCCAAAGGGAGCGGGAACUCCCACUGAGUCCGCUUAUGCCGGUGAGGCGAAGCAGACACUUGGUUGGA
23	0.9609923958778381	0.9609375	14	12	6	6	6	6	780	400	CCUGGAGAAAAUUGUAGUAAAGCGUUAUUGCCUGAGGAUCUGUUUACAUAACCCAUGGUUUCGACCCCUAUUAAGGAGAUAAGCUGACAAGGCGUUCACGUUACCUCAGAUCUCUUCAGCAAUGACCCUCCUAUCUGGCGGGCCCUGACAUGGAUAAUAAUGGCCCUACCAGUGUUGUUGGUGACACAGCACGCCUAACUGAGCAAACUUUACUGUGCUCGCUACUGAGCUUUCGGGGACGCGAGAGUGUCAGUAGUGCAAUCUUGUCCUUGCCGCUGAUUAACCGUUUGCUUACUGUACCCGAGAGGUUUCACCUGAUAGCUAAGGAUAUACCCAAAGGGAGCGGGAACUCCCACUGAGUCCGCUUAUGCCGGUGAGGCGAAGCAGACACUUGGUUGGA
23	0.9725726246833801	0.9725489616394043	14	12	6	6	6	6	780	400	CCUGGAGAAAAUUGUAGUAAAGCGUUAUUGCCUGAGGAUCUGUUUACAUAACCCAUGGUUUCGACCCCUAUUAAGGAGAUAAGCUGACAAGGCGUUCACGUUACCUCAGAUCUCUUCAGCAAUGACCCUCCUAUCUGGCGGGCCCUGACAUGGAUAAUAAUGGCCCUACCAGUGUUGUUGGUGACACAGCACGCCUAACUGAGCAAACUUUACUGUGCUCGCUACUGAGCUUUCGGGGACGCGAGAGUGUCAGUAGUGCAAUCUUGUCCUUGCCGCUGAUUAACCGUUUGCUUACUGUACCCGAGAGGUUUCACCUGAUAGCUAAGGAUAUACCCAAAGGGAGCGGGAACUCCCACUGAGUCCGCUUAUGCCGGUGAGGCGAAGCAGACACUUGGUUGGA
23	0.9568601250648499	0.9568626880645752	12	12	6	6	6	6	780	400	CCUGGAGAAAAUUGUAGUAAAGCGUUAUUGCCUGAGGAUCUGUUUACAUAACCCAUGGUUUCGACCCCUAUUAAGGAGAUAAGCUGACAAGGCGUUCACGUUACCUCAGAUCUCUUCAGCAAUGACCCUCCUAUCUGGCGGGCCCUGACAUGGAUAAUAAUGGCCCUACCAGUGUUGUUGGUGACACAGCACGCCUAACUGAGCAAACUUUACUGUGCUCGCUACUGAGCUUUCGGGGACGCGAGAGUGUCAGUAGUGCAAUCUUGUCCUUGCCGCUGAUUAACCGUUUGCUUACUGUACCCGAGAGGUUUCACCUGAUAGCUAAGGAUAUACCCAAAGGGAGCGGGAACUCCCACUGAGUCCGCUUAUGCCGGUGAGGCGAAGCAGACACUUGGUUGGA
23	0.9568601250648499	0.9568626880645752	12	12	6	6	6	6	780	400	CCUGGAGAAAAUUGUAGUAAAGCGUUAUUGCCUGAGGAUCUGUUUACAUAACCCAUGGUUUCGACCCCUAUUAAGGAGAUAAGCUGACAAGGCGUUCACGUUACCUCAGAUCUCUUCAGCAAUGACCCUCCUAUCUGGCGGGCCCUGACAUGGAUAAUAAUGGCCCUACCAGUGUUGUUGGUGACACAGCACGCCUAACUGAGCAAACUUUACUGUGCUCGCUACUGAGCUUUCGGGGACGCGAGAGUGUCAGUAGUGCAAUCUUGUCCUUGCCGCUGAUUAACCGUUUGCUUACUGUACCCGAGAGGUUUCACCUGAUAGCUAAGGAUAUACCCAAAGGGAGCGGGAACUCCCACUGAGUCCGCUUAUGCCGGUGAGGCGAAGCAGACACUUGGUUGGA
23	0.9688184857368469	0.96875	14	12	6	6	6	6	780	400	CCUGGAGAAAAUUGUAGUAAAGCGUUAUUGCCUGAGGAUCUGUUUACAUAACCCAUGGUUUCGACCCCUAUUAAGGAGAUAAGCUGACAAGGCGUUCACGUUACCUCAGAUCUCUUCAGCAAUGACCCUCCUAUCUGGCGGGCCCUGACAUGGAUAAUAAUGGCCCUACCAGUGUUGUUGGUGACACAGCACGCCUAACUGAGCAAACUUUACUGUGCUCGCUACUGAGCUUUCGGGGACGCGAGAGUGUCAGUAGUGCAAUCUUGUCCUUGCCGCUGAUUAACCGUUUGCUUACUGUACCCGAGAGGUUUCACCUGAUAGCUAAGGAUAUACCCAAAGGGAGCGGGAACUCCCACUGAGUCCGCUUAUGCCGGUGAGGCGAAGCAGACACUUGGUUGGA
23	0.9643779993057251	0.9644268751144409	12	12	6	6	6	6	780	400	CCUGGAGAAAAUUGUAGUAAAGCGUUAUUGCCUGAGGAUCUGUUUACAUAACCCAUGGUUUCGACCCCUAUUAAGGAGAUAAGCUGACAAGGCGUUCACGUUACCUCAGAUCUCUUCAGCAAUGACCCUCCUAUCUGGCGGGCCCUGACAUGGAUAAUAAUGGCCCUACCAGUGUUGUUGGUGACACAGCACGCCUAACUGAGCAAACUUUACUGUGCUCGCUACUGAGCUUUCGGGGACGCGAGAGUGUCAGUAGUGCAAUCUUGUCCUUGCCGCUGAUUAACCGUUUGCUUACUGUACCCGAGAGGUUUCACCUGAUAGCUAAGGAUAUACCCAAAGGGAGCGGGAACUCCCACUGAGUCCGCUUAUGCCGGUGAGGCGAAGCAGACACUUGGUUGGA
23	0.9763706922531128	0.9763779044151306	12	12	6	6	6	6	780	400	CCUGGAGAAAAUUGUAGUAAAGCGUUAUUGCCUGAGGAUCUGUUUACAUAACCCAUGGUUUCGACCCCUAUUAAGGAGAUAAGCUGACAAGGCGUUCACGUUACCUCAGAUCUCUUCAGCAAUGACCCUCCUAUCUGGCGGGCCCUGACAUGGAUAAUAAUGGCCCUACCAGUGUUGUUGGUGACACAGCACGCCUAACUGAGCAAACUUUACUGUGCUCGCUACUGAGCUUUCGGGGACGCGAGAGUGUCAGUAGUGCAAUCUUGUCCUUGCCGCUGAUUAACCGUUUGCUUACUGUACCCGAGAGGUUUCACCUGAUAGCUAAGGAUAUACCCAAAGGGAGCGGGAACUCCCACUGAGUCCGCUUAUGCCGGUGAGGCGAAGCAGACACUUGGUUGGA
24	0.7495983242988586	0.75	1	12	6	6	6	6	780	400	GCAGUUAAGCCUGGAGGAUGGUCAACCGACGCCACCCAUUUAUCACAUUCUUAAAUCGACAGACUCGAACCGGAUGGGGCGCUUCAGUCUGAGGACUGCGGCUCUAUCGACAAGAUGCAUCUACCUAUAAUCCGCCAGUCACCCGGCUGUUGGUUCUGCUGGAUGGAAGUAAGCUGCACGCAGUUACCCGUAUUGGGAAAAACGUAGAGAGUACAUAUUUUGAGAAGGCAAUUCAUGAAUUGGACAUAGGCUUUAGAGAUAUAAGUCCUUCGAGACCCAAUACGUAUGUGUGCAAUCAGUCUCAUGAGAGCUGGAAAGAGGGAGCCGCUAAGACUAAGACUGGAUUUCGGGCUGGGAAAGAAUGUGACAUGGCGGCGUUAGGGAGCGACGGCGUUAAAGU
24	0.8680298328399658	0.8682171106338501	2	12	6	6	6	6	780	400	GCAGUUAAGCCUGGAGGAUGGUCAACCGACGCCACCCAUUUAUCACAUUCUUAAAUCGACAGACUCGAACCGGAUGGGGCGCUUCAGUCUGAGGACUGCGGCUCUAUCGACAAGAUGCAUCUACCUAUAAUCCGCCAGUCACCCGGCUGUUGGUUCUGCUGGAUGGAAGUAAGCUGCACGCAGUUACCCGUAUUGGGAAAAACGUAGAGAGUACAUAUUUUGAGAAGGCAAUUCAUGAAUUGGACAUAGGCUUUAGAGAUAUAAGUCCUUCGAGACCCAAUACGUAUGUGUGCAAUCAGUCUCAUGAGAGCUGGAAAGAGGGAGCCGCUAAGACUAAGACUGGAUUUCGGGCUGGGAAAGAAUGUGACAUGGCGGCGUUAGGGAGCGACGGCGUUAAAGU
24	0.8028228282928467	0.8030888438224792	3	12	6	6	6	6	780	400	GCAGUUAAGCCUGGAGGAUGGUCAACCGACGCCACCCAUUUAUCACAUUCUUAAAUCGACAGACUCGAACCGGAUGGGGCGCUUCAGUCUGAGGACUGCGGCUCUAUCGACAAGAUGCAUCUACCUAUAAUCCGCCAGUCACCCGGCUGUUGGUUCUGCUGGAUGGAAGUAAGCUGCACGCAGUUACCCGUAUUGGGAAAAACGUAGAGAGUACAUAUUUUGAGAAGGCAAUUCAUGAAUUGGACAUAGGCUUUAGAGAUAUAAGUCCUUCGAGACCCAAUACGUAUGUGUGCAAUCAGUCUCAUGAGAGCUGGAAAGAGGGAGCCGCUAAGACUAAGACUGGAUUUCGGGCUGGGAAAGAAUGUGACAUGGCGGCGUUAGGGAGCGACGGCGUUAAAGU
24	0.8369709253311157	0.8372092843055725	4	12	6	6	6	6	780	400	GCAGUUAAGCCUGGAGGAUGGUCAACCGACGCCACCCAUUUAUCACAUUCUUAAAUCGACAGACUCGAACCGGAUGGGGCGCUUCAGUCUGAGGACUGCGGCUCUAUCGACAAGAUGCAUCUACCUAUAAUCCGCCAGUCACCCGGCUGUUGGUUCUGCUGGAUGGAAGUAAGCUGCACGCAGUUACCCGUAUUGGGAAAAACGUAGAGAGUACAUAUUUUGAGAAGGCAAUUCAUGAAUUGGACAUAGGCUUUAGAGAUAUAAGUCCUUCGAGACCCAAUACGUAUGUGUGCAAUCAGUCUCAUGAGAGCUGGAAAGAGGGAGCCGCUAAGACUAAGACUGGAUUUCGGGCUGGGAAAGAAUGUGACAUGGCGGCGUUAGGGAGCGACGGCGUUAAAGU
24	0.826028048992157	0.8262548446655273	5	12	6	6	6	6	780	400	GCAGUUAAGCCUGGAGGAUGGUCAACCGACGCCACCCAUUUAUCACAUUCUUAAAUCGACAGACUCGAACCGGAUGGGGCGCUUCAGUCUGAGGACUGCGGCUCUAUCGACAAGAUGCAUCUACCUAUAAUCCGCCAGUCACCCGGCUGUUGGUUCUGCUGGAUGGAAGUAAGCUGCACGCAGUUACCCGUAUUGGGAAAAACGUAGAGAGUACAUAUUUUGAGAAGGCAAUUCAUGAAUUGGACAUAGGCUUUAGAGAUAUAAGUCCUUCGAGACCCAAUACGUAUGUGUGCAAUCAGUCUCAUGAGAGCUGGAAAGAGGGAGCCGCUAAGACUAAGACUGGAUUUCGGGCUGGGAAAGAAUGUGACAUGGCGGCGUUAGGGAGCGACGGCGUUAAAGU
24	0.8967756032943726	0.89682537317276	6	12	6	6	6	6	780	400	GCAGUUAAGCCUGGAGGAUGGUCAACCGACGCCACCCAUUUAUCACAUUCUUAAAUCGACAGACUCGAACCGGAUGGGGCGCUUCAGUCUGAGGACUGCGGCUCUAUCGACAAGAUGCAUCUACCUAUAAUCCGCCAGUCACCCGGCUGUUGGUUCUGCUGGAUGGAAGUAAGCUGCACGCAGUUACCCGUAUUGGGAAAAACGUAGAGAGUACAUAUUUUGAGAAGGCAAUUCAUGAAUUGGACAUAGGCUUUAGAGAUAUAAGUCCUUCGAGACCCAAUACGUAUGUGUGCAAUCAGUCUCAUGAGAGCUGGAAAGAGGGAGCCGCUAAGACUAAGACUGGAUUUCGGGCUGGGAAAGAAUGUGACAUGGCGGCGUUAGGGAGCGACGGCGUUAAAGU
24	0.8212899565696716	0.8212928175926208	7	12	6	6	6	6	780	400	GCAGUUAAGCCUGGAGGAUGGUCAACCGACGCCACCCAUUUAUCACAUUCUUAAAUCGACAGACUCGAACCGGAUGGGGCGCUUCAGUCUGAGGACUGCGGCUCUAUCGACAAGAUGCAUCUACCUAUAAUCCGCCAGUCACCCGGCUGUUGGUUCUGCUGGAUGGAAGUAAGCUGCACGCAGUUACCCGUAUUGGGAAAAACGUAGAGAGUACAUAUUUUGAGAAGGCAAUUCAUGAAUUGGACAUAGGCUUUAGAGAUAUAAGUCCUUCGAGACCCAAUACGUAUGUGUGCAAUCAGUCUCAUGAGAGCUGGAAAGAGGGAGCCGCUAAGACUAAGACUGGAUUUCGGGCUGGGAAAGAAUGUGACAUGGCGGCGUUAGGGAGCGACGGCGUUAAAGU
24	0.8292062282562256	0.8294573426246643	8	12	6	6	6	6	780	400	GCAGUUAAGCCUGGAGGAUGGUCAACCGACGCCACCCAUUUAUCACAUUCUUAAAUCGACAGACUCGAACCGGAUGGGGCGCUUCAGUCUGAGGACUGCGGCUCUAUCGACAAGAUGCAUCUACCUAUAAUCCGCCAGUCACCCGGCUGUUGGUUCUGCUGGAUGGAAGUAAGCUGCACGCAGUUACCCGUAUUGGGAAAAACGUAGAGAGUACAUAUUUUGAGAAGGCAAUUCAUGAAUUGGACAUAGGCUUUAGAGAUAUAAGUCCUUCGAGACCCAAUACGUAUGUGUGCAAUCAGUCUCAUGAGAGCUGGAAAGAGGGAGCCGCUAAGACUAAGACUGGAUUUCGGGCUGGGAAAGAAUGUGACAUGGCGGCGUUAGGGAGCGACGGCGUUAAAGU
24	0.8414981961250305	0.8416988253593445	9	12	6	6	6	6	780	400	GCAGUUAAGCCUGGAGGAUGGUCAACCGACGCCACCCAUUUAUCACAUUCUUAAAUCGACAGACUCGAACCGGAUGGGGCGCUUCAGUCUGAGGACUGCGGCUCUAUCGACAAGAUGCAUCUACCUAUAAUCCGCCAGUCACCCGGCUGUUGGUUCUGCUGGAUGGAAGUAAGCUGCACGCAGUUACCCGUAUUGGGAAAAACGUAGAGAGUACAUAUUUUGAGAAGGCAAUUCAUGAAUUGGACAUAGGCUUUAGAGAUAUAAGUCCUUCGAGACCCAAUACGUAUGUGUGCAAUCAGUCUCAUGAGAGCUGGAAAGAGGGAGCCGCUAAGACUAAGACUGGAUUUCGGGCUGGGAAAGAAUGUGACAUGGCGGCGUUAGGGAGCGACGGCGUUAAAGU
24	0.8460032939910889	0.8461538553237915	10	12	6	6	6	6	780	400	GCAGUUAAGCCUGGAGGAUGGUCAACCGACGCCACCCAUUUAUCACAUUCUUAAAUCGACAGACUCGAACCGGAUGGGGCGCUUCAGUCUGAGGACUGCGGCUCUAUCGACAAGAUGCAUCUACCUAUAAUCCGCCAGUCACCCGGCUGUUGGUUCUGCUGGAUGGAAGUAAGCUGCACGCAGUUACCCGUAUUGGGAAAAACGUAGAGAGUACAUAUUUUGAGAAGGCAAUUCAUGAAUUGGACAUAGGCUUUAGAGAUAUAAGUCCUUCGAGACCCAAUACGUAUGUGUGCAAUCAGUCUCAUGAGAGCUGGAAAGAGGGAGCCGCUAAGACUAAGACUGGAUUUCGGGCUGGGAAAGAAUGUGACAUGGCGGCGUUAGGGAGCGACGGCGUUAAAGU
24	0.9042242169380188	0.90421462059021	11	12	6	6	6	6	780	400	GCAGUUAAGCCUGGAGGAUGGUCAACCGACGCCACCCAUUUAUCACAUUCUUAAAUCGACAGACUCGAACCGGAUGGGGCGCUUCAGUCUGAGGACUGCGGCUCUAUCGACAAGAUGCAUCUACCUAUAAUCCGCCAGUCACCCGGCUGUUGGUUCUGCUGGAUGGAAGUAAGCUGCACGCAGUUACCCGUAUUGGGAAAAACGUAGAGAGUACAUAUUUUGAGAAGGCAAUUCAUGAAUUGGACAUAGGCUUUAGAGAUAUAAGUCCUUCGAGACCCAAUACGUAUGUGUGCAAUCAGUCUCAUGAGAGCUGGAAAGAGGGAGCCGCUAAGACUAAGACUGGAUUUCGGGCUGGGAAAGAAUGUGACAUGGCGGCGUUAGGGAGCGACGGCGUUAAAGU
24	0.9265840649604797	0.9266409277915955	12	12	6	6	6	6	780	400	GCAGUUAAGCCUGGAGGAUGGUCAACCGACGCCACCCAUUUAUCACAUUCUUAAAUCGACAGACUCGAACCGGAUGGGGCGCUUCAGUCUGAGGACUGCGGCUCUAUCGACAAGAUGCAUCUACCUAUAAUCCGCCAGUCACCCGGCUGUUGGUUCUGCUGGAUGGAAGUAAGCUGCACGCAGUUACCCGUAUUGGGAAAAACGUAGAGAGUACAUAUUUUGAGAAGGCAAUUCAUGAAUUGGACAUAGGCUUUAGAGAUAUAAGUCCUUCGAGACCCAAUACGUAUGUGUGCAAUCAGUCUCAUGAGAGCUGGAAAGAGGGAGCCGCUAAGACUAAGACUGGAUUUCGGGCUGGGAAAGAAUGUGACAUGGCGGCGUUAGGGAGCGACGGCGUUAAAGU
24	0.9195777773857117	0.9195402264595032	13	12	6	6	6	6	780	400	GCAGUUAAGCCUGGAGGAUGGUCAACCGACGCCACCCAUUUAUCACAUUCUUAAAUCGACAGACUCGAACCGGAUGGGGCGCUUCAGUCUGAGGACUGCGGCUCUAUCGACAAGAUGCAUCUACCUAUAAUCCGCCAGUCACCCGGCUGUUGGUUCUGCUGGAUGGAAGUAAGCUGCACGCAGUUACCCGUAUUGGGAAAAACGUAGAGAGUACAUAUUUUGAGAAGGCAAUUCAUGAAUUGGACAUAGGCUUUAGAGAUAUAAGUCCUUCGAGACCCAAUACGUAUGUGUGCAAUCAGUCUCAUGAGAGCUGGAAAGAGGGAGCCGCUAAGACUAAGACUGGAUUUCGGGCUGGGAAAGAAUGUGACAUGGCGGCGUUAGGGAGCGACGGCGUUAAAGU
24	0.9272545576095581	0.9272030591964722	14	12	6	6	6	6	780	400	GCAGUUAAGCCUGGAGGAUGGUCAACCGACGCCACCCAUUUAUCACAUUCUUAAAUCGACAGACUCGAACCGGAUGGGGCGCUUCAGUCUGAGGACUGCGGCUCUAUCGACAAGAUGCAUCUACCUAUAAUCCGCCAGUCACCCGGCUGUUGGUUCUGCUGGAUGGAAGUAAGCUGCACGCAGUUACCCGUAUUGGGAAAAACGUAGAGAGUACAUAUUUUGAGAAGGCAAUUCAUGAAUUGGACAUAGGCUUUAGAGAUAUAAGUCCUUCGAGACCCAAUACGUAUGUGUGCAAUCAGUCUCAUGAGAGCUGGAAAGAGGGAGCCGCUAAGACUAAGACUGGAUUUCGGGCUGGGAAAGAAUGUGACAUGGCGGCGUUAGGGAGCGACGGCGUUAAAGU
24	0.9127277135848999	0.9125475287437439	14	12	6	6	6	6	780	400	GCAGUUAAGCCUGGAGGAUGGUCAACCGACGCCACCCAUUUAUCACAUUCUUAAAUCGACAGACUCGAACCGGAUGGGGCGCUUCAGUCUGAGGACUGCGGCUCUAUCGACAAGAUGCAUCUACCUAUAAUCCGCCAGUCACCCGGCUGUUGGUUCUGCUGGAUGGAAGUAAGCUGCACGCAGUUACCCGUAUUGGGAAAAACGUAGAGAGUACAUAUUUUGAGAAGGCAAUUCAUGAAUUGGACAUAGGCUUUAGAGAUAUAAGUCCUUCGAGACCCAAUACGUAUGUGUGCAAUCAGUCUCAUGAGAGCUGGAAAGAGGGAGCCGCUAAGACUAAGACUGGAUUUCGGGCUGGGAAAGAAUGUGACAUGGCGGCGUUAGGGAGCGACGGCGUUAAAGU
24	0.9272545576095581	0.9272030591964722	14	12	6	6	6	6	780	400	GCAGUUAAGCCUGGAGGAUGGUCAACCGACGCCACCCAUUUAUCACAUUCUUAAAUCGACAGACUCGAACCGGAUGGGGCGCUUCAGUCUGAGGACUGCGGCUCUAUCGACAAGAUGCAUCUACCUAUAAUCCGCCAGUCACCCGGCUGUUGGUUCUGCUGGAUGGAAGUAAGCUGCACGCAGUUACCCGUAUUGGGAAAAACGUAGAGAGUACAUAUUUUGAGAAGGCAAUUCAUGAAUUGGACAUAGGCUUUAGAGAUAUAAGUCCUUCGAGACCCAAUACGUAUGUGUGCAAUCAGUCUCAUGAGAGCUGGAAAGAGGGAGCCGCUAAGACUAAGACUGGAUUUCGGGCUGGGAAAGAAUGUGACAUGGCGGCGUUAGGGAGCGACGGCGUUAAAGU
24	0.9093593955039978	0.9090909361839294	14	12	6	6	6	6	780	400	GCAGUUAAGCCUGGAGGAUGGUCAACCGACGCCACCCAUUUAUCACAUUCUUAAAUCGACAGACUCGAACCGGAUGGGGCGCUUCAGUCUGAGGACUGCGGCUCUAUCGACAAGAUGCAUCUACCUAUAAUCCGCCAGUCACCCGGCUGUUGGUUCUGCUGGAUGGAAGUAAGCUGCACGCAGUUACCCGUAUUGGGAAAAACGUAGAGAGUACAUAUUUUGAGAAGGCAAUUCAUGAAUUGGACAUAGGCUUUAGAGAUAUAAGUCCUUCGAGACCCAAUACGUAUGUGUGCAAUCAGUCUCAUGAGAGCUGGAAAGAGGGAGCCGCUAAGACUAAGACUGGAUUUCGGGCUGGGAAAGAAUGUGACAUGGCGGCGUUAGGGAGCGACGGCGUUAAAGU
24	0.9579617381095886	0.9578543901443481	13	12	6	6	6	6	780	400	GCAGUUAAGCCUGGAGGAUGGUCAACCGACGCCACCCAUUUAUCACAUUCUUAAAUCGACAGACUCGAACCGGAUGGGGCGCUUCAGUCUGAGGACUGCGGCUCUAUCGACAAGAUGCAUCUACCUAUAAUCCGCCAGUCACCCGGCUGUUGGUUCUGCUGGAUGGAAGUAAGCUGCACGCAGUUACCCGUAUUGGGAAAAACGUAGAGAGUACAUAUUUUGAGAAGGCAAUUCAUGAAUUGGACAUAGGCUUUAGAGAUAUAAGUCCUUCGAGACCCAAUACGUAUGUGUGCAAUCAGUCUCAUGAGAGCUGGAAAGAGGGAGCCGCUAAGACUAAGACUGGAUUUCGGGCUGGGAAAGAAUGUGACAUGGCGGCGUUAGGGAGCGACGGCGUUAAAGU
24	0.9652594327926636	0.9652509689331055	13	12	6	6	6	6	780	400	GCAGUUAAGCCUGGAGGAUGGUCAACCGACGCCACCCAUUUAUCACAUUCUUAAAUCGACAGACUCGAACCGGAUGGGGCGCUUCAGUCUGAGGACUGCGGCUCUAUCGACAAGAUGCAUCUACCUAUAAUCCGCCAGUCACCCGGCUGUUGGUUCUGCUGGAUGGAAGUAAGCUGCACGCAGUUACCCGUAUUGGGAAAAACGUAGAGAGUACAUAUUUUGAGAAGGCAAUUCAUGAAUUGGACAUAGGCUUUAGAGAUAUAAGUCCUUCGAGACCCAAUACGUAUGUGUGCAAUCAGUCUCAUGAGAGCUGGAAAGAGGGAGCCGCUAAGACUAAGACUGGAUUUCGGGCUGGGAAAGAAUGUGACAUGGCGGCGUUAGGGAGCGACGGCGUUAAAGU
24	0.9272545576095581	0.9272030591964722	14	12	6	6	6	6	780	400	GCAGUUAAGCCUGGAGGAUGGUCAACCGACGCCACCCAUUUAUCACAUUCUUAAAUCGACAGACUCGAACCGGAUGGGGCGCUUCAGUCUGAGGACUGCGGCUCUAUCGACAAGAUGCAUCUACCUAUAAUCCGCCAGUCACCCGGCUGUUGGUUCUGCUGGAUGGAAGUAAGCUGCACGCAGUUACCCGUAUUGGGAAAAACGUAGAGAGUACAUAUUUUGAGAAGGCAAUUCAUGAAUUGGACAUAGGCUUUAGAGAUAUAAGUCCUUCGAGACCCAAUACGUAUGUGUGCAAUCAGUCUCAUGAGAGCUGGAAAGAGGGAGCCGCUAAGACUAAGACUGGAUUUCGGGCUGGGAAAGAAUGUGACAUGGCGGCGUUAGGGAGCGACGGCGUUAAAGU
24	0.950285017490387	0.9501915574073792	14	12	6	6	6	6	780	400	GCAGUUAAGCCUGGAGGAUGGUCAACCGACGCCACCCAUUUAUCACAUUCUUAAAUCGACAGACUCGAACCGGAUGGGGCGCUUCAGUCUGAGGACUGCGGCUCUAUCGACAAGAUGCAUCUACCUAUAAUCCGCCAGUCACCCGGCUGUUGGUUCUGCUGGAUGGAAGUAAGCUGCACGCAGUUACCCGUAUUGGGAAAAACGUAGAGAGUACAUAUUUUGAGAAGGCAAUUCAUGAAUUGGACAUAGGCUUUAGAGAUAUAAGUCCUUCGAGACCCAAUACGUAUGUGUGCAAUCAGUCUCAUGAGAGCUGGAAAGAGGGAGCCGCUAAGACUAAGACUGGAUUUCGGGCUGGGAAAGAAUGUGACAUGGCGGCGUUAGGGAGCGACGGCGUUAAAGU
24	0.9195777773857117	0.9195402264595032	14	12	6	6	6	6	780	400	GCAGUUAAGCCUGGAGGAUGGUCAACCGACGCCACCCAUUUAUCACAUUCUUAAAUCGACAGACUCGAACCGGAUGGGGCGCUUCAGUCUGAGGACUGCGGCUCUAUCGACAAGAUGCAUCUACCUAUAAUCCGCCAGUCACCCGGCUGUUGGUUCUGCUGGAUGGAAGUAAGCUGCACGCAGUUACCCGUAUUGGGAAAAACGUAGAGAGUACAUAUUUUGAGAAGGCAAUUCAUGAAUUGGACAUAGGCUUUAGAGAUAUAAGUCCUUCGAGACCCAAUACGUAUGUGUGCAAUCAGUCUCAUGAGAGCUGGAAAGAGGGAGCCGCUAAGACUAAGACUGGAUUUCGGGCUGGGAAAGAAUGUGACAUGGCGGCGUUAGGGAGCGACGGCGUUAAAGU
24	0.9272545576095581	0.9272030591964722	14	12	6	6	6	6	780	400	GCAGUUAAGCCUGGAGGAUGGUCAACCGACGCCACCCAUUUAUCACAUUCUUAAAUCGACAGACUCGAACCGGAUGGGGCGCUUCAGUCUGAGGACUGCGGCUCUAUCGACAAGAUGCAUCUACCUAUAAUCCGCCAGUCACCCGGCUGUUGGUUCUGCUGGAUGGAAGUAAGCUGCACGCAGUUACCCGUAUUGGGAAAAACGUAGAGAGUACAUAUUUUGAGAAGGCAAUUCAUGAAUUGGACAUAGGCUUUAGAGAUAUAAGUCCUUCGAGACCCAAUACGUAUGUGUGCAAUCAGUCUCAUGAGAGCUGGAAAGAGGGAGCCGCUAAGACUAAGACUGGAUUUCGGGCUGGGAAAGAAUGUGACAUGGCGGCGUUAGGGAGCGACGGCGUUAAAGU
24	0.9119009971618652	0.9118773937225342	14	12	6	6	6	6	780	400	GCAGUUAAGCCUGGAGGAUGGUCAACCGACGCCACCCAUUUAUCACAUUCUUAAAUCGACAGACUCGAACCGGAUGGGGCGCUUCAGUCUGAGGACUGCGGCUCUAUCGACAAGAUGCAUCUACCUAUAAUCCGCCAGUCACCCGGCUGUUGGUUCUGCUGGAUGGAAGUAAGCUGCACGCAGUUACCCGUAUUGGGAAAAACGUAGAGAGUACAUAUUUUGAGAAGGCAAUUCAUGAAUUGGACAUAGGCUUUAGAGAUAUAAGUCCUUCGAGACCCAAUACGUAUGUGUGCAAUCAGUCUCAUGAGAGCUGGAAAGAGGGAGCCGCUAAGACUAAGACUGGAUUUCGGGCUGGGAAAGAAUGUGACAUGGCGGCGUUAGGGAGCGACGGCGUUAAAGU
24	0.9432070255279541	0.9429658055305481	14	12	6	6	6	6	780	400	GCAGUUAAGCCUGGAGGAUGGUCAACCGACGCCACCCAUUUAUCACAUUCUUAAAUCGACAGACUCGAACCGGAUGGGGCGCUUCAGUCUGAGGACUGCGGCUCUAUCGACAAGAUGCAUCUACCUAUAAUCCGCCAGUCACCCGGCUGUUGGUUCUGCUGGAUGGAAGUAAGCUGCACGCAGUUACCCGUAUUGGGAAAAACGUAGAGAGUACAUAUUUUGAGAAGGCAAUUCAUGAAUUGGACAUAGGCUUUAGAGAUAUAAGUCCUUCGAGACCCAAUACGUAUGUGUGCAAUCAGUCUCAUGAGAGCUGGAAAGAGGGAGCCGCUAAGACUAAGACUGGAUUUCGGGCUGGGAAAGAAUGUGACAUGGCGGCGUUAGGGAGCGACGGCGUUAAAGU
24	0.950285017490387	0.9501915574073792	14	12	6	6	6	6	780	400	GCAGUUAAGCCUGGAGGAUGGUCAACCGACGCCACCCAUUUAUCACAUUCUUAAAUCGACAGACUCGAACCGGAUGGGGCGCUUCAGUCUGAGGACUGCGGCUCUAUCGACAAGAUGCAUCUACCUAUAAUCCGCCAGUCACCCGGCUGUUGGUUCUGCUGGAUGGAAGUAAGCUGCACGCAGUUACCCGUAUUGGGAAAAACGUAGAGAGUACAUAUUUUGAGAAGGCAAUUCAUGAAUUGGACAUAGGCUUUAGAGAUAUAAGUCCUUCGAGACCCAAUACGUAUGUGUGCAAUCAGUCUCAUGAGAGCUGGAAAGAGGGAGCCGCUAAGACUAAGACUGGAUUUCGGGCUGGGAAAGAAUGUGACAUGGCGGCGUUAGGGAGCGACGGCGUUAAAGU
24	0.9579617381095886	0.9578543901443481	14	12	6	6	6	6	780	400	GCAGUUAAGCCUGGAGGAUGGUCAACCGACGCCACCCAUUUAUCACAUUCUUAAAUCGACAGACUCGAACCGGAUGGGGCGCUUCAGUCUGAGGACUGCGGCUCUAUCGACAAGAUGCAUCUACCUAUAAUCCGCCAGUCACCCGGCUGUUGGUUCUGCUGGAUGGAAGUAAGCUGCACGCAGUUACCCGUAUUGGGAAAAACGUAGAGAGUACAUAUUUUGAGAAGGCAAUUCAUGAAUUGGACAUAGGCUUUAGAGAUAUAAGUCCUUCGAGACCCAAUACGUAUGUGUGCAAUCAGUCUCAUGAGAGCUGGAAAGAGGGAGCCGCUAAGACUAAGACUGGAUUUCGGGCUGGGAAAGAAUGUGACAUGGCGGCGUUAGGGAGCGACGGCGUUAAAGU
24	0.8855410218238831	0.8854961395263672	15	12	6	6	6	6	780	400	GCAGUUAAGCCUGGAGGAUGGUCAACCGACGCCACCCAUUUAUCACAUUCUUAAAUCGACAGACUCGAACCGGAUGGGGCGCUUCAGUCUGAGGACUGCGGCUCUAUCGACAAGAUGCAUCUACCUAUAAUCCGCCAGUCACCCGGCUGUUGGUUCUGCUGGAUGGAAGUAAGCUGCACGCAGUUACCCGUAUUGGGAAAAACGUAGAGAGUACAUAUUUUGAGAAGGCAAUUCAUGAAUUGGACAUAGGCUUUAGAGAUAUAAGUCCUUCGAGACCCAAUACGUAUGUGUGCAAUCAGUCUCAUGAGAGCUGGAAAGAGGGAGCCGCUAAGACUAAGACUGGAUUUCGGGCUGGGAAAGAAUGUGACAUGGCGGCGUUAGGGAGCGACGGCGUUAAAGU
24	0.9195777773857117	0.9195402264595032	14	12	6	6	6	6	780	400	GCAGUUAAGCCUGGAGGAUGGUCAACCGACGCCACCCAUUUAUCACAUUCUUAAAUCGACAGACUCGAACCGGAUGGGGCGCUUCAGUCUGAGGACUGCGGCUCUAUCGACAAGAUGCAUCUACCUAUAAUCCGCCAGUCACCCGGCUGUUGGUUCUGCUGGAUGGAAGUAAGCUGCACGCAGUUACCCGUAUUGGGAAAAACGUAGAGAGUACAUAUUUUGAGAAGGCAAUUCAUGAAUUGGACAUAGGCUUUAGAGAUAUAAGUCCUUCGAGACCCAAUACGUAUGUGUGCAAUCAGUCUCAUGAGAGCUGGAAAGAGGGAGCCGCUAAGACUAAGACUGGAUUUCGGGCUGGGAAAGAAUGUGACAUGGCGGCGUUAGGGAGCGACGGCGUUAAAGU
25	0.3373510539531708	0.33725491166114807	1	12	6	6	6	6	780	400	GAGCACAAUGCAUGACCUCGGAAGACUGAGGCAGCCCGUAUGGUAGGAAAUUCCUAGUAUAAGCGAACCAUGCUCCCCUGUCUAGCAUCGGAGUGUGGAUUCCCCGUGUCUGAUUGGCGUUGCGAAACUUUUUCUUCGAGUUCCACUUUACGACUUCCGCCUCGGAAAUGAAGGAUAUUGCUGGCUUACCCCUCCUGGCCAAAGAACUGUCGUCAAAGCUUGUUCCGAUCUCACCUGUCGCCCGCAAUCCUUUGAUAUUGGGACACAUUCCAUGUAGCUUGAGGAGCCGGUGACCAUCGAUCCUUACCUGAGUUUAACCCCGCUUUGGACUGGAUUUGGGAUUUGUCGAAGUGGUAGGAUCCCCGUCAAUCGUUUUGGGCCGUCCUAGGCUUCCCUUUAC
25	0.606260359287262	0.6068376302719116	2	12	6	6	6	6	780	400	GAGCACAAUGCAUGACCUCGGAAGACUGAGGCAGCCCGUAUGGUAGGAAAUUCCUAGUAUAAGCGAACCAUGCUCCCCUGUCUAGCAUCGGAGUGUGGAUUCCCCGUGUCUGAUUGGCGUUGCGAAACUUUUUCUUCGAGUUCCACUUUACGACUUCCGCCUCGGAAAUGAAGGAUAUUGCUGGCUUACCCCUCCUGGCCAAAGAACUGUCGUCAAAGCUUGUUCCGAUCUCACCUGUCGCCCGCAAUCCUUUGAUAUUGGGACACAUUCCAUGUAGCUUGAGGAGCCGGUGACCAUCGAUCCUUACCUGAGUUUAACCCCGCUUUGGACUGGAUUUGGGAUUUGUCGAAGUGGUAGGAUCCCCGUCAAUCGUUUUGGGCCGUCCUAGGCUUCCCUUUAC
25	0.8786720633506775	0.878661036491394	3	12	6	6	6	6	780	400	GAGCACAAUGCAUGACCUCGGAAGACUGAGGCAGCCCGUAUGGUAGGAAAUUCCUAGUAUAAGCGAACCAUGCUCCCCUGUCUAGCAUCGGAGUGUGGAUUCCCCGUGUCUGAUUGGCGUUGCGAAACUUUUUCUUCGAGUUCCACUUUACGACUUCCGCCUCGGAAAUGAAGGAUAUUGCUGGCUUACCCCUCCUGGCCAAAGAACUGUCGUCAAAGCUUGUUCCGAUCUCACCUGUCGCCCGCAAUCCUUUGAUAUUGGGACACAUUCCAUGUAGCUUGAGGAGCCGGUGACCAUCGAUCCUUACCUGAGUUUAACCCCGCUUUGGACUGGAUUUGGGAUUUGUCGAAGUGGUAGGAUCCCCGUCAAUCGUUUUGGGCCGUCCUAGGCUUCCCUUUAC
25	0.5691217184066772	0.5691056847572327	4	12	6	6	6	6	780	400	GAGCACAAUGCAUGACCUCGGAAGACUGAGGCAGCCCGUAUGGUAGGAAAUUCCUAGUAUAAGCGAACCAUGCUCCCCUGUCUAGCAUCGGAGUGUGGAUUCCCCGUGUCUGAUUGGCGUUGCGAAACUUUUUCUUCGAGUUCCACUUUACGACUUCCGCCUCGGAAAUGAAGGAUAUUGCUGGCUUACCCCUCCUGGCCAAAGAACUGUCGUCAAAGCUUGUUCCGAUCUCACCUGUCGCCCGCAAUCCUUUGAUAUUGGGACACAUUCCAUGUAGCUUGAGGAGCCGGUGACCAUCGAUCCUUACCUGAGUUUAACCCCGCUUUGGACUGGAUUUGGGAUUUGUCGAAGUGGUAGGAUCCCCGUCAAUCGUUUUGGGCCGUCCUAGGCUUCCCUUUAC
25	0.9190380573272705	0.9191489219665527	5	12	6	6	6	6	780	400	GAGCACAAUGCAUGACCUCGGAAGACUGAGGCAGCCCGUAUGGUAGGAAAUUCCUAGUAUAAGCGAACCAUGCUCCCCUGUCUAGCAUCGGAGUGUGGAUUCCCCGUGUCUGAUUGGCGUUGCGAAACUUUUUCUUCGAGUUCCACUUUACGACUUCCGCCUCGGAAAUGAAGGAUAUUGCUGGCUUACCCCUCCUGGCCAAAGAACUGUCGUCAAAGCUUGUUCCGAUCUCACCUGUCGCCCGCAAUCCUUUGAUAUUGGGACACAUUCCAUGUAGCUUGAGGAGCCGGUGACCAUCGAUCCUUACCUGAGUUUAACCCCGCUUUGGACUGGAUUUGGGAUUUGUCGAAGUGGUAGGAUCCCCGUCAAUCGUUUUGGGCCGUCCUAGGCUUCCCUUUAC
25	0.9151617288589478	0.9152542352676392	6	12	6	6	6	6	780	400	GAGCACAAUGCAUGACCUCGGAAGACUGAGGCAGCCCGUAUGGUAGGAAAUUCCUAGUAUAAGCGAACCAUGCUCCCCUGUCUAGCAUCGGAGUGUGGAUUCCCCGUGUCUGAUUGGCGUUGCGAAACUUUUUCUUCGAGUUCCACUUUACGACUUCCGCCUCGGAAAUGAAGGAUAUUGCUGGCUUACCCCUCCUGGCCAAAGAACUGUCGUCAAAGCUUGUUCCGAUCUCACCUGUCGCCCGCAAUCCUUUGAUAUUGGGACACAUUCCAUGUAGCUUGAGGAGCCGGUGACCAUCGAUCCUUACCUGAGUUUAACCCCGCUUUGGACUGGAUUUGGGAUUUGUCGAAGUGGUAGGAUCCCCGUCAAUCGUUUUGGGCCGUCCUAGGCUUCCCUUUAC
25	0.9373501539230347	0.9372383952140808	7	12	6	6	6	6	780	400	GAGCACAAUGCAUGACCUCGGAAGACUGAGGCAGCCCGUAUGGUAGGAAAUUCCUAGUAUAAGCGAACCAUGCUCCCCUGUCUAGCAUCGGAGUGUGGAUUCCCCGUGUCUGAUUGGCGUUGCGAAACUUUUUCUUCGAGUUCCACUUUACGACUUCCGCCUCGGAAAUGAAGGAUAUUGCUGGCUUACCCCUCCUGGCCAAAGAACUGUCGUCAAAGCUUGUUCCGAUCUCACCUGUCGCCCGCAAUCCUUUGAUAUUGGGACACAUUCCAUGUAGCUUGAGGAGCCGGUGACCAUCGAUCCUUACCUGAGUUUAACCCCGCUUUGGACUGGAUUUGGGAUUUGUCGAAGUGGUAGGAUCCCCGUCAAUCGUUUUGGGCCGUCCUAGGCUUCCCUUUAC
25	0.9251771569252014	0.925000011920929	8	12	6	6	6	6	780	400	GAGCACAAUGCAUGACCUCGGAAGACUGAGGCAGCCCGUAUGGUAGGAAAUUCCUAGUAUAAGCGAACCAUGCUCCCCUGUCUAGCAUCGGAGUGUGGAUUCCCCGUGUCUGAUUGGCGUUGCGAAACUUUUUCUUCGAGUUCCACUUUACGACUUCCGCCUCGGAAAUGAAGGAUAUUGCUGGCUUACCCCUCCUGGCCAAAGAACUGUCGUCAAAGCUUGUUCCGAUCUCACCUGUCGCCCGCAAUCCUUUGAUAUUGGGACACAUUCCAUGUAGCUUGAGGAGCCGGUGACCAUCGAUCCUUACCUGAGUUUAACCCCGCUUUGGACUGGAUUUGGGAUUUGUCGAAGUGGUAGGAUCCCCGUCAAUCGUUUUGGGCCGUCCUAGGCUUCCCUUUAC
25	0.899136483669281	0.8991597294807434	9	12	6	6	6	6	780	400	GAGCACAAUGCAUGACCUCGGAAGACUGAGGCAGCCCGUAUGGUAGGAAAUUCCUAGUAUAAGCGAACCAUGCUCCCCUGUCUAGCAUCGGAGUGUGGAUUCCCCGUGUCUGAUUGGCGUUGCGAAACUUUUUCUUCGAGUUCCACUUUACGACUUCCGCCUCGGAAAUGAAGGAUAUUGCUGGCUUACCCCUCCUGGCCAAAGAACUGUCGUCAAAGCUUGUUCCGAUCUCACCUGUCGCCCGCAAUCCUUUGAUAUUGGGACACAUUCCAUGUAGCUUGAGGAGCCGGUGACCAUCGAUCCUUACCUGAGUUUAACCCCGCUUUGGACUGGAUUUGGGAUUUGUCGAAGUGGUAGGAUCCCCGUCAAUCGUUUUGGGCCGUCCUAGGCUUCCCUUUAC
25	0.9001317024230957	0.8999999761581421	10	12	6	6	6	6	780	400	GAGCACAAUGCAUGACCUCGGAAGACUGAGGCAGCCCGUAUGGUAGGAAAUUCCUAGUAUAAGCGAACCAUGCUCCCCUGUCUAGCAUCGGAGUGUGGAUUCCCCGUGUCUGAUUGGCGUUGCGAAACUUUUUCUUCGAGUUCCACUUUACGACUUCCGCCUCGGAAAUGAAGGAUAUUGCUGGCUUACCCCUCCUGGCCAAAGAACUGUCGUCAAAGCUUGUUCCGAUCUCACCUGUCGCCCGCAAUCCUUUGAUAUUGGGACACAUUCCAUGUAGCUUGAGGAGCCGGUGACCAUCGAUCCUUACCUGAGUUUAACCCCGCUUUGGACUGGAUUUGGGAUUUGUCGAAGUGGUAGGAUCCCCGUCAAUCGUUUUGGGCCGUCCUAGGCUUCCCUUUAC
25	0.9168286919593811	0.9166666865348816	11	12	6	6	6	6	780	400	GAGCACAAUGCAUGACCUCGGAAGACUGAGGCAGCCCGUAUGGUAGGAAAUUCCUAGUAUAAGCGAACCAUGCUCCCCUGUCUAGCAUCGGAGUGUGGAUUCCCCGUGUCUGAUUGGCGUUGCGAAACUUUUUCUUCGAGUUCCACUUUACGACUUCCGCCUCGGAAAUGAAGGAUAUUGCUGGCUUACCCCUCCUGGCCAAAGAACUGUCGUCAAAGCUUGUUCCGAUCUCACCUGUCGCCCGCAAUCCUUUGAUAUUGGGACACAUUCCAUGUAGCUUGAGGAGCCGGUGACCAUCGAUCCUUACCUGAGUUUAACCCCGCUUUGGACUGGAUUUGGGAUUUGUCGAAGUGGUAGGAUCCCCGUCAAUCGUUUUGGGCCGUCCUAGGCUUCCCUUUAC
25	0.9113339185714722	0.9113923907279968	12	12	6	6	6	6	780	400	GAGCACAAUGCAUGACCUCGGAAGACUGAGGCAGCCCGUAUGGUAGGAAAUUCCUAGUAUAAGCGAACCAUGCUCCCCUGUCUAGCAUCGGAGUGUGGAUUCCCCGUGUCUGAUUGGCGUUGCGAAACUUUUUCUUCGAGUUCCACUUUACGACUUCCGCCUCGGAAAUGAAGGAUAUUGCUGGCUUACCCCUCCUGGCCAAAGAACUGUCGUCAAAGCUUGUUCCGAUCUCACCUGUCGCCCGCAAUCCUUUGAUAUUGGGACACAUUCCAUGUAGCUUGAGGAGCCGGUGACCAUCGAUCCUUACCUGAGUUUAACCCCGCUUUGGACUGGAUUUGGGAUUUGUCGAAGUGGUAGGAUCCCCGUCAAUCGUUUUGGGCCGUCCUAGGCUUCCCUUUAC
25	0.8014572858810425	0.8016878366470337	13	12	6	6	6	6	780	400	GAGCACAAUGCAUGACCUCGGAAGACUGAGGCAGCCCGUAUGGUAGGAAAUUCCUAGUAUAAGCGAACCAUGCUCCCCUGUCUAGCAUCGGAGUGUGGAUUCCCCGUGUCUGAUUGGCGUUGCGAAACUUUUUCUUCGAGUUCCACUUUACGACUUCCGCCUCGGAAAUGAAGGAUAUUGCUGGCUUACCCCUCCUGGCCAAAGAACUGUCGUCAAAGCUUGUUCCGAUCUCACCUGUCGCCCGCAAUCCUUUGAUAUUGGGACACAUUCCAUGUAGCUUGAGGAGCCGGUGACCAUCGAUCCUUACCUGAGUUUAACCCCGCUUUGGACUGGAUUUGGGAUUUGUCGAAGUGGUAGGAUCCCCGUCAAUCGUUUUGGGCCGUCCUAGGCUUCCCUUUAC
25	0.868043839931488	0.8677685856819153	14	12	6	6	6	6	780	400	GAGCACAAUGCAUGACCUCGGAAGACUGAGGCAGCCCGUAUGGUAGGAAAUUCCUAGUAUAAGCGAACCAUGCUCCCCUGUCUAGCAUCGGAGUGUGGAUUCCCCGUGUCUGAUUGGCGUUGCGAAACUUUUUCUUCGAGUUCCACUUUACGACUUCCGCCUCGGAAAUGAAGGAUAUUGCUGGCUUACCCCUCCUGGCCAAAGAACUGUCGUCAAAGCUUGUUCCGAUCUCACCUGUCGCCCGCAAUCCUUUGAUAUUGGGACACAUUCCAUGUAGCUUGAGGAGCCGGUGACCAUCGAUCCUUACCUGAGUUUAACCCCGCUUUGGACUGGAUUUGGGAUUUGUCGAAGUGGUAGGAUCCCCGUCAAUCGUUUUGGGCCGUCCUAGGCUUCCCUUUAC
25	0.7800807952880859	0.7800830006599426	14	12	6	6	6	6	780	400	GAGCACAAUGCAUGACCUCGGAAGACUGAGGCAGCCCGUAUGGUAGGAAAUUCCUAGUAUAAGCGAACCAUGCUCCCCUGUCUAGCAUCGGAGUGUGGAUUCCCCGUGUCUGAUUGGCGUUGCGAAACUUUUUCUUCGAGUUCCACUUUACGACUUCCGCCUCGGAAAUGAAGGAUAUUGCUGGCUUACCCCUCCUGGCCAAAGAACUGUCGUCAAAGCUUGUUCCGAUCUCACCUGUCGCCCGCAAUCCUUUGAUAUUGGGACACAUUCCAUGUAGCUUGAGGAGCCGGUGACCAUCGAUCCUUACCUGAGUUUAACCCCGCUUUGGACUGGAUUUGGGAUUUGUCGAAGUGGUAGGAUCCCCGUCAAUCGUUUUGGGCCGUCCUAGGCUUCCCUUUAC
25	0.8846069574356079	0.8842974901199341	14	12	6	6	6	6	780	400	GAGCACAAUGCAUGACCUCGGAAGACUGAGGCAGCCCGUAUGGUAGGAAAUUCCUAGUAUAAGCGAACCAUGCUCCCCUGUCUAGCAUCGGAGUGUGGAUUCCCCGUGUCUGAUUGGCGUUGCGAAACUUUUUCUUCGAGUUCCACUUUACGACUUCCGCCUCGGAAAUGAAGGAUAUUGCUGGCUUACCCCUCCUGGCCAAAGAACUGUCGUCAAAGCUUGUUCCGAUCUCACCUGUCGCCCGCAAUCCUUUGAUAUUGGGACACAUUCCAUGUAGCUUGAGGAGCCGGUGACCAUCGAUCCUUACCUGAGUUUAACCCCGCUUUGGACUGGAUUUGGGAUUUGUCGAAGUGGUAGGAUCCCCGUCAAUCGUUUUGGGCCGUCCUAGGCUUCCCUUUAC
25	0.929747462272644	0.9294605851173401	15	12	6	6	6	6	780	400	GAGCACAAUGCAUGACCUCGGAAGACUGAGGCAGCCCGUAUGGUAGGAAAUUCCUAGUAUAAGCGAACCAUGCUCCCCUGUCUAGCAUCGGAGUGUGGAUUCCCCGUGUCUGAUUGGCGUUGCGAAACUUUUUCUUCGAGUUCCACUUUACGACUUCCGCCUCGGAAAUGAAGGAUAUUGCUGGCUUACCCCUCCUGGCCAAAGAACUGUCGUCAAAGCUUGUUCCGAUCUCACCUGUCGCCCGCAAUCCUUUGAUAUUGGGACACAUUCCAUGUAGCUUGAGGAGCCGGUGACCAUCGAUCCUUACCUGAGUUUAACCCCGCUUUGGACUGGAUUUGGGAUUUGUCGAAGUGGUAGGAUCCCCGUCAAUCGUUUUGGGCCGUCCUAGGCUUCCCUUUAC
25	0.7717660069465637	0.771784245967865	15	12	6	6	6	6	780	400	GAGCACAAUGCAUGACCUCGGAAGACUGAGGCAGCCCGUAUGGUAGGAAAUUCCUAGUAUAAGCGAACCAUGCUCCCCUGUCUAGCAUCGGAGUGUGGAUUCCCCGUGUCUGAUUGGCGUUGCGAAACUUUUUCUUCGAGUUCCACUUUACGACUUCCGCCUCGGAAAUGAAGGAUAUUGCUGGCUUACCCCUCCUGGCCAAAGAACUGUCGUCAAAGCUUGUUCCGAUCUCACCUGUCGCCCGCAAUCCUUUGAUAUUGGGACACAUUCCAUGUAGCUUGAGGAGCCGGUGACCAUCGAUCCUUACCUGAGUUUAACCCCGCUUUGGACUGGAUUUGGGAUUUGUCGAAGUGGUAGGAUCCCCGUCAAUCGUUUUGGGCCGUCCUAGGCUUCCCUUUAC
25	0.8398398160934448	0.8395061492919922	14	12	6	6	6	6	780	400	GAGCACAAUGCAUGACCUCGGAAGACUGAGGCAGCCCGUAUGGUAGGAAAUUCCUAGUAUAAGCGAACCAUGCUCCCCUGUCUAGCAUCGGAGUGUGGAUUCCCCGUGUCUGAUUGGCGUUGCGAAACUUUUUCUUCGAGUUCCACUUUACGACUUCCGCCUCGGAAAUGAAGGAUAUUGCUGGCUUACCCCUCCUGGCCAAAGAACUGUCGUCAAAGCUUGUUCCGAUCUCACCUGUCGCCCGCAAUCCUUUGAUAUUGGGACACAUUCCAUGUAGCUUGAGGAGCCGGUGACCAUCGAUCCUUACCUGAGUUUAACCCCGCUUUGGACUGGAUUUGGGAUUUGUCGAAGUGGUAGGAUCCCCGUCAAUCGUUUUGGGCCGUCCUAGGCUUCCCUUUAC
25	0.8907194137573242	0.8907563090324402	14	12	6	6	6	6	780	400	GAGCACAAUGCAUGACCUCGGAAGACUGAGGCAGCCCGUAUGGUAGGAAAUUCCUAGUAUAAGCGAACCAUGCUCCCCUGUCUAGCAUCGGAGUGUGGAUUCCCCGUGUCUGAUUGGCGUUGCGAAACUUUUUCUUCGAGUUCCACUUUACGACUUCCGCCUCGGAAAUGAAGGAUAUUGCUGGCUUACCCCUCCUGGCCAAAGAACUGUCGUCAAAGCUUGUUCCGAUCUCACCUGUCGCCCGCAAUCCUUUGAUAUUGGGACACAUUCCAUGUAGCUUGAGGAGCCGGUGACCAUCGAUCCUUACCUGAGUUUAACCCCGCUUUGGACUGGAUUUGGGAUUUGUCGAAGUGGUAGGAUCCCCGUCAAUCGUUUUGGGCCGUCCUAGGCUUCCCUUUAC
25	0.7218770980834961	0.721991777420044	14	12	6	6	6	6	780	400	GAGCACAAUGCAUGACCUCGGAAGACUGAGGCAGCCCGUAUGGUAGGAAAUUCCUAGUAUAAGCGAACCAUGCUCCCCUGUCUAGCAUCGGAGUGUGGAUUCCCCGUGUCUGAUUGGCGUUGCGAAACUUUUUCUUCGAGUUCCACUUUACGACUUCCGCCUCGGAAAUGAAGGAUAUUGCUGGCUUACCCCUCCUGGCCAAAGAACUGUCGUCAAAGCUUGUUCCGAUCUCACCUGUCGCCCGCAAUCCUUUGAUAUUGGGACACAUUCCAUGUAGCUUGAGGAGCCGGUGACCAUCGAUCCUUACCUGAGUUUAACCCCGCUUUGGACUGGAUUUGGGAUUUGUCGAAGUGGUAGGAUCCCCGUCAAUCGUUUUGGGCCGUCCUAGGCUUCCCUUUAC
25	0.9131178259849548	0.9128630757331848	14	12	6	6	6	6	780	400	GAGCACAAUGCAUGACCUCGGAAGACUGAGGCAGCCCGUAUGGUAGGAAAUUCCUAGUAUAAGCGAACCAUGCUCCCCUGUCUAGCAUCGGAGUGUGGAUUCCCCGUGUCUGAUUGGCGUUGCGAAACUUUUUCUUCGAGUUCCACUUUACGACUUCCGCCUCGGAAAUGAAGGAUAUUGCUGGCUUACCCCUCCUGGCCAAAGAACUGUCGUCAAAGCUUGUUCCGAUCUCACCUGUCGCCCGCAAUCCUUUGAUAUUGGGACACAUUCCAUGUAGCUUGAGGAGCCGGUGACCAUCGAUCCUUACCUGAGUUUAACCCCGCUUUGGACUGGAUUUGGGAUUUGUCGAAGUGGUAGGAUCCCCGUCAAUCGUUUUGGGCCGUCCUAGGCUUCCCUUUAC
25	0.8199939727783203	0.8200836181640625	14	12	6	6	6	6	780	400	GAGCACAAUGCAUGACCUCGGAAGACUGAGGCAGCCCGUAUGGUAGGAAAUUCCUAGUAUAAGCGAACCAUGCUCCCCUGUCUAGCAUCGGAGUGUGGAUUCCCCGUGUCUGAUUGGCGUUGCGAAACUUUUUCUUCGAGUUCCACUUUACGACUUCCGCCUCGGAAAUGAAGGAUAUUGCUGGCUUACCCCUCCUGGCCAAAGAACUGUCGUCAAAGCUUGUUCCGAUCUCACCUGUCGCCCGCAAUCCUUUGAUAUUGGGACACAUUCCAUGUAGCUUGAGGAGCCGGUGACCAUCGAUCCUUACCUGAGUUUAACCCCGCUUUGGACUGGAUUUGGGAUUUGUCGAAGUGGUAGGAUCCCCGUCAAUCGUUUUGGGCCGUCCUAGGCUUCCCUUUAC
25	0.8728344440460205	0.8724279999732971	14	12	6	6	6	6	780	400	GAGCACAAUGCAUGACCUCGGAAGACUGAGGCAGCCCGUAUGGUAGGAAAUUCCUAGUAUAAGCGAACCAUGCUCCCCUGUCUAGCAUCGGAGUGUGGAUUCCCCGUGUCUGAUUGGCGUUGCGAAACUUUUUCUUCGAGUUCCACUUUACGACUUCCGCCUCGGAAAUGAAGGAUAUUGCUGGCUUACCCCUCCUGGCCAAAGAACUGUCGUCAAAGCUUGUUCCGAUCUCACCUGUCGCCCGCAAUCCUUUGAUAUUGGGACACAUUCCAUGUAGCUUGAGGAGCCGGUGACCAUCGAUCCUUACCUGAGUUUAACCCCGCUUUGGACUGGAUUUGGGAUUUGUCGAAGUGGUAGGAUCCCCGUCAAUCGUUUUGGGCCGUCCUAGGCUUCCCUUUAC
25	0.8846069574356079	0.8842974901199341	14	12	6	6	6	6	780	400	GAGCACAAUGCAUGACCUCGGAAGACUGAGGCAGCCCGUAUGGUAGGAAAUUCCUAGUAUAAGCGAACCAUGCUCCCCUGUCUAGCAUCGGAGUGUGGAUUCCCCGUGUCUGAUUGGCGUUGCGAAACUUUUUCUUCGAGUUCCACUUUACGACUUCCGCCUCGGAAAUGAAGGAUAUUGCUGGCUUACCCCUCCUGGCCAAAGAACUGUCGUCAAAGCUUGUUCCGAUCUCACCUGUCGCCCGCAAUCCUUUGAUAUUGGGACACAUUCCAUGUAGCUUGAGGAGCCGGUGACCAUCGAUCCUUACCUGAGUUUAACCCCGCUUUGGACUGGAUUUGGGAUUUGUCGAAGUGGUAGGAUCCCCGUCAAUCGUUUUGGGCCGUCCUAGGCUUCCCUUUAC
25	0.8283765316009521	0.8284518718719482	14	12	6	6	6	6	780	400	GAGCACAAUGCAUGACCUCGGAAGACUGAGGCAGCCCGUAUGGUAGGAAAUUCCUAGUAUAAGCGAACCAUGCUCCCCUGUCUAGCAUCGGAGUGUGGAUUCCCCGUGUCUGAUUGGCGUUGCGAAACUUUUUCUUCGAGUUCCACUUUACGACUUCCGCCUCGGAAAUGAAGGAUAUUGCUGGCUUACCCCUCCUGGCCAAAGAACUGUCGUCAAAGCUUGUUCCGAUCUCACCUGUCGCCCGCAAUCCUUUGAUAUUGGGACACAUUCCAUGUAGCUUGAGGAGCCGGUGACCAUCGAUCCUUACCUGAGUUUAACCCCGCUUUGGACUGGAUUUGGGAUUUGUCGAAGUGGUAGGAUCCCCGUCAAUCGUUUUGGGCCGUCCUAGGCUUCCCUUUAC
25	0.8199939727783203	0.8200836181640625	14	12	6	6	6	6	780	400	GAGCACAAUGCAUGACCUCGGAAGACUGAGGCAGCCCGUAUGGUAGGAAAUUCCUAGUAUAAGCGAACCAUGCUCCCCUGUCUAGCAUCGGAGUGUGGAUUCCCCGUGUCUGAUUGGCGUUGCGAAACUUUUUCUUCGAGUUCCACUUUACGACUUCCGCCUCGGAAAUGAAGGAUAUUGCUGGCUUACCCCUCCUGGCCAAAGAACUGUCGUCAAAGCUUGUUCCGAUCUCACCUGUCGCCCGCAAUCCUUUGAUAUUGGGACACAUUCCAUGUAGCUUGAGGAGCCGGUGACCAUCGAUCCUUACCUGAGUUUAACCCCGCUUUGGACUGGAUUUGGGAUUUGUCGAAGUGGUAGGAUCCCCGUCAAUCGUUUUGGGCCGUCCUAGGCUUCCCUUUAC
25	0.929747462272644	0.9294605851173401	14	12	6	6	6	6	780	400	GAGCACAAUGCAUGACCUCGGAAGACUGAGGCAGCCCGUAUGGUAGGAAAUUCCUAGUAUAAGCGAACCAUGCUCCCCUGUCUAGCAUCGGAGUGUGGAUUCCCCGUGUCUGAUUGGCGUUGCGAAACUUUUUCUUCGAGUUCCACUUUACGACUUCCGCCUCGGAAAUGAAGGAUAUUGCUGGCUUACCCCUCCUGGCCAAAGAACUGUCGUCAAAGCUUGUUCCGAUCUCACCUGUCGCCCGCAAUCCUUUGAUAUUGGGACACAUUCCAUGUAGCUUGAGGAGCCGGUGACCAUCGAUCCUUACCUGAGUUUAACCCCGCUUUGGACUGGAUUUGGGAUUUGUCGAAGUGGUAGGAUCCCCGUCAAUCGUUUUGGGCCGUCCUAGGCUUCCCUUUAC
25	0.8798585534095764	0.8796680569648743	14	12	6	6	6	6	780	400	GAGCACAAUGCAUGACCUCGGAAGACUGAGGCAGCCCGUAUGGUAGGAAAUUCCUAGUAUAAGCGAACCAUGCUCCCCUGUCUAGCAUCGGAGUGUGGAUUCCCCGUGUCUGAUUGGCGUUGCGAAACUUUUUCUUCGAGUUCCACUUUACGACUUCCGCCUCGGAAAUGAAGGAUAUUGCUGGCUUACCCCUCCUGGCCAAAGAACUGUCGUCAAAGCUUGUUCCGAUCUCACCUGUCGCCCGCAAUCCUUUGAUAUUGGGACACAUUCCAUGUAGCUUGAGGAGCCGGUGACCAUCGAUCCUUACCUGAGUUUAACCCCGCUUUGGACUGGAUUUGGGAUUUGUCGAAGUGGUAGGAUCCCCGUCAAUCGUUUUGGGCCGUCCUAGGCUUCCCUUUAC
26	0.3778989017009735	0.37837836146354675	1	12	6	6	6	6	780	400	GUUCUAACCCUGAGAAUAUGCAGAAUUAUGUGGCCGCUCUCGGAGAGUCACAAACGCCCACUCGUCUCGACACGCCUUACGCGAGACUUUUCCUGUAUCAGGGCCAGCAGUCGAUUUUGGUUAACUUAUUUUGCAGACCCCCUGUGUCUCCCUCCGAGAAAACUGAGGACUCAUAAGAUGCAACAAUAUUAAGCAUGGAGAACAUCCAGACCGGGAAGUAAGUAAUCUGCUGUGACCAUUUUCAUACCCACCAACUACCAUUCUUUCGUCGUGGUAAAAACAAUCGAAGACCCCUAUUGUGGCUGUAUCUCAGCAACCCUUCAUUGCGUUACCAUACGAAGGGCCUCCAUCGGGAGUACUGAGACGGCACCGGUGGCGGGAUCUCGGAUAGCACAGUUUC
26	0.9257372617721558	0.9257641434669495	2	12	6	6	6	6	780	400	GUUCUAACCCUGAGAAUAUGCAGAAUUAUGUGGCCGCUCUCGGAGAGUCACAAACGCCCACUCGUCUCGACACGCCUUACGCGAGACUUUUCCUGUAUCAGGGCCAGCAGUCGAUUUUGGUUAACUUAUUUUGCAGACCCCCUGUGUCUCCCUCCGAGAAAACUGAGGACUCAUAAGAUGCAACAAUAUUAAGCAUGGAGAACAUCCAGACCGGGAAGUAAGUAAUCUGCUGUGACCAUUUUCAUACCCACCAACUACCAUUCUUUCGUCGUGGUAAAAACAAUCGAAGACCCCUAUUGUGGCUGUAUCUCAGCAACCCUUCAUUGCGUUACCAUACGAAGGGCCUCCAUCGGGAGUACUGAGACGGCACCGGUGGCGGGAUCUCGGAUAGCACAGUUUC
26	0.8762403130531311	0.8761062026023865	3	12	6	6	6	6	780	400	GUUCUAACCCUGAGAAUAUGCAGAAUUAUGUGGCCGCUCUCGGAGAGUCACAAACGCCCACUCGUCUCGACACGCCUUACGCGAGACUUUUCCUGUAUCAGGGCCAGCAGUCGAUUUUGGUUAACUUAUUUUGCAGACCCCCUGUGUCUCCCUCCGAGAAAACUGAGGACUCAUAAGAUGCAACAAUAUUAAGCAUGGAGAACAUCCAGACCGGGAAGUAAGUAAUCUGCUGUGACCAUUUUCAUACCCACCAACUACCAUUCUUUCGUCGUGGUAAAAACAAUCGAAGACCCCUAUUGUGGCUGUAUCUCAGCAACCCUUCAUUGCGUUACCAUACGAAGGGCCUCCAUCGGGAGUACUGAGACGGCACCGGUGGCGGGAUCUCGGAUAGCACAGUUUC
26	0.9252286553382874	0.9251101016998291	4	12	6	6	6	6	780	400	GUUCUAACCCUGAGAAUAUGCAGAAUUAUGUGGCCGCUCUCGGAGAGUCACAAACGCCCACUCGUCUCGACACGCCUUACGCGAGACUUUUCCUGUAUCAGGGCCAGCAGUCGAUUUUGGUUAACUUAUUUUGCAGACCCCCUGUGUCUCCCUCCGAGAAAACUGAGGACUCAUAAGAUGCAACAAUAUUAAGCAUGGAGAACAUCCAGACCGGGAAGUAAGUAAUCUGCUGUGACCAUUUUCAUACCCACCAACUACCAUUCUUUCGUCGUGGUAAAAACAAUCGAAGACCCCUAUUGUGGCUGUAUCUCAGCAACCCUUCAUUGCGUUACCAUACGAAGGGCCUCCAUCGGGAGUACUGAGACGGCACCGGUGGCGGGAUCUCGGAUAGCACAGUUUC
26	0.8732556700706482	0.8733624219894409	5	12	6	6	6	6	780	400	GUUCUAACCCUGAGAAUAUGCAGAAUUAUGUGGCCGCUCUCGGAGAGUCACAAACGCCCACUCGUCUCGACACGCCUUACGCGAGACUUUUCCUGUAUCAGGGCCAGCAGUCGAUUUUGGUUAACUUAUUUUGCAGACCCCCUGUGUCUCCCUCCGAGAAAACUGAGGACUCAUAAGAUGCAACAAUAUUAAGCAUGGAGAACAUCCAGACCGGGAAGUAAGUAAUCUGCUGUGACCAUUUUCAUACCCACCAACUACCAUUCUUUCGUCGUGGUAAAAACAAUCGAAGACCCCUAUUGUGGCUGUAUCUCAGCAACCCUUCAUUGCGUUACCAUACGAAGGGCCUCCAUCGGGAGUACUGAGACGGCACCGGUGGCGGGAUCUCGGAUAGCACAGUUUC
26	0.9263089895248413	0.9264069199562073	6	12	6	6	6	6	780	400	GUUCUAACCCUGAGAAUAUGCAGAAUUAUGUGGCCGCUCUCGGAGAGUCACAAACGCCCACUCGUCUCGACACGCCUUACGCGAGACUUUUCCUGUAUCAGGGCCAGCAGUCGAUUUUGGUUAACUUAUUUUGCAGACCCCCUGUGUCUCCCUCCGAGAAAACUGAGGACUCAUAAGAUGCAACAAUAUUAAGCAUGGAGAACAUCCAGACCGGGAAGUAAGUAAUCUGCUGUGACCAUUUUCAUACCCACCAACUACCAUUCUUUCGUCGUGGUAAAAACAAUCGAAGACCCCUAUUGUGGCUGUAUCUCAGCAACCCUUCAUUGCGUUACCAUACGAAGGGCCUCCAUCGGGAGUACUGAGACGGCACCGGUGGCGGGAUCUCGGAUAGCACAGUUUC
26	0.8868269920349121	0.8869565725326538	7	12	6	6	6	6	780	400	GUUCUAACCCUGAGAAUAUGCAGAAUUAUGUGGCCGCUCUCGGAGAGUCACAAACGCCCACUCGUCUCGACACGCCUUACGCGAGACUUUUCCUGUAUCAGGGCCAGCAGUCGAUUUUGGUUAACUUAUUUUGCAGACCCCCUGUGUCUCCCUCCGAGAAAACUGAGGACUCAUAAGAUGCAACAAUAUUAAGCAUGGAGAACAUCCAGACCGGGAAGUAAGUAAUCUGCUGUGACCAUUUUCAUACCCACCAACUACCAUUCUUUCGUCGUGGUAAAAACAAUCGAAGACCCCUAUUGUGGCUGUAUCUCAGCAACCCUUCAUUGCGUUACCAUACGAAGGGCCUCCAUCGGGAGUACUGAGACGGCACCGGUGGCGGGAUCUCGGAUAGCACAGUUUC
26	0.9564952850341797	0.95652174949646	8	12	6	6	6	6	780	400	GUUCUAACCCUGAGAAUAUGCAGAAUUAUGUGGCCGCUCUCGGAGAGUCACAAACGCCCACUCGUCUCGACACGCCUUACGCGAGACUUUUCCUGUAUCAGGGCCAGCAGUCGAUUUUGGUUAACUUAUUUUGCAGACCCCCUGUGUCUCCCUCCGAGAAAACUGAGGACUCAUAAGAUGCAACAAUAUUAAGCAUGGAGAACAUCCAGACCGGGAAGUAAGUAAUCUGCUGUGACCAUUUUCAUACCCACCAACUACCAUUCUUUCGUCGUGGUAAAAACAAUCGAAGACCCCUAUUGUGGCUGUAUCUCAGCAACCCUUCAUUGCGUUACCAUACGAAGGGCCUCCAUCGGGAGUACUGAGACGGCACCGGUGGCGGGAUCUCGGAUAGCACAGUUUC
26	0.88295578956604	0.8831169605255127	9	12	6	6	6	6	780	400	GUUCUAACCCUGAGAAUAUGCAGAAUUAUGUGGCCGCUCUCGGAGAGUCACAAACGCCCACUCGUCUCGACACGCCUUACGCGAGACUUUUCCUGUAUCAGGGCCAGCAGUCGAUUUUGGUUAACUUAUUUUGCAGACCCCCUGUGUCUCCCUCCGAGAAAACUGAGGACUCAUAAGAUGCAACAAUAUUAAGCAUGGAGAACAUCCAGACCGGGAAGUAAGUAAUCUGCUGUGACCAUUUUCAUACCCACCAACUACCAUUCUUUCGUCGUGGUAAAAACAAUCGAAGACCCCUAUUGUGGCUGUAUCUCAGCAACCCUUCAUUGCGUUACCAUACGAAGGGCCUCCAUCGGGAGUACUGAGACGGCACCGGUGGCGGGAUCUCGGAUAGCACAGUUUC
26	0.9523208737373352	0.9523810148239136	10	12	6	6	6	6	780	400	GUUCUAACCCUGAGAAUAUGCAGAAUUAUGUGGCCGCUCUCGGAGAGUCACAAACGCCCACUCGUCUCGACACGCCUUACGCGAGACUUUUCCUGUAUCAGGGCCAGCAGUCGAUUUUGGUUAACUUAUUUUGCAGACCCCCUGUGUCUCCCUCCGAGAAAACUGAGGACUCAUAAGAUGCAACAAUAUUAAGCAUGGAGAACAUCCAGACCGGGAAGUAAGUAAUCUGCUGUGACCAUUUUCAUACCCACCAACUACCAUUCUUUCGUCGUGGUAAAAACAAUCGAAGACCCCUAUUGUGGCUGUAUCUCAGCAACCCUUCAUUGCGUUACCAUACGAAGGGCCUCCAUCGGGAGUACUGAGACGGCACCGGUGGCGGGAUCUCGGAUAGCACAGUUUC
26	0.940117597579956	0.94017094373703	11	12	6	6	6	6	780	400	GUUCUAACCCUGAGAAUAUGCAGAAUUAUGUGGCCGCUCUCGGAGAGUCACAAACGCCCACUCGUCUCGACACGCCUUACGCGAGACUUUUCCUGUAUCAGGGCCAGCAGUCGAUUUUGGUUAACUUAUUUUGCAGACCCCCUGUGUCUCCCUCCGAGAAAACUGAGGACUCAUAAGAUGCAACAAUAUUAAGCAUGGAGAACAUCCAGACCGGGAAGUAAGUAAUCUGCUGUGACCAUUUUCAUACCCACCAACUACCAUUCUUUCGUCGUGGUAAAAACAAUCGAAGACCCCUAUUGUGGCUGUAUCUCAGCAACCCUUCAUUGCGUUACCAUACGAAGGGCCUCCAUCGGGAGUACUGAGACGGCACCGGUGGCGGGAUCUCGGAUAGCACAGUUUC
26	0.9446765184402466	0.9446808695793152	12	12	6	6	6	6	780	400	GUUCUAACCCUGAGAAUAUGCAGAAUUAUGUGGCCGCUCUCGGAGAGUCACAAACGCCCACUCGUCUCGACACGCCUUACGCGAGACUUUUCCUGUAUCAGGGCCAGCAGUCGAUUUUGGUUAACUUAUUUUGCAGACCCCCUGUGUCUCCCUCCGAGAAAACUGAGGACUCAUAAGAUGCAACAAUAUUAAGCAUGGAGAACAUCCAGACCGGGAAGUAAGUAAUCUGCUGUGACCAUUUUCAUACCCACCAACUACCAUUCUUUCGUCGUGGUAAAAACAAUCGAAGACCCCUAUUGUGGCUGUAUCUCAGCAACCCUUCAUUGCGUUACCAUACGAAGGGCCUCCAUCGGGAGUACUGAGACGGCACCGGUGGCGGGAUCUCGGAUAGCACAGUUUC
26	0.9183441996574402	0.9184549450874329	12	12	6	6	6	6	780	400	GUUCUAACCCUGAGAAUAUGCAGAAUUAUGUGGCCGCUCUCGGAGAGUCACAAACGCCCACUCGUCUCGACACGCCUUACGCGAGACUUUUCCUGUAUCAGGGCCAGCAGUCGAUUUUGGUUAACUUAUUUUGCAGACCCCCUGUGUCUCCCUCCGAGAAAACUGAGGACUCAUAAGAUGCAACAAUAUUAAGCAUGGAGAACAUCCAGACCGGGAAGUAAGUAAUCUGCUGUGACCAUUUUCAUACCCACCAACUACCAUUCUUUCGUCGUGGUAAAAACAAUCGAAGACCCCUAUUGUGGCUGUAUCUCAGCAACCCUUCAUUGCGUUACCAUACGAAGGGCCUCCAUCGGGAGUACUGAGACGGCACCGGUGGCGGGAUCUCGGAUAGCACAGUUUC
26	0.9486773610115051	0.9487179517745972	14	12	6	6	6	6	780	400	GUUCUAACCCUGAGAAUAUGCAGAAUUAUGUGGCCGCUCUCGGAGAGUCACAAACGCCCACUCGUCUCGACACGCCUUACGCGAGACUUUUCCUGUAUCAGGGCCAGCAGUCGAUUUUGGUUAACUUAUUUUGCAGACCCCCUGUGUCUCCCUCCGAGAAAACUGAGGACUCAUAAGAUGCAACAAUAUUAAGCAUGGAGAACAUCCAGACCGGGAAGUAAGUAAUCUGCUGUGACCAUUUUCAUACCCACCAACUACCAUUCUUUCGUCGUGGUAAAAACAAUCGAAGACCCCUAUUGUGGCUGUAUCUCAGCAACCCUUCAUUGCGUUACCAUACGAAGGGCCUCCAUCGGGAGUACUGAGACGGCACCGGUGGCGGGAUCUCGGAUAGCACAGUUUC
26	0.9269405603408813	0.9270386695861816	12	12	6	6	6	6	780	400	GUUCUAACCCUGAGAAUAUGCAGAAUUAUGUGGCCGCUCUCGGAGAGUCACAAACGCCCACUCGUCUCGACACGCCUUACGCGAGACUUUUCCUGUAUCAGGGCCAGCAGUCGAUUUUGGUUAACUUAUUUUGCAGACCCCCUGUGUCUCCCUCCGAGAAAACUGAGGACUCAUAAGAUGCAACAAUAUUAAGCAUGGAGAACAUCCAGACCGGGAAGUAAGUAAUCUGCUGUGACCAUUUUCAUACCCACCAACUACCAUUCUUUCGUCGUGGUAAAAACAAUCGAAGACCCCUAUUGUGGCUGUAUCUCAGCAACCCUUCAUUGCGUUACCAUACGAAGGGCCUCCAUCGGGAGUACUGAGACGGCACCGGUGGCGGGAUCUCGGAUAGCACAGUUUC
26	0.9446765184402466	0.9446808695793152	13	12	6	6	6	6	780	400	GUUCUAACCCUGAGAAUAUGCAGAAUUAUGUGGCCGCUCUCGGAGAGUCACAAACGCCCACUCGUCUCGACACGCCUUACGCGAGACUUUUCCUGUAUCAGGGCCAGCAGUCGAUUUUGGUUAACUUAUUUUGCAGACCCCCUGUGUCUCCCUCCGAGAAAACUGAGGACUCAUAAGAUGCAACAAUAUUAAGCAUGGAGAACAUCCAGACCGGGAAGUAAGUAAUCUGCUGUGACCAUUUUCAUACCCACCAACUACCAUUCUUUCGUCGUGGUAAAAACAAUCGAAGACCCCUAUUGUGGCUGUAUCUCAGCAACCCUUCAUUGCGUUACCAUACGAAGGGCCUCCAUCGGGAGUACUGAGACGGCACCGGUGGCGGGAUCUCGGAUAGCACAGUUUC
26	0.9269405603408813	0.9270386695861816	12	12	6	6	6	6	780	400	GUUCUAACCCUGAGAAUAUGCAGAAUUAUGUGGCCGCUCUCGGAGAGUCACAAACGCCCACUCGUCUCGACACGCCUUACGCGAGACUUUUCCUGUAUCAGGGCCAGCAGUCGAUUUUGGUUAACUUAUUUUGCAGACCCCCUGUGUCUCCCUCCGAGAAAACUGAGGACUCAUAAGAUGCAACAAUAUUAAGCAUGGAGAACAUCCAGACCGGGAAGUAAGUAAUCUGCUGUGACCAUUUUCAUACCCACCAACUACCAUUCUUUCGUCGUGGUAAAAACAAUCGAAGACCCCUAUUGUGGCUGUAUCUCAGCAACCCUUCAUUGCGUUACCAUACGAAGGGCCUCCAUCGGGAGUACUGAGACGGCACCGGUGGCGGGAUCUCGGAUAGCACAGUUUC
26	0.9237489700317383	0.9237288236618042	11	12	6	6	6	6	780	400	GUUCUAACCCUGAGAAUAUGCAGAAUUAUGUGGCCGCUCUCGGAGAGUCACAAACGCCCACUCGUCUCGACACGCCUUACGCGAGACUUUUCCUGUAUCAGGGCCAGCAGUCGAUUUUGGUUAACUUAUUUUGCAGACCCCCUGUGUCUCCCUCCGAGAAAACUGAGGACUCAUAAGAUGCAACAAUAUUAAGCAUGGAGAACAUCCAGACCGGGAAGUAAGUAAUCUGCUGUGACCAUUUUCAUACCCACCAACUACCAUUCUUUCGUCGUGGUAAAAACAAUCGAAGACCCCUAUUGUGGCUGUAUCUCAGCAACCCUUCAUUGCGUUACCAUACGAAGGGCCUCCAUCGGGAGUACUGAGACGGCACCGGUGGCGGGAUCUCGGAUAGCACAGUUUC
26	0.9407256841659546	0.9406780004501343	11	12	6	6	6	6	780	400	GUUCUAACCCUGAGAAUAUGCAGAAUUAUGUGGCCGCUCUCGGAGAGUCACAAACGCCCACUCGUCUCGACACGCCUUACGCGAGACUUUUCCUGUAUCAGGGCCAGCAGUCGAUUUUGGUUAACUUAUUUUGCAGACCCCCUGUGUCUCCCUCCGAGAAAACUGAGGACUCAUAAGAUGCAACAAUAUUAAGCAUGGAGAACAUCCAGACCGGGAAGUAAGUAAUCUGCUGUGACCAUUUUCAUACCCACCAACUACCAUUCUUUCGUCGUGGUAAAAACAAUCGAAGACCCCUAUUGUGGCUGUAUCUCAGCAACCCUUCAUUGCGUUACCAUACGAAGGGCCUCCAUCGGGAGUACUGAGACGGCACCGGUGGCGGGAUCUCGGAUAGCACAGUUUC
26	0.9144378900527954	0.9145299196243286	13	12	6	6	6	6	780	400	GUUCUAACCCUGAGAAUAUGCAGAAUUAUGUGGCCGCUCUCGGAGAGUCACAAACGCCCACUCGUCUCGACACGCCUUACGCGAGACUUUUCCUGUAUCAGGGCCAGCAGUCGAUUUUGGUUAACUUAUUUUGCAGACCCCCUGUGUCUCCCUCCGAGAAAACUGAGGACUCAUAAGAUGCAACAAUAUUAAGCAUGGAGAACAUCCAGACCGGGAAGUAAGUAAUCUGCUGUGACCAUUUUCAUACCCACCAACUACCAUUCUUUCGUCGUGGUAAAAACAAUCGAAGACCCCUAUUGUGGCUGUAUCUCAGCAACCCUUCAUUGCGUUACCAUACGAAGGGCCUCCAUCGGGAGUACUGAGACGGCACCGGUGGCGGGAUCUCGGAUAGCACAGUUUC
26	0.9207791686058044	0.9205020070075989	12	12	6	6	6	6	780	400	GUUCUAACCCUGAGAAUAUGCAGAAUUAUGUGGCCGCUCUCGGAGAGUCACAAACGCCCACUCGUCUCGACACGCCUUACGCGAGACUUUUCCUGUAUCAGGGCCAGCAGUCGAUUUUGGUUAACUUAUUUUGCAGACCCCCUGUGUCUCCCUCCGAGAAAACUGAGGACUCAUAAGAUGCAACAAUAUUAAGCAUGGAGAACAUCCAGACCGGGAAGUAAGUAAUCUGCUGUGACCAUUUUCAUACCCACCAACUACCAUUCUUUCGUCGUGGUAAAAACAAUCGAAGACCCCUAUUGUGGCUGUAUCUCAGCAACCCUUCAUUGCGUUACCAUACGAAGGGCCUCCAUCGGGAGUACUGAGACGGCACCGGUGGCGGGAUCUCGGAUAGCACAGUUUC
26	0.9568337798118591	0.9568965435028076	12	12	6	6	6	6	780	400	GUUCUAACCCUGAGAAUAUGCAGAAUUAUGUGGCCGCUCUCGGAGAGUCACAAACGCCCACUCGUCUCGACACGCCUUACGCGAGACUUUUCCUGUAUCAGGGCCAGCAGUCGAUUUUGGUUAACUUAUUUUGCAGACCCCCUGUGUCUCCCUCCGAGAAAACUGAGGACUCAUAAGAUGCAACAAUAUUAAGCAUGGAGAACAUCCAGACCGGGAAGUAAGUAAUCUGCUGUGACCAUUUUCAUACCCACCAACUACCAUUCUUUCGUCGUGGUAAAAACAAUCGAAGACCCCUAUUGUGGCUGUAUCUCAGCAACCCUUCAUUGCGUUACCAUACGAAGGGCCUCCAUCGGGAGUACUGAGACGGCACCGGUGGCGGGAUCUCGGAUAGCACAGUUUC
26	0.9322373867034912	0.9322034120559692	10	12	6	6	6	6	780	400	GUUCUAACCCUGAGAAUAUGCAGAAUUAUGUGGCCGCUCUCGGAGAGUCACAAACGCCCACUCGUCUCGACACGCCUUACGCGAGACUUUUCCUGUAUCAGGGCCAGCAGUCGAUUUUGGUUAACUUAUUUUGCAGACCCCCUGUGUCUCCCUCCGAGAAAACUGAGGACUCAUAAGAUGCAACAAUAUUAAGCAUGGAGAACAUCCAGACCGGGAAGUAAGUAAUCUGCUGUGACCAUUUUCAUACCCACCAACUACCAUUCUUUCGUCGUGGUAAAAACAAUCGAAGACCCCUAUUGUGGCUGUAUCUCAGCAACCCUUCAUUGCGUUACCAUACGAAGGGCCUCCAUCGGGAGUACUGAGACGGCACCGGUGGCGGGAUCUCGGAUAGCACAGUUUC
26	0.8813072443008423	0.8813559412956238	13	12	6	6	6	6	780	400	GUUCUAACCCUGAGAAUAUGCAGAAUUAUGUGGCCGCUCUCGGAGAGUCACAAACGCCCACUCGUCUCGACACGCCUUACGCGAGACUUUUCCUGUAUCAGGGCCAGCAGUCGAUUUUGGUUAACUUAUUUUGCAGACCCCCUGUGUCUCCCUCCGAGAAAACUGAGGACUCAUAAGAUGCAACAAUAUUAAGCAUGGAGAACAUCCAGACCGGGAAGUAAGUAAUCUGCUGUGACCAUUUUCAUACCCACCAACUACCAUUCUUUCGUCGUGGUAAAAACAAUCGAAGACCCCUAUUGUGGCUGUAUCUCAGCAACCCUUCAUUGCGUUACCAUACGAAGGGCCUCCAUCGGGAGUACUGAGACGGCACCGGUGGCGGGAUCUCGGAUAGCACAGUUUC
26	0.9361526370048523	0.936170220375061	12	12	6	6	6	6	780	400	GUUCUAACCCUGAGAAUAUGCAGAAUUAUGUGGCCGCUCUCGGAGAGUCACAAACGCCCACUCGUCUCGACACGCCUUACGCGAGACUUUUCCUGUAUCAGGGCCAGCAGUCGAUUUUGGUUAACUUAUUUUGCAGACCCCCUGUGUCUCCCUCCGAGAAAACUGAGGACUCAUAAGAUGCAACAAUAUUAAGCAUGGAGAACAUCCAGACCGGGAAGUAAGUAAUCUGCUGUGACCAUUUUCAUACCCACCAACUACCAUUCUUUCGUCGUGGUAAAAACAAUCGAAGACCCCUAUUGUGGCUGUAUCUCAGCAACCCUUCAUUGCGUUACCAUACGAAGGGCCUCCAUCGGGAGUACUGAGACGGCACCGGUGGCGGGAUCUCGGAUAGCACAGUUUC
26	0.9191048741340637	0.9191489219665527	12	12	6	6	6	6	780	400	GUUCUAACCCUGAGAAUAUGCAGAAUUAUGUGGCCGCUCUCGGAGAGUCACAAACGCCCACUCGUCUCGACACGCCUUACGCGAGACUUUUCCUGUAUCAGGGCCAGCAGUCGAUUUUGGUUAACUUAUUUUGCAGACCCCCUGUGUCUCCCUCCGAGAAAACUGAGGACUCAUAAGAUGCAACAAUAUUAAGCAUGGAGAACAUCCAGACCGGGAAGUAAGUAAUCUGCUGUGACCAUUUUCAUACCCACCAACUACCAUUCUUUCGUCGUGGUAAAAACAAUCGAAGACCCCUAUUGUGGCUGUAUCUCAGCAACCCUUCAUUGCGUUACCAUACGAAGGGCCUCCAUCGGGAGUACUGAGACGGCACCGGUGGCGGGAUCUCGGAUAGCACAGUUUC
26	0.9368239045143127	0.9367088675498962	13	12	6	6	6	6	780	400	GUUCUAACCCUGAGAAUAUGCAGAAUUAUGUGGCCGCUCUCGGAGAGUCACAAACGCCCACUCGUCUCGACACGCCUUACGCGAGACUUUUCCUGUAUCAGGGCCAGCAGUCGAUUUUGGUUAACUUAUUUUGCAGACCCCCUGUGUCUCCCUCCGAGAAAACUGAGGACUCAUAAGAUGCAACAAUAUUAAGCAUGGAGAACAUCCAGACCGGGAAGUAAGUAAUCUGCUGUGACCAUUUUCAUACCCACCAACUACCAUUCUUUCGUCGUGGUAAAAACAAUCGAAGACCCCUAUUGUGGCUGUAUCUCAGCAACCCUUCAUUGCGUUACCAUACGAAGGGCCUCCAUCGGGAGUACUGAGACGGCACCGGUGGCGGGAUCUCGGAUAGCACAGUUUC
26	0.913667619228363	0.9137930870056152	12	12	6	6	6	6	780	400	GUUCUAACCCUGAGAAUAUGCAGAAUUAUGUGGCCGCUCUCGGAGAGUCACAAACGCCCACUCGUCUCGACACGCCUUACGCGAGACUUUUCCUGUAUCAGGGCCAGCAGUCGAUUUUGGUUAACUUAUUUUGCAGACCCCCUGUGUCUCCCUCCGAGAAAACUGAGGACUCAUAAGAUGCAACAAUAUUAAGCAUGGAGAACAUCCAGACCGGGAAGUAAGUAAUCUGCUGUGACCAUUUUCAUACCCACCAACUACCAUUCUUUCGUCGUGGUAAAAACAAUCGAAGACCCCUAUUGUGGCUGUAUCUCAGCAACCCUUCAUUGCGUUACCAUACGAAGGGCCUCCAUCGGGAGUACUGAGACGGCACCGGUGGCGGGAUCUCGGAUAGCACAGUUUC
26	0.9446765184402466	0.9446808695793152	12	12	6	6	6	6	780	400	GUUCUAACCCUGAGAAUAUGCAGAAUUAUGUGGCCGCUCUCGGAGAGUCACAAACGCCCACUCGUCUCGACACGCCUUACGCGAGACUUUUCCUGUAUCAGGGCCAGCAGUCGAUUUUGGUUAACUUAUUUUGCAGACCCCCUGUGUCUCCCUCCGAGAAAACUGAGGACUCAUAAGAUGCAACAAUAUUAAGCAUGGAGAACAUCCAGACCGGGAAGUAAGUAAUCUGCUGUGACCAUUUUCAUACCCACCAACUACCAUUCUUUCGUCGUGGUAAAAACAAUCGAAGACCCCUAUUGUGGCUGUAUCUCAGCAACCCUUCAUUGCGUUACCAUACGAAGGGCCUCCAUCGGGAGUACUGAGACGGCACCGGUGGCGGGAUCUCGGAUAGCACAGUUUC
27	0.7375272512435913	0.7377049326896667	1	12	6	6	6	6	780	400	GAGUGACCUGGGCAGAGUCCGUUAACGUAUCUUGGGCUGUGGAAAACCAAUCACCUAUCUUCGAAGGUGGAUAGUUCUGUCGGCCUGAACACGAAUAGUUCUUUCACGAGGCGUUGACCAGGUUAUGCUCCCCCGGUUGGGAGCAGAUGGAAUGUGGCCCAGGCCGCCUUUCCAAAAGACUAAAAUUAUAGCGCAGUGUUGCGCCGCCCCACAACGGGUCGCAUCAUCACCCGGCGCCAAACGGGUAUUACUUCGCUCAUUUUAGCCGCGCGGCGAUAGAUGCUUACUAGCAGCAAACUUUGAUUAAAGCAAAACCGAGUUUUCGACAAAGAACAGAACCCUGUGAUGUUCGCGGCUAUUAGCAGGUACUAACCCUAAUCUAUAAUUGUUAUAAAUAGCC
27	0.8431992530822754	0.8429751396179199	2	12	6	6	6	6	780	400	GAGUGACCUGGGCAGAGUCCGUUAACGUAUCUUGGGCUGUGGAAAACCAAUCACCUAUCUUCGAAGGUGGAUAGUUCUGUCGGCCUGAACACGAAUAGUUCUUUCACGAGGCGUUGACCAGGUUAUGCUCCCCCGGUUGGGAGCAGAUGGAAUGUGGCCCAGGCCGCCUUUCCAAAAGACUAAAAUUAUAGCGCAGUGUUGCGCCGCCCCACAACGGGUCGCAUCAUCACCCGGCGCCAAACGGGUAUUACUUCGCUCAUUUUAGCCGCGCGGCGAUAGAUGCUUACUAGCAGCAAACUUUGAUUAAAGCAAAACCGAGUUUUCGACAAAGAACAGAACCCUGUGAUGUUCGCGGCUAUUAGCAGGUACUAACCCUAAUCUAUAAUUGUUAUAAAUAGCC
27	0.9068053960800171	0.9068825840950012	3	12	6	6	6	6	780	400	GAGUGACCUGGGCAGAGUCCGUUAACGUAUCUUGGGCUGUGGAAAACCAAUCACCUAUCUUCGAAGGUGGAUAGUUCUGUCGGCCUGAACACGAAUAGUUCUUUCACGAGGCGUUGACCAGGUUAUGCUCCCCCGGUUGGGAGCAGAUGGAAUGUGGCCCAGGCCGCCUUUCCAAAAGACUAAAAUUAUAGCGCAGUGUUGCGCCGCCCCACAACGGGUCGCAUCAUCACCCGGCGCCAAACGGGUAUUACUUCGCUCAUUUUAGCCGCGCGGCGAUAGAUGCUUACUAGCAGCAAACUUUGAUUAAAGCAAAACCGAGUUUUCGACAAAGAACAGAACCCUGUGAUGUUCGCGGCUAUUAGCAGGUACUAACCCUAAUCUAUAAUUGUUAUAAAUAGCC
27	0.7948671579360962	0.7951807379722595	4	12	6	6	6	6	780	400	GAGUGACCUGGGCAGAGUCCGUUAACGUAUCUUGGGCUGUGGAAAACCAAUCACCUAUCUUCGAAGGUGGAUAGUUCUGUCGGCCUGAACACGAAUAGUUCUUUCACGAGGCGUUGACCAGGUUAUGCUCCCCCGGUUGGGAGCAGAUGGAAUGUGGCCCAGGCCGCCUUUCCAAAAGACUAAAAUUAUAGCGCAGUGUUGCGCCGCCCCACAACGGGUCGCAUCAUCACCCGGCGCCAAACGGGUAUUACUUCGCUCAUUUUAGCCGCGCGGCGAUAGAUGCUUACUAGCAGCAAACUUUGAUUAAAGCAAAACCGAGUUUUCGACAAAGAACAGAACCCUGUGAUGUUCGCGGCUAUUAGCAGGUACUAACCCUAAUCUAUAAUUGUUAUAAAUAGCC
27	0.7435984015464783	0.7439999580383301	5	12	6	6	6	6	780	400	GAGUGACCUGGGCAGAGUCCGUUAACGUAUCUUGGGCUGUGGAAAACCAAUCACCUAUCUUCGAAGGUGGAUAGUUCUGUCGGCCUGAACACGAAUAGUUCUUUCACGAGGCGUUGACCAGGUUAUGCUCCCCCGGUUGGGAGCAGAUGGAAUGUGGCCCAGGCCGCCUUUCCAAAAGACUAAAAUUAUAGCGCAGUGUUGCGCCGCCCCACAACGGGUCGCAUCAUCACCCGGCGCCAAACGGGUAUUACUUCGCUCAUUUUAGCCGCGCGGCGAUAGAUGCUUACUAGCAGCAAACUUUGAUUAAAGCAAAACCGAGUUUUCGACAAAGAACAGAACCCUGUGAUGUUCGCGGCUAUUAGCAGGUACUAACCCUAAUCUAUAAUUGUUAUAAAUAGCC
27	0.7232465744018555	0.7235772609710693	6	12	6	6	6	6	780	400	GAGUGACCUGGGCAGAGUCCGUUAACGUAUCUUGGGCUGUGGAAAACCAAUCACCUAUCUUCGAAGGUGGAUAGUUCUGUCGGCCUGAACACGAAUAGUUCUUUCACGAGGCGUUGACCAGGUUAUGCUCCCCCGGUUGGGAGCAGAUGGAAUGUGGCCCAGGCCGCCUUUCCAAAAGACUAAAAUUAUAGCGCAGUGUUGCGCCGCCCCACAACGGGUCGCAUCAUCACCCGGCGCCAAACGGGUAUUACUUCGCUCAUUUUAGCCGCGCGGCGAUAGAUGCUUACUAGCAGCAAACUUUGAUUAAAGCAAAACCGAGUUUUCGACAAAGAACAGAACCCUGUGAUGUUCGCGGCUAUUAGCAGGUACUAACCCUAAUCUAUAAUUGUUAUAAAUAGCC
27	0.900248646736145	0.9003983736038208	7	12	6	6	6	6	780	400	GAGUGACCUGGGCAGAGUCCGUUAACGUAUCUUGGGCUGUGGAAAACCAAUCACCUAUCUUCGAAGGUGGAUAGUUCUGUCGGCCUGAACACGAAUAGUUCUUUCACGAGGCGUUGACCAGGUUAUGCUCCCCCGGUUGGGAGCAGAUGGAAUGUGGCCCAGGCCGCCUUUCCAAAAGACUAAAAUUAUAGCGCAGUGUUGCGCCGCCCCACAACGGGUCGCAUCAUCACCCGGCGCCAAACGGGUAUUACUUCGCUCAUUUUAGCCGCGCGGCGAUAGAUGCUUACUAGCAGCAAACUUUGAUUAAAGCAAAACCGAGUUUUCGACAAAGAACAGAACCCUGUGAUGUUCGCGGCUAUUAGCAGGUACUAACCCUAAUCUAUAAUUGUUAUAAAUAGCC
27	0.8443835377693176	0.8446215987205505	8	12	6	6	6	6	780	400	GAGUGACCUGGGCAGAGUCCGUUAACGUAUCUUGGGCUGUGGAAAACCAAUCACCUAUCUUCGAAGGUGGAUAGUUCUGUCGGCCUGAACACGAAUAGUUCUUUCACGAGGCGUUGACCAGGUUAUGCUCCCCCGGUUGGGAGCAGAUGGAAUGUGGCCCAGGCCGCCUUUCCAAAAGACUAAAAUUAUAGCGCAGUGUUGCGCCGCCCCACAACGGGUCGCAUCAUCACCCGGCGCCAAACGGGUAUUACUUCGCUCAUUUUAGCCGCGCGGCGAUAGAUGCUUACUAGCAGCAAACUUUGAUUAAAGCAAAACCGAGUUUUCGACAAAGAACAGAACCCUGUGAUGUUCGCGGCUAUUAGCAGGUACUAACCCUAAUCUAUAAUUGUUAUAAAUAGCC
27	0.9284877777099609	0.9285714626312256	9	12	6	6	6	6	780	400	GAGUGACCUGGGCAGAGUCCGUUAACGUAUCUUGGGCUGUGGAAAACCAAUCACCUAUCUUCGAAGGUGGAUAGUUCUGUCGGCCUGAACACGAAUAGUUCUUUCACGAGGCGUUGACCAGGUUAUGCUCCCCCGGUUGGGAGCAGAUGGAAUGUGGCCCAGGCCGCCUUUCCAAAAGACUAAAAUUAUAGCGCAGUGUUGCGCCGCCCCACAACGGGUCGCAUCAUCACCCGGCGCCAAACGGGUAUUACUUCGCUCAUUUUAGCCGCGCGGCGAUAGAUGCUUACUAGCAGCAAACUUUGAUUAAAGCAAAACCGAGUUUUCGACAAAGAACAGAACCCUGUGAUGUUCGCGGCUAUUAGCAGGUACUAACCCUAAUCUAUAAUUGUUAUAAAUAGCC
27	0.7654595971107483	0.765625	10	12	6	6	6	6	780	400	GAGUGACCUGGGCAGAGUCCGUUAACGUAUCUUGGGCUGUGGAAAACCAAUCACCUAUCUUCGAAGGUGGAUAGUUCUGUCGGCCUGAACACGAAUAGUUCUUUCACGAGGCGUUGACCAGGUUAUGCUCCCCCGGUUGGGAGCAGAUGGAAUGUGGCCCAGGCCGCCUUUCCAAAAGACUAAAAUUAUAGCGCAGUGUUGCGCCGCCCCACAACGGGUCGCAUCAUCACCCGGCGCCAAACGGGUAUUACUUCGCUCAUUUUAGCCGCGCGGCGAUAGAUGCUUACUAGCAGCAAACUUUGAUUAAAGCAAAACCGAGUUUUCGACAAAGAACAGAACCCUGUGAUGUUCGCGGCUAUUAGCAGGUACUAACCCUAAUCUAUAAUUGUUAUAAAUAGCC
27	0.8717991709709167	0.871999979019165	11	12	6	6	6	6	780	400	GAGUGACCUGGGCAGAGUCCGUUAACGUAUCUUGGGCUGUGGAAAACCAAUCACCUAUCUUCGAAGGUGGAUAGUUCUGUCGGCCUGAACACGAAUAGUUCUUUCACGAGGCGUUGACCAGGUUAUGCUCCCCCGGUUGGGAGCAGAUGGAAUGUGGCCCAGGCCGCCUUUCCAAAAGACUAAAAUUAUAGCGCAGUGUUGCGCCGCCCCACAACGGGUCGCAUCAUCACCCGGCGCCAAACGGGUAUUACUUCGCUCAUUUUAGCCGCGCGGCGAUAGAUGCUUACUAGCAGCAAACUUUGAUUAAAGCAAAACCGAGUUUUCGACAAAGAACAGAACCCUGUGAUGUUCGCGGCUAUUAGCAGGUACUAACCCUAAUCUAUAAUUGUUAUAAAUAGCC
27	0.9220036268234253	0.921875	10	12	6	6	6	6	780	400	GAGUGACCUGGGCAGAGUCCGUUAACGUAUCUUGGGCUGUGGAAAACCAAUCACCUAUCUUCGAAGGUGGAUAGUUCUGUCGGCCUGAACACGAAUAGUUCUUUCACGAGGCGUUGACCAGGUUAUGCUCCCCCGGUUGGGAGCAGAUGGAAUGUGGCCCAGGCCGCCUUUCCAAAAGACUAAAAUUAUAGCGCAGUGUUGCGCCGCCCCACAACGGGUCGCAUCAUCACCCGGCGCCAAACGGGUAUUACUUCGCUCAUUUUAGCCGCGCGGCGAUAGAUGCUUACUAGCAGCAAACUUUGAUUAAAGCAAAACCGAGUUUUCGACAAAGAACAGAACCCUGUGAUGUUCGCGGCUAUUAGCAGGUACUAACCCUAAUCUAUAAUUGUUAUAAAUAGCC
27	0.9054738879203796	0.9055118560791016	12	12	6	6	6	6	780	400	GAGUGACCUGGGCAGAGUCCGUUAACGUAUCUUGGGCUGUGGAAAACCAAUCACCUAUCUUCGAAGGUGGAUAGUUCUGUCGGCCUGAACACGAAUAGUUCUUUCACGAGGCGUUGACCAGGUUAUGCUCCCCCGGUUGGGAGCAGAUGGAAUGUGGCCCAGGCCGCCUUUCCAAAAGACUAAAAUUAUAGCGCAGUGUUGCGCCGCCCCACAACGGGUCGCAUCAUCACCCGGCGCCAAACGGGUAUUACUUCGCUCAUUUUAGCCGCGCGGCGAUAGAUGCUUACUAGCAGCAAACUUUGAUUAAAGCAAAACCGAGUUUUCGACAAAGAACAGAACCCUGUGAUGUUCGCGGCUAUUAGCAGGUACUAACCCUAAUCUAUAAUUGUUAUAAAUAGCC
27	0.8795104026794434	0.8793774843215942	12	12	6	6	6	6	780	400	GAGUGACCUGGGCAGAGUCCGUUAACGUAUCUUGGGCUGUGGAAAACCAAUCACCUAUCUUCGAAGGUGGAUAGUUCUGUCGGCCUGAACACGAAUAGUUCUUUCACGAGGCGUUGACCAGGUUAUGCUCCCCCGGUUGGGAGCAGAUGGAAUGUGGCCCAGGCCGCCUUUCCAAAAGACUAAAAUUAUAGCGCAGUGUUGCGCCGCCCCACAACGGGUCGCAUCAUCACCCGGCGCCAAACGGGUAUUACUUCGCUCAUUUUAGCCGCGCGGCGAUAGAUGCUUACUAGCAGCAAACUUUGAUUAAAGCAAAACCGAGUUUUCGACAAAGAACAGAACCCUGUGAUGUUCGCGGCUAUUAGCAGGUACUAACCCUAAUCUAUAAUUGUUAUAAAUAGCC
27	0.867213249206543	0.8671875596046448	12	12	6	6	6	6	780	400	GAGUGACCUGGGCAGAGUCCGUUAACGUAUCUUGGGCUGUGGAAAACCAAUCACCUAUCUUCGAAGGUGGAUAGUUCUGUCGGCCUGAACACGAAUAGUUCUUUCACGAGGCGUUGACCAGGUUAUGCUCCCCCGGUUGGGAGCAGAUGGAAUGUGGCCCAGGCCGCCUUUCCAAAAGACUAAAAUUAUAGCGCAGUGUUGCGCCGCCCCACAACGGGUCGCAUCAUCACCCGGCGCCAAACGGGUAUUACUUCGCUCAUUUUAGCCGCGCGGCGAUAGAUGCUUACUAGCAGCAAACUUUGAUUAAAGCAAAACCGAGUUUUCGACAAAGAACAGAACCCUGUGAUGUUCGCGGCUAUUAGCAGGUACUAACCCUAAUCUAUAAUUGUUAUAAAUAGCC
27	0.8931741714477539	0.8932806253433228	11	12	6	6	6	6	780	400	GAGUGACCUGGGCAGAGUCCGUUAACGUAUCUUGGGCUGUGGAAAACCAAUCACCUAUCUUCGAAGGUGGAUAGUUCUGUCGGCCUGAACACGAAUAGUUCUUUCACGAGGCGUUGACCAGGUUAUGCUCCCCCGGUUGGGAGCAGAUGGAAUGUGGCCCAGGCCGCCUUUCCAAAAGACUAAAAUUAUAGCGCAGUGUUGCGCCGCCCCACAACGGGUCGCAUCAUCACCCGGCGCCAAACGGGUAUUACUUCGCUCAUUUUAGCCGCGCGGCGAUAGAUGCUUACUAGCAGCAAACUUUGAUUAAAGCAAAACCGAGUUUUCGACAAAGAACAGAACCCUGUGAUGUUCGCGGCUAUUAGCAGGUACUAACCCUAAUCUAUAAUUGUUAUAAAUAGCC
27	0.8561176657676697	0.856031060218811	12	12	6	6	6	6	780	400	GAGUGACCUGGGCAGAGUCCGUUAACGUAUCUUGGGCUGUGGAAAACCAAUCACCUAUCUUCGAAGGUGGAUAGUUCUGUCGGCCUGAACACGAAUAGUUCUUUCACGAGGCGUUGACCAGGUUAUGCUCCCCCGGUUGGGAGCAGAUGGAAUGUGGCCCAGGCCGCCUUUCCAAAAGACUAAAAUUAUAGCGCAGUGUUGCGCCGCCCCACAACGGGUCGCAUCAUCACCCGGCGCCAAACGGGUAUUACUUCGCUCAUUUUAGCCGCGCGGCGAUAGAUGCUUACUAGCAGCAAACUUUGAUUAAAGCAAAACCGAGUUUUCGACAAAGAACAGAACCCUGUGAUGUUCGCGGCUAUUAGCAGGUACUAACCCUAAUCUAUAAUUGUUAUAAAUAGCC
27	0.9019778966903687	0.9019607901573181	11	12	6	6	6	6	780	400	GAGUGACCUGGGCAGAGUCCGUUAACGUAUCUUGGGCUGUGGAAAACCAAUCACCUAUCUUCGAAGGUGGAUAGUUCUGUCGGCCUGAACACGAAUAGUUCUUUCACGAGGCGUUGACCAGGUUAUGCUCCCCCGGUUGGGAGCAGAUGGAAUGUGGCCCAGGCCGCCUUUCCAAAAGACUAAAAUUAUAGCGCAGUGUUGCGCCGCCCCACAACGGGUCGCAUCAUCACCCGGCGCCAAACGGGUAUUACUUCGCUCAUUUUAGCCGCGCGGCGAUAGAUGCUUACUAGCAGCAAACUUUGAUUAAAGCAAAACCGAGUUUUCGACAAAGAACAGAACCCUGUGAUGUUCGCGGCUAUUAGCAGGUACUAACCCUAAUCUAUAAUUGUUAUAAAUAGCC
27	0.9054738879203796	0.9055118560791016	10	12	6	6	6	6	780	400	GAGUGACCUGGGCAGAGUCCGUUAACGUAUCUUGGGCUGUGGAAAACCAAUCACCUAUCUUCGAAGGUGGAUAGUUCUGUCGGCCUGAACACGAAUAGUUCUUUCACGAGGCGUUGACCAGGUUAUGCUCCCCCGGUUGGGAGCAGAUGGAAUGUGGCCCAGGCCGCCUUUCCAAAAGACUAAAAUUAUAGCGCAGUGUUGCGCCGCCCCACAACGGGUCGCAUCAUCACCCGGCGCCAAACGGGUAUUACUUCGCUCAUUUUAGCCGCGCGGCGAUAGAUGCUUACUAGCAGCAAACUUUGAUUAAAGCAAAACCGAGUUUUCGACAAAGAACAGAACCCUGUGAUGUUCGCGGCUAUUAGCAGGUACUAACCCUAAUCUAUAAUUGUUAUAAAUAGCC
27	0.8581486344337463	0.8582677245140076	12	12	6	6	6	6	780	400	GAGUGACCUGGGCAGAGUCCGUUAACGUAUCUUGGGCUGUGGAAAACCAAUCACCUAUCUUCGAAGGUGGAUAGUUCUGUCGGCCUGAACACGAAUAGUUCUUUCACGAGGCGUUGACCAGGUUAUGCUCCCCCGGUUGGGAGCAGAUGGAAUGUGGCCCAGGCCGCCUUUCCAAAAGACUAAAAUUAUAGCGCAGUGUUGCGCCGCCCCACAACGGGUCGCAUCAUCACCCGGCGCCAAACGGGUAUUACUUCGCUCAUUUUAGCCGCGCGGCGAUAGAUGCUUACUAGCAGCAAACUUUGAUUAAAGCAAAACCGAGUUUUCGACAAAGAACAGAACCCUGUGAUGUUCGCGGCUAUUAGCAGGUACUAACCCUAAUCUAUAAUUGUUAUAAAUAGCC
27	0.906349241733551	0.90625	11	12	6	6	6	6	780	400	GAGUGACCUGGGCAGAGUCCGUUAACGUAUCUUGGGCUGUGGAAAACCAAUCACCUAUCUUCGAAGGUGGAUAGUUCUGUCGGCCUGAACACGAAUAGUUCUUUCACGAGGCGUUGACCAGGUUAUGCUCCCCCGGUUGGGAGCAGAUGGAAUGUGGCCCAGGCCGCCUUUCCAAAAGACUAAAAUUAUAGCGCAGUGUUGCGCCGCCCCACAACGGGUCGCAUCAUCACCCGGCGCCAAACGGGUAUUACUUCGCUCAUUUUAGCCGCGCGGCGAUAGAUGCUUACUAGCAGCAAACUUUGAUUAAAGCAAAACCGAGUUUUCGACAAAGAACAGAACCCUGUGAUGUUCGCGGCUAUUAGCAGGUACUAACCCUAAUCUAUAAUUGUUAUAAAUAGCC
27	0.9176923036575317	0.9176470041275024	13	12	6	6	6	6	780	400	GAGUGACCUGGGCAGAGUCCGUUAACGUAUCUUGGGCUGUGGAAAACCAAUCACCUAUCUUCGAAGGUGGAUAGUUCUGUCGGCCUGAACACGAAUAGUUCUUUCACGAGGCGUUGACCAGGUUAUGCUCCCCCGGUUGGGAGCAGAUGGAAUGUGGCCCAGGCCGCCUUUCCAAAAGACUAAAAUUAUAGCGCAGUGUUGCGCCGCCCCACAACGGGUCGCAUCAUCACCCGGCGCCAAACGGGUAUUACUUCGCUCAUUUUAGCCGCGCGGCGAUAGAUGCUUACUAGCAGCAAACUUUGAUUAAAGCAAAACCGAGUUUUCGACAAAGAACAGAACCCUGUGAUGUUCGCGGCUAUUAGCAGGUACUAACCCUAAUCUAUAAUUGUUAUAAAUAGCC
27	0.9169288873672485	0.9169960021972656	11	12	6	6	6	6	780	400	GAGUGACCUGGGCAGAGUCCGUUAACGUAUCUUGGGCUGUGGAAAACCAAUCACCUAUCUUCGAAGGUGGAUAGUUCUGUCGGCCUGAACACGAAUAGUUCUUUCACGAGGCGUUGACCAGGUUAUGCUCCCCCGGUUGGGAGCAGAUGGAAUGUGGCCCAGGCCGCCUUUCCAAAAGACUAAAAUUAUAGCGCAGUGUUGCGCCGCCCCACAACGGGUCGCAUCAUCACCCGGCGCCAAACGGGUAUUACUUCGCUCAUUUUAGCCGCGCGGCGAUAGAUGCUUACUAGCAGCAAACUUUGAUUAAAGCAAAACCGAGUUUUCGACAAAGAACAGAACCCUGUGAUGUUCGCGGCUAUUAGCAGGUACUAACCCUAAUCUAUAAUUGUUAUAAAUAGCC
27	0.8469775319099426	0.8470588326454163	12	12	6	6	6	6	780	400	GAGUGACCUGGGCAGAGUCCGUUAACGUAUCUUGGGCUGUGGAAAACCAAUCACCUAUCUUCGAAGGUGGAUAGUUCUGUCGGCCUGAACACGAAUAGUUCUUUCACGAGGCGUUGACCAGGUUAUGCUCCCCCGGUUGGGAGCAGAUGGAAUGUGGCCCAGGCCGCCUUUCCAAAAGACUAAAAUUAUAGCGCAGUGUUGCGCCGCCCCACAACGGGUCGCAUCAUCACCCGGCGCCAAACGGGUAUUACUUCGCUCAUUUUAGCCGCGCGGCGAUAGAUGCUUACUAGCAGCAAACUUUGAUUAAAGCAAAACCGAGUUUUCGACAAAGAACAGAACCCUGUGAUGUUCGCGGCUAUUAGCAGGUACUAACCCUAAUCUAUAAUUGUUAUAAAUAGCC
27	0.8784063458442688	0.8784313797950745	12	12	6	6	6	6	780	400	GAGUGACCUGGGCAGAGUCCGUUAACGUAUCUUGGGCUGUGGAAAACCAAUCACCUAUCUUCGAAGGUGGAUAGUUCUGUCGGCCUGAACACGAAUAGUUCUUUCACGAGGCGUUGACCAGGUUAUGCUCCCCCGGUUGGGAGCAGAUGGAAUGUGGCCCAGGCCGCCUUUCCAAAAGACUAAAAUUAUAGCGCAGUGUUGCGCCGCCCCACAACGGGUCGCAUCAUCACCCGGCGCCAAACGGGUAUUACUUCGCUCAUUUUAGCCGCGCGGCGAUAGAUGCUUACUAGCAGCAAACUUUGAUUAAAGCAAAACCGAGUUUUCGACAAAGAACAGAACCCUGUGAUGUUCGCGGCUAUUAGCAGGUACUAACCCUAAUCUAUAAUUGUUAUAAAUAGCC
27	0.8705491423606873	0.8705882430076599	12	12	6	6	6	6	780	400	GAGUGACCUGGGCAGAGUCCGUUAACGUAUCUUGGGCUGUGGAAAACCAAUCACCUAUCUUCGAAGGUGGAUAGUUCUGUCGGCCUGAACACGAAUAGUUCUUUCACGAGGCGUUGACCAGGUUAUGCUCCCCCGGUUGGGAGCAGAUGGAAUGUGGCCCAGGCCGCCUUUCCAAAAGACUAAAAUUAUAGCGCAGUGUUGCGCCGCCCCACAACGGGUCGCAUCAUCACCCGGCGCCAAACGGGUAUUACUUCGCUCAUUUUAGCCGCGCGGCGAUAGAUGCUUACUAGCAGCAAACUUUGAUUAAAGCAAAACCGAGUUUUCGACAAAGAACAGAACCCUGUGAUGUUCGCGGCUAUUAGCAGGUACUAACCCUAAUCUAUAAUUGUUAUAAAUAGCC
27	0.9176923036575317	0.9176470041275024	12	12	6	6	6	6	780	400	GAGUGACCUGGGCAGAGUCCGUUAACGUAUCUUGGGCUGUGGAAAACCAAUCACCUAUCUUCGAAGGUGGAUAGUUCUGUCGGCCUGAACACGAAUAGUUCUUUCACGAGGCGUUGACCAGGUUAUGCUCCCCCGGUUGGGAGCAGAUGGAAUGUGGCCCAGGCCGCCUUUCCAAAAGACUAAAAUUAUAGCGCAGUGUUGCGCCGCCCCACAACGGGUCGCAUCAUCACCCGGCGCCAAACGGGUAUUACUUCGCUCAUUUUAGCCGCGCGGCGAUAGAUGCUUACUAGCAGCAAACUUUGAUUAAAGCAAAACCGAGUUUUCGACAAAGAACAGAACCCUGUGAUGUUCGCGGCUAUUAGCAGGUACUAACCCUAAUCUAUAAUUGUUAUAAAUAGCC
27	0.8705491423606873	0.8705882430076599	12	12	6	6	6	6	780	400	GAGUGACCUGGGCAGAGUCCGUUAACGUAUCUUGGGCUGUGGAAAACCAAUCACCUAUCUUCGAAGGUGGAUAGUUCUGUCGGCCUGAACACGAAUAGUUCUUUCACGAGGCGUUGACCAGGUUAUGCUCCCCCGGUUGGGAGCAGAUGGAAUGUGGCCCAGGCCGCCUUUCCAAAAGACUAAAAUUAUAGCGCAGUGUUGCGCCGCCCCACAACGGGUCGCAUCAUCACCCGGCGCCAAACGGGUAUUACUUCGCUCAUUUUAGCCGCGCGGCGAUAGAUGCUUACUAGCAGCAAACUUUGAUUAAAGCAAAACCGAGUUUUCGACAAAGAACAGAACCCUGUGAUGUUCGCGGCUAUUAGCAGGUACUAACCCUAAUCUAUAAUUGUUAUAAAUAGCC
27	0.9169288873672485	0.9169960021972656	11	12	6	6	6	6	780	400	GAGUGACCUGGGCAGAGUCCGUUAACGUAUCUUGGGCUGUGGAAAACCAAUCACCUAUCUUCGAAGGUGGAUAGUUCUGUCGGCCUGAACACGAAUAGUUCUUUCACGAGGCGUUGACCAGGUUAUGCUCCCCCGGUUGGGAGCAGAUGGAAUGUGGCCCAGGCCGCCUUUCCAAAAGACUAAAAUUAUAGCGCAGUGUUGCGCCGCCCCACAACGGGUCGCAUCAUCACCCGGCGCCAAACGGGUAUUACUUCGCUCAUUUUAGCCGCGCGGCGAUAGAUGCUUACUAGCAGCAAACUUUGAUUAAAGCAAAACCGAGUUUUCGACAAAGAACAGAACCCUGUGAUGUUCGCGGCUAUUAGCAGGUACUAACCCUAAUCUAUAAUUGUUAUAAAUAGCC
28	0.49346545338630676	0.4942965805530548	1	12	6	6	6	6	780	400	UCGUCAGCCUACUUCUUAGGUGUAUUGAGCCAAGUAACACGGUCUAGAACUGUGUAAACUCUCGGUUUACCAAAAGGCUCCCUUACCCGGAAAGUGGUUUCUGGUAACUCACUCCUACGCGAUUUCUACUGUGCUCCGCGUGCCGCGGCUACGUUGAGAUACAAUCCUUGAGUACAGUCGGUACCUACUCCAGGCCCAUGAGUCUCGAUUCGAGCCACAUAUCAAUCGGGGAUUCAUAUCAAUUGCGGCAUCUUAGCUUGCGGCGGGAAGAGUCGGUCAGCAGUCUGCACGAGGUGCAACAGAUGGUGCACUUUAGCCUGAGGCAUCGCUCGAUCACCUCUCAUGCCUGGCAUCAACUAUGAGCAUGCGUCGCGCAGAGUAAGACGACGGUGGUUGCGGU
28	0.4915974736213684	0.49242427945137024	2	12	6	6	6	6	780	400	UCGUCAGCCUACUUCUUAGGUGUAUUGAGCCAAGUAACACGGUCUAGAACUGUGUAAACUCUCGGUUUACCAAAAGGCUCCCUUACCCGGAAAGUGGUUUCUGGUAACUCACUCCUACGCGAUUUCUACUGUGCUCCGCGUGCCGCGGCUACGUUGAGAUACAAUCCUUGAGUACAGUCGGUACCUACUCCAGGCCCAUGAGUCUCGAUUCGAGCCACAUAUCAAUCGGGGAUUCAUAUCAAUUGCGGCAUCUUAGCUUGCGGCGGGAAGAGUCGGUCAGCAGUCUGCACGAGGUGCAACAGAUGGUGCACUUUAGCCUGAGGCAUCGCUCGAUCACCUCUCAUGCCUGGCAUCAACUAUGAGCAUGCGUCGCGCAGAGUAAGACGACGGUGGUUGCGGU
28	0.876748263835907	0.8769230842590332	3	12	6	6	6	6	780	400	UCGUCAGCCUACUUCUUAGGUGUAUUGAGCCAAGUAACACGGUCUAGAACUGUGUAAACUCUCGGUUUACCAAAAGGCUCCCUUACCCGGAAAGUGGUUUCUGGUAACUCACUCCUACGCGAUUUCUACUGUGCUCCGCGUGCCGCGGCUACGUUGAGAUACAAUCCUUGAGUACAGUCGGUACCUACUCCAGGCCCAUGAGUCUCGAUUCGAGCCACAUAUCAAUCGGGGAUUCAUAUCAAUUGCGGCAUCUUAGCUUGCGGCGGGAAGAGUCGGUCAGCAGUCUGCACGAGGUGCAACAGAUGGUGCACUUUAGCCUGAGGCAUCGCUCGAUCACCUCUCAUGCCUGGCAUCAACUAUGAGCAUGCGUCGCGCAGAGUAAGACGACGGUGGUUGCGGU
28	0.6084389686584473	0.6090225577354431	4	12	6	6	6	6	780	400	UCGUCAGCCUACUUCUUAGGUGUAUUGAGCCAAGUAACACGGUCUAGAACUGUGUAAACUCUCGGUUUACCAAAAGGCUCCCUUACCCGGAAAGUGGUUUCUGGUAACUCACUCCUACGCGAUUUCUACUGUGCUCCGCGUGCCGCGGCUACGUUGAGAUACAAUCCUUGAGUACAGUCGGUACCUACUCCAGGCCCAUGAGUCUCGAUUCGAGCCACAUAUCAAUCGGGGAUUCAUAUCAAUUGCGGCAUCUUAGCUUGCGGCGGGAAGAGUCGGUCAGCAGUCUGCACGAGGUGCAACAGAUGGUGCACUUUAGCCUGAGGCAUCGCUCGAUCACCUCUCAUGCCUGGCAUCAACUAUGAGCAUGCGUCGCGCAGAGUAAGACGACGGUGGUUGCGGU
28	0.4915974736213684	0.49242427945137024	5	12	6	6	6	6	780	400	UCGUCAGCCUACUUCUUAGGUGUAUUGAGCCAAGUAACACGGUCUAGAACUGUGUAAACUCUCGGUUUACCAAAAGGCUCCCUUACCCGGAAAGUGGUUUCUGGUAACUCACUCCUACGCGAUUUCUACUGUGCUCCGCGUGCCGCGGCUACGUUGAGAUACAAUCCUUGAGUACAGUCGGUACCUACUCCAGGCCCAUGAGUCUCGAUUCGAGCCACAUAUCAAUCGGGGAUUCAUAUCAAUUGCGGCAUCUUAGCUUGCGGCGGGAAGAGUCGGUCAGCAGUCUGCACGAGGUGCAACAGAUGGUGCACUUUAGCCUGAGGCAUCGCUCGAUCACCUCUCAUGCCUGGCAUCAACUAUGAGCAUGCGUCGCGCAGAGUAAGACGACGGUGGUUGCGGU
28	0.8971754312515259	0.897338330745697	6	12	6	6	6	6	780	400	UCGUCAGCCUACUUCUUAGGUGUAUUGAGCCAAGUAACACGGUCUAGAACUGUGUAAACUCUCGGUUUACCAAAAGGCUCCCUUACCCGGAAAGUGGUUUCUGGUAACUCACUCCUACGCGAUUUCUACUGUGCUCCGCGUGCCGCGGCUACGUUGAGAUACAAUCCUUGAGUACAGUCGGUACCUACUCCAGGCCCAUGAGUCUCGAUUCGAGCCACAUAUCAAUCGGGGAUUCAUAUCAAUUGCGGCAUCUUAGCUUGCGGCGGGAAGAGUCGGUCAGCAGUCUGCACGAGGUGCAACAGAUGGUGCACUUUAGCCUGAGGCAUCGCUCGAUCACCUCUCAUGCCUGGCAUCAACUAUGAGCAUGCGUCGCGCAGAGUAAGACGACGGUGGUUGCGGU
28	0.9541231393814087	0.9541984796524048	7	12	6	6	6	6	780	400	UCGUCAGCCUACUUCUUAGGUGUAUUGAGCCAAGUAACACGGUCUAGAACUGUGUAAACUCUCGGUUUACCAAAAGGCUCCCUUACCCGGAAAGUGGUUUCUGGUAACUCACUCCUACGCGAUUUCUACUGUGCUCCGCGUGCCGCGGCUACGUUGAGAUACAAUCCUUGAGUACAGUCGGUACCUACUCCAGGCCCAUGAGUCUCGAUUCGAGCCACAUAUCAAUCGGGGAUUCAUAUCAAUUGCGGCAUCUUAGCUUGCGGCGGGAAGAGUCGGUCAGCAGUCUGCACGAGGUGCAACAGAUGGUGCACUUUAGCCUGAGGCAUCGCUCGAUCACCUCUCAUGCCUGGCAUCAACUAUGAGCAUGCGUCGCGCAGAGUAAGACGACGGUGGUUGCGGU
28	0.8743239641189575	0.874524712562561	8	12	6	6	6	6	780	400	UCGUCAGCCUACUUCUUAGGUGUAUUGAGCCAAGUAACACGGUCUAGAACUGUGUAAACUCUCGGUUUACCAAAAGGCUCCCUUACCCGGAAAGUGGUUUCUGGUAACUCACUCCUACGCGAUUUCUACUGUGCUCCGCGUGCCGCGGCUACGUUGAGAUACAAUCCUUGAGUACAGUCGGUACCUACUCCAGGCCCAUGAGUCUCGAUUCGAGCCACAUAUCAAUCGGGGAUUCAUAUCAAUUGCGGCAUCUUAGCUUGCGGCGGGAAGAGUCGGUCAGCAGUCUGCACGAGGUGCAACAGAUGGUGCACUUUAGCCUGAGGCAUCGCUCGAUCACCUCUCAUGCCUGGCAUCAACUAUGAGCAUGCGUCGCGCAGAGUAAGACGACGGUGGUUGCGGU
28	0.9388309121131897	0.9389312863349915	9	12	6	6	6	6	780	400	UCGUCAGCCUACUUCUUAGGUGUAUUGAGCCAAGUAACACGGUCUAGAACUGUGUAAACUCUCGGUUUACCAAAAGGCUCCCUUACCCGGAAAGUGGUUUCUGGUAACUCACUCCUACGCGAUUUCUACUGUGCUCCGCGUGCCGCGGCUACGUUGAGAUACAAUCCUUGAGUACAGUCGGUACCUACUCCAGGCCCAUGAGUCUCGAUUCGAGCCACAUAUCAAUCGGGGAUUCAUAUCAAUUGCGGCAUCUUAGCUUGCGGCGGGAAGAGUCGGUCAGCAGUCUGCACGAGGUGCAACAGAUGGUGCACUUUAGCCUGAGGCAUCGCUCGAUCACCUCUCAUGCCUGGCAUCAACUAUGAGCAUGCGUCGCGCAGAGUAAGACGACGGUGGUUGCGGU
28	0.9541231393814087	0.9541984796524048	10	12	6	6	6	6	780	400	UCGUCAGCCUACUUCUUAGGUGUAUUGAGCCAAGUAACACGGUCUAGAACUGUGUAAACUCUCGGUUUACCAAAAGGCUCCCUUACCCGGAAAGUGGUUUCUGGUAACUCACUCCUACGCGAUUUCUACUGUGCUCCGCGUGCCGCGGCUACGUUGAGAUACAAUCCUUGAGUACAGUCGGUACCUACUCCAGGCCCAUGAGUCUCGAUUCGAGCCACAUAUCAAUCGGGGAUUCAUAUCAAUUGCGGCAUCUUAGCUUGCGGCGGGAAGAGUCGGUCAGCAGUCUGCACGAGGUGCAACAGAUGGUGCACUUUAGCCUGAGGCAUCGCUCGAUCACCUCUCAUGCCUGGCAUCAACUAUGAGCAUGCGUCGCGCAGAGUAAGACGACGGUGGUUGCGGU
28	0.8677606582641602	0.8679245114326477	11	12	6	6	6	6	780	400	UCGUCAGCCUACUUCUUAGGUGUAUUGAGCCAAGUAACACGGUCUAGAACUGUGUAAACUCUCGGUUUACCAAAAGGCUCCCUUACCCGGAAAGUGGUUUCUGGUAACUCACUCCUACGCGAUUUCUACUGUGCUCCGCGUGCCGCGGCUACGUUGAGAUACAAUCCUUGAGUACAGUCGGUACCUACUCCAGGCCCAUGAGUCUCGAUUCGAGCCACAUAUCAAUCGGGGAUUCAUAUCAAUUGCGGCAUCUUAGCUUGCGGCGGGAAGAGUCGGUCAGCAGUCUGCACGAGGUGCAACAGAUGGUGCACUUUAGCCUGAGGCAUCGCUCGAUCACCUCUCAUGCCUGGCAUCAACUAUGAGCAUGCGUCGCGCAGAGUAAGACGACGGUGGUUGCGGU
28	0.8971754312515259	0.897338330745697	12	12	6	6	6	6	780	400	UCGUCAGCCUACUUCUUAGGUGUAUUGAGCCAAGUAACACGGUCUAGAACUGUGUAAACUCUCGGUUUACCAAAAGGCUCCCUUACCCGGAAAGUGGUUUCUGGUAACUCACUCCUACGCGAUUUCUACUGUGCUCCGCGUGCCGCGGCUACGUUGAGAUACAAUCCUUGAGUACAGUCGGUACCUACUCCAGGCCCAUGAGUCUCGAUUCGAGCCACAUAUCAAUCGGGGAUUCAUAUCAAUUGCGGCAUCUUAGCUUGCGGCGGGAAGAGUCGGUCAGCAGUCUGCACGAGGUGCAACAGAUGGUGCACUUUAGCCUGAGGCAUCGCUCGAUCACCUCUCAUGCCUGGCAUCAACUAUGAGCAUGCGUCGCGCAGAGUAAGACGACGGUGGUUGCGGU
28	0.9469090700149536	0.9469696879386902	13	12	6	6	6	6	780	400	UCGUCAGCCUACUUCUUAGGUGUAUUGAGCCAAGUAACACGGUCUAGAACUGUGUAAACUCUCGGUUUACCAAAAGGCUCCCUUACCCGGAAAGUGGUUUCUGGUAACUCACUCCUACGCGAUUUCUACUGUGCUCCGCGUGCCGCGGCUACGUUGAGAUACAAUCCUUGAGUACAGUCGGUACCUACUCCAGGCCCAUGAGUCUCGAUUCGAGCCACAUAUCAAUCGGGGAUUCAUAUCAAUUGCGGCAUCUUAGCUUGCGGCGGGAAGAGUCGGUCAGCAGUCUGCACGAGGUGCAACAGAUGGUGCACUUUAGCCUGAGGCAUCGCUCGAUCACCUCUCAUGCCUGGCAUCAACUAUGAGCAUGCGUCGCGCAGAGUAAGACGACGGUGGUUGCGGU
28	0.8904412984848022	0.8905659914016724	13	12	6	6	6	6	780	400	UCGUCAGCCUACUUCUUAGGUGUAUUGAGCCAAGUAACACGGUCUAGAACUGUGUAAACUCUCGGUUUACCAAAAGGCUCCCUUACCCGGAAAGUGGUUUCUGGUAACUCACUCCUACGCGAUUUCUACUGUGCUCCGCGUGCCGCGGCUACGUUGAGAUACAAUCCUUGAGUACAGUCGGUACCUACUCCAGGCCCAUGAGUCUCGAUUCGAGCCACAUAUCAAUCGGGGAUUCAUAUCAAUUGCGGCAUCUUAGCUUGCGGCGGGAAGAGUCGGUCAGCAGUCUGCACGAGGUGCAACAGAUGGUGCACUUUAGCCUGAGGCAUCGCUCGAUCACCUCUCAUGCCUGGCAUCAACUAUGAGCAUGCGUCGCGCAGAGUAAGACGACGGUGGUUGCGGU
28	0.9388309121131897	0.9389312863349915	13	12	6	6	6	6	780	400	UCGUCAGCCUACUUCUUAGGUGUAUUGAGCCAAGUAACACGGUCUAGAACUGUGUAAACUCUCGGUUUACCAAAAGGCUCCCUUACCCGGAAAGUGGUUUCUGGUAACUCACUCCUACGCGAUUUCUACUGUGCUCCGCGUGCCGCGGCUACGUUGAGAUACAAUCCUUGAGUACAGUCGGUACCUACUCCAGGCCCAUGAGUCUCGAUUCGAGCCACAUAUCAAUCGGGGAUUCAUAUCAAUUGCGGCAUCUUAGCUUGCGGCGGGAAGAGUCGGUCAGCAGUCUGCACGAGGUGCAACAGAUGGUGCACUUUAGCCUGAGGCAUCGCUCGAUCACCUCUCAUGCCUGGCAUCAACUAUGAGCAUGCGUCGCGCAGAGUAAGACGACGGUGGUUGCGGU
28	0.9388309121131897	0.9389312863349915	13	12	6	6	6	6	780	400	UCGUCAGCCUACUUCUUAGGUGUAUUGAGCCAAGUAACACGGUCUAGAACUGUGUAAACUCUCGGUUUACCAAAAGGCUCCCUUACCCGGAAAGUGGUUUCUGGUAACUCACUCCUACGCGAUUUCUACUGUGCUCCGCGUGCCGCGGCUACGUUGAGAUACAAUCCUUGAGUACAGUCGGUACCUACUCCAGGCCCAUGAGUCUCGAUUCGAGCCACAUAUCAAUCGGGGAUUCAUAUCAAUUGCGGCAUCUUAGCUUGCGGCGGGAAGAGUCGGUCAGCAGUCUGCACGAGGUGCAACAGAUGGUGCACUUUAGCCUGAGGCAUCGCUCGAUCACCUCUCAUGCCUGGCAUCAACUAUGAGCAUGCGUCGCGCAGAGUAAGACGACGGUGGUUGCGGU
28	0.8570016622543335	0.8571428656578064	14	12	6	6	6	6	780	400	UCGUCAGCCUACUUCUUAGGUGUAUUGAGCCAAGUAACACGGUCUAGAACUGUGUAAACUCUCGGUUUACCAAAAGGCUCCCUUACCCGGAAAGUGGUUUCUGGUAACUCACUCCUACGCGAUUUCUACUGUGCUCCGCGUGCCGCGGCUACGUUGAGAUACAAUCCUUGAGUACAGUCGGUACCUACUCCAGGCCCAUGAGUCUCGAUUCGAGCCACAUAUCAAUCGGGGAUUCAUAUCAAUUGCGGCAUCUUAGCUUGCGGCGGGAAGAGUCGGUCAGCAGUCUGCACGAGGUGCAACAGAUGGUGCACUUUAGCCUGAGGCAUCGCUCGAUCACCUCUCAUGCCUGGCAUCAACUAUGAGCAUGCGUCGCGCAGAGUAAGACGACGGUGGUUGCGGU
28	0.8904412984848022	0.8905659914016724	13	12	6	6	6	6	780	400	UCGUCAGCCUACUUCUUAGGUGUAUUGAGCCAAGUAACACGGUCUAGAACUGUGUAAACUCUCGGUUUACCAAAAGGCUCCCUUACCCGGAAAGUGGUUUCUGGUAACUCACUCCUACGCGAUUUCUACUGUGCUCCGCGUGCCGCGGCUACGUUGAGAUACAAUCCUUGAGUACAGUCGGUACCUACUCCAGGCCCAUGAGUCUCGAUUCGAGCCACAUAUCAAUCGGGGAUUCAUAUCAAUUGCGGCAUCUUAGCUUGCGGCGGGAAGAGUCGGUCAGCAGUCUGCACGAGGUGCAACAGAUGGUGCACUUUAGCCUGAGGCAUCGCUCGAUCACCUCUCAUGCCUGGCAUCAACUAUGAGCAUGCGUCGCGCAGAGUAAGACGACGGUGGUUGCGGU
28	0.9388309121131897	0.9389312863349915	13	12	6	6	6	6	780	400	UCGUCAGCCUACUUCUUAGGUGUAUUGAGCCAAGUAACACGGUCUAGAACUGUGUAAACUCUCGGUUUACCAAAAGGCUCCCUUACCCGGAAAGUGGUUUCUGGUAACUCACUCCUACGCGAUUUCUACUGUGCUCCGCGUGCCGCGGCUACGUUGAGAUACAAUCCUUGAGUACAGUCGGUACCUACUCCAGGCCCAUGAGUCUCGAUUCGAGCCACAUAUCAAUCGGGGAUUCAUAUCAAUUGCGGCAUCUUAGCUUGCGGCGGGAAGAGUCGGUCAGCAGUCUGCACGAGGUGCAACAGAUGGUGCACUUUAGCCUGAGGCAUCGCUCGAUCACCUCUCAUGCCUGGCAUCAACUAUGAGCAUGCGUCGCGCAGAGUAAGACGACGGUGGUUGCGGU
28	0.8871304392814636	0.8872179985046387	14	12	6	6	6	6	780	400	UCGUCAGCCUACUUCUUAGGUGUAUUGAGCCAAGUAACACGGUCUAGAACUGUGUAAACUCUCGGUUUACCAAAAGGCUCCCUUACCCGGAAAGUGGUUUCUGGUAACUCACUCCUACGCGAUUUCUACUGUGCUCCGCGUGCCGCGGCUACGUUGAGAUACAAUCCUUGAGUACAGUCGGUACCUACUCCAGGCCCAUGAGUCUCGAUUCGAGCCACAUAUCAAUCGGGGAUUCAUAUCAAUUGCGGCAUCUUAGCUUGCGGCGGGAAGAGUCGGUCAGCAGUCUGCACGAGGUGCAACAGAUGGUGCACUUUAGCCUGAGGCAUCGCUCGAUCACCUCUCAUGCCUGGCAUCAACUAUGAGCAUGCGUCGCGCAGAGUAAGACGACGGUGGUUGCGGU
28	0.8971754312515259	0.897338330745697	13	12	6	6	6	6	780	400	UCGUCAGCCUACUUCUUAGGUGUAUUGAGCCAAGUAACACGGUCUAGAACUGUGUAAACUCUCGGUUUACCAAAAGGCUCCCUUACCCGGAAAGUGGUUUCUGGUAACUCACUCCUACGCGAUUUCUACUGUGCUCCGCGUGCCGCGGCUACGUUGAGAUACAAUCCUUGAGUACAGUCGGUACCUACUCCAGGCCCAUGAGUCUCGAUUCGAGCCACAUAUCAAUCGGGGAUUCAUAUCAAUUGCGGCAUCUUAGCUUGCGGCGGGAAGAGUCGGUCAGCAGUCUGCACGAGGUGCAACAGAUGGUGCACUUUAGCCUGAGGCAUCGCUCGAUCACCUCUCAUGCCUGGCAUCAACUAUGAGCAUGCGUCGCGCAGAGUAAGACGACGGUGGUUGCGGU
28	0.9469090700149536	0.9469696879386902	13	12	6	6	6	6	780	400	UCGUCAGCCUACUUCUUAGGUGUAUUGAGCCAAGUAACACGGUCUAGAACUGUGUAAACUCUCGGUUUACCAAAAGGCUCCCUUACCCGGAAAGUGGUUUCUGGUAACUCACUCCUACGCGAUUUCUACUGUGCUCCGCGUGCCGCGGCUACGUUGAGAUACAAUCCUUGAGUACAGUCGGUACCUACUCCAGGCCCAUGAGUCUCGAUUCGAGCCACAUAUCAAUCGGGGAUUCAUAUCAAUUGCGGCAUCUUAGCUUGCGGCGGGAAGAGUCGGUCAGCAGUCUGCACGAGGUGCAACAGAUGGUGCACUUUAGCCUGAGGCAUCGCUCGAUCACCUCUCAUGCCUGGCAUCAACUAUGAGCAUGCGUCGCGCAGAGUAAGACGACGGUGGUUGCGGU
28	0.8937894105911255	0.8939393758773804	14	12	6	6	6	6	780	400	UCGUCAGCCUACUUCUUAGGUGUAUUGAGCCAAGUAACACGGUCUAGAACUGUGUAAACUCUCGGUUUACCAAAAGGCUCCCUUACCCGGAAAGUGGUUUCUGGUAACUCACUCCUACGCGAUUUCUACUGUGCUCCGCGUGCCGCGGCUACGUUGAGAUACAAUCCUUGAGUACAGUCGGUACCUACUCCAGGCCCAUGAGUCUCGAUUCGAGCCACAUAUCAAUCGGGGAUUCAUAUCAAUUGCGGCAUCUUAGCUUGCGGCGGGAAGAGUCGGUCAGCAGUCUGCACGAGGUGCAACAGAUGGUGCACUUUAGCCUGAGGCAUCGCUCGAUCACCUCUCAUGCCUGGCAUCAACUAUGAGCAUGCGUCGCGCAGAGUAAGACGACGGUGGUUGCGGU
28	0.8971754312515259	0.897338330745697	13	12	6	6	6	6	780	400	UCGUCAGCCUACUUCUUAGGUGUAUUGAGCCAAGUAACACGGUCUAGAACUGUGUAAACUCUCGGUUUACCAAAAGGCUCCCUUACCCGGAAAGUGGUUUCUGGUAACUCACUCCUACGCGAUUUCUACUGUGCUCCGCGUGCCGCGGCUACGUUGAGAUACAAUCCUUGAGUACAGUCGGUACCUACUCCAGGCCCAUGAGUCUCGAUUCGAGCCACAUAUCAAUCGGGGAUUCAUAUCAAUUGCGGCAUCUUAGCUUGCGGCGGGAAGAGUCGGUCAGCAGUCUGCACGAGGUGCAACAGAUGGUGCACUUUAGCCUGAGGCAUCGCUCGAUCACCUCUCAUGCCUGGCAUCAACUAUGAGCAUGCGUCGCGCAGAGUAAGACGACGGUGGUUGCGGU
28	0.9541231393814087	0.9541984796524048	13	12	6	6	6	6	780	400	UCGUCAGCCUACUUCUUAGGUGUAUUGAGCCAAGUAACACGGUCUAGAACUGUGUAAACUCUCGGUUUACCAAAAGGCUCCCUUACCCGGAAAGUGGUUUCUGGUAACUCACUCCUACGCGAUUUCUACUGUGCUCCGCGUGCCGCGGCUACGUUGAGAUACAAUCCUUGAGUACAGUCGGUACCUACUCCAGGCCCAUGAGUCUCGAUUCGAGCCACAUAUCAAUCGGGGAUUCAUAUCAAUUGCGGCAUCUUAGCUUGCGGCGGGAAGAGUCGGUCAGCAGUCUGCACGAGGUGCAACAGAUGGUGCACUUUAGCCUGAGGCAUCGCUCGAUCACCUCUCAUGCCUGGCAUCAACUAUGAGCAUGCGUCGCGCAGAGUAAGACGACGGUGGUUGCGGU
28	0.8871304392814636	0.8872179985046387	14	12	6	6	6	6	780	400	UCGUCAGCCUACUUCUUAGGUGUAUUGAGCCAAGUAACACGGUCUAGAACUGUGUAAACUCUCGGUUUACCAAAAGGCUCCCUUACCCGGAAAGUGGUUUCUGGUAACUCACUCCUACGCGAUUUCUACUGUGCUCCGCGUGCCGCGGCUACGUUGAGAUACAAUCCUUGAGUACAGUCGGUACCUACUCCAGGCCCAUGAGUCUCGAUUCGAGCCACAUAUCAAUCGGGGAUUCAUAUCAAUUGCGGCAUCUUAGCUUGCGGCGGGAAGAGUCGGUCAGCAGUCUGCACGAGGUGCAACAGAUGGUGCACUUUAGCCUGAGGCAUCGCUCGAUCACCUCUCAUGCCUGGCAUCAACUAUGAGCAUGCGUCGCGCAGAGUAAGACGACGGUGGUUGCGGU
28	0.8904412984848022	0.8905659914016724	13	12	6	6	6	6	780	400	UCGUCAGCCUACUUCUUAGGUGUAUUGAGCCAAGUAACACGGUCUAGAACUGUGUAAACUCUCGGUUUACCAAAAGGCUCCCUUACCCGGAAAGUGGUUUCUGGUAACUCACUCCUACGCGAUUUCUACUGUGCUCCGCGUGCCGCGGCUACGUUGAGAUACAAUCCUUGAGUACAGUCGGUACCUACUCCAGGCCCAUGAGUCUCGAUUCGAGCCACAUAUCAAUCGGGGAUUCAUAUCAAUUGCGGCAUCUUAGCUUGCGGCGGGAAGAGUCGGUCAGCAGUCUGCACGAGGUGCAACAGAUGGUGCACUUUAGCCUGAGGCAUCGCUCGAUCACCUCUCAUGCCUGGCAUCAACUAUGAGCAUGCGUCGCGCAGAGUAAGACGACGGUGGUUGCGGU
28	0.9504956603050232	0.9505704045295715	13	12	6	6	6	6	780	400	UCGUCAGCCUACUUCUUAGGUGUAUUGAGCCAAGUAACACGGUCUAGAACUGUGUAAACUCUCGGUUUACCAAAAGGCUCCCUUACCCGGAAAGUGGUUUCUGGUAACUCACUCCUACGCGAUUUCUACUGUGCUCCGCGUGCCGCGGCUACGUUGAGAUACAAUCCUUGAGUACAGUCGGUACCUACUCCAGGCCCAUGAGUCUCGAUUCGAGCCACAUAUCAAUCGGGGAUUCAUAUCAAUUGCGGCAUCUUAGCUUGCGGCGGGAAGAGUCGGUCAGCAGUCUGCACGAGGUGCAACAGAUGGUGCACUUUAGCCUGAGGCAUCGCUCGAUCACCUCUCAUGCCUGGCAUCAACUAUGAGCAUGCGUCGCGCAGAGUAAGACGACGGUGGUUGCGGU
28	0.8786123394966125	0.8787878751754761	14	12	6	6	6	6	780	400	UCGUCAGCCUACUUCUUAGGUGUAUUGAGCCAAGUAACACGGUCUAGAACUGUGUAAACUCUCGGUUUACCAAAAGGCUCCCUUACCCGGAAAGUGGUUUCUGGUAACUCACUCCUACGCGAUUUCUACUGUGCUCCGCGUGCCGCGGCUACGUUGAGAUACAAUCCUUGAGUACAGUCGGUACCUACUCCAGGCCCAUGAGUCUCGAUUCGAGCCACAUAUCAAUCGGGGAUUCAUAUCAAUUGCGGCAUCUUAGCUUGCGGCGGGAAGAGUCGGUCAGCAGUCUGCACGAGGUGCAACAGAUGGUGCACUUUAGCCUGAGGCAUCGCUCGAUCACCUCUCAUGCCUGGCAUCAACUAUGAGCAUGCGUCGCGCAGAGUAAGACGACGGUGGUUGCGGU
29	0.8720731735229492	0.8722466826438904	1	12	6	6	6	6	780	400	CCCCGCACACUUAGUUAUCAGAGAGACAAGGGUCCGUGCCUCGGUGCAAGAUACGACUAUAAACUGCUUUCUGCUCCUCUCAGCGCCCAGGGCUCACUACAAGCUACCCCCGAGCUAAGGCGCGAAAACUGAAAUUGCAGGCUAUAGGUCAGCCAAACUGCCGCCUGGGCGGUGAUAACAAUGACGCGCAGAUGGCUGGGGGAUUACGCACCCUCUUAGUCGUUCUGGAAAUAUCAUACCACGUCAACUCACGUUUCUGUUAUCUGGUAGAUAUGGGCACAAAAGUAUUAGGCCGUGUCCGAAAGAUUUUUAUUGGUGGCGGCUCCAAAAAGUGUCACGUCACAGUGCAAGAAACUUUUUUACUUCAAUGAUUGACGCGAGAGUCCGCAUCAAACCAAAU
29	0.8720731735229492	0.8722466826438904	2	12	6	6	6	6	780	400	CCCCGCACACUUAGUUAUCAGAGAGACAAGGGUCCGUGCCUCGGUGCAAGAUACGACUAUAAACUGCUUUCUGCUCCUCUCAGCGCCCAGGGCUCACUACAAGCUACCCCCGAGCUAAGGCGCGAAAACUGAAAUUGCAGGCUAUAGGUCAGCCAAACUGCCGCCUGGGCGGUGAUAACAAUGACGCGCAGAUGGCUGGGGGAUUACGCACCCUCUUAGUCGUUCUGGAAAUAUCAUACCACGUCAACUCACGUUUCUGUUAUCUGGUAGAUAUGGGCACAAAAGUAUUAGGCCGUGUCCGAAAGAUUUUUAUUGGUGGCGGCUCCAAAAAGUGUCACGUCACAGUGCAAGAAACUUUUUUACUUCAAUGAUUGACGCGAGAGUCCGCAUCAAACCAAAU
29	0.8808964490890503	0.8810573220252991	3	12	6	6	6	6	780	400	CCCCGCACACUUAGUUAUCAGAGAGACAAGGGUCCGUGCCUCGGUGCAAGAUACGACUAUAAACUGCUUUCUGCUCCUCUCAGCGCCCAGGGCUCACUACAAGCUACCCCCGAGCUAAGGCGCGAAAACUGAAAUUGCAGGCUAUAGGUCAGCCAAACUGCCGCCUGGGCGGUGAUAACAAUGACGCGCAGAUGGCUGGGGGAUUACGCACCCUCUUAGUCGUUCUGGAAAUAUCAUACCACGUCAACUCACGUUUCUGUUAUCUGGUAGAUAUGGGCACAAAAGUAUUAGGCCGUGUCCGAAAGAUUUUUAUUGGUGGCGGCUCCAAAAAGUGUCACGUCACAGUGCAAGAAACUUUUUUACUUCAAUGAUUGACGCGAGAGUCCGCAUCAAACCAAAU
29	0.8279572129249573	0.8281938433647156	4	12	6	6	6	6	780	400	CCCCGCACACUUAGUUAUCAGAGAGACAAGGGUCCGUGCCUCGGUGCAAGAUACGACUAUAAACUGCUUUCUGCUCCUCUCAGCGCCCAGGGCUCACUACAAGCUACCCCCGAGCUAAGGCGCGAAAACUGAAAUUGCAGGCUAUAGGUCAGCCAAACUGCCGCCUGGGCGGUGAUAACAAUGACGCGCAGAUGGCUGGGGGAUUACGCACCCUCUUAGUCGUUCUGGAAAUAUCAUACCACGUCAACUCACGUUUCUGUUAUCUGGUAGAUAUGGGCACAAAAGUAUUAGGCCGUGUCCGAAAGAUUUUUAUUGGUGGCGGCUCCAAAAAGUGUCACGUCACAGUGCAAGAAACUUUUUUACUUCAAUGAUUGACGCGAGAGUCCGCAUCAAACCAAAU
29	0.8155259490013123	0.8157894611358643	5	12	6	6	6	6	780	400	CCCCGCACACUUAGUUAUCAGAGAGACAAGGGUCCGUGCCUCGGUGCAAGAUACGACUAUAAACUGCUUUCUGCUCCUCUCAGCGCCCAGGGCUCACUACAAGCUACCCCCGAGCUAAGGCGCGAAAACUGAAAUUGCAGGCUAUAGGUCAGCCAAACUGCCGCCUGGGCGGUGAUAACAAUGACGCGCAGAUGGCUGGGGGAUUACGCACCCUCUUAGUCGUUCUGGAAAUAUCAUACCACGUCAACUCACGUUUCUGUUAUCUGGUAGAUAUGGGCACAAAAGUAUUAGGCCGUGUCCGAAAGAUUUUUAUUGGUGGCGGCUCCAAAAAGUGUCACGUCACAGUGCAAGAAACUUUUUUACUUCAAUGAUUGACGCGAGAGUCCGCAUCAAACCAAAU
29	0.8462071418762207	0.8461537957191467	6	12	6	6	6	6	780	400	CCCCGCACACUUAGUUAUCAGAGAGACAAGGGUCCGUGCCUCGGUGCAAGAUACGACUAUAAACUGCUUUCUGCUCCUCUCAGCGCCCAGGGCUCACUACAAGCUACCCCCGAGCUAAGGCGCGAAAACUGAAAUUGCAGGCUAUAGGUCAGCCAAACUGCCGCCUGGGCGGUGAUAACAAUGACGCGCAGAUGGCUGGGGGAUUACGCACCCUCUUAGUCGUUCUGGAAAUAUCAUACCACGUCAACUCACGUUUCUGUUAUCUGGUAGAUAUGGGCACAAAAGUAUUAGGCCGUGUCCGAAAGAUUUUUAUUGGUGGCGGCUCCAAAAAGUGUCACGUCACAGUGCAAGAAACUUUUUUACUUCAAUGAUUGACGCGAGAGUCCGCAUCAAACCAAAU
29	0.7681435346603394	0.7679324150085449	7	12	6	6	6	6	780	400	CCCCGCACACUUAGUUAUCAGAGAGACAAGGGUCCGUGCCUCGGUGCAAGAUACGACUAUAAACUGCUUUCUGCUCCUCUCAGCGCCCAGGGCUCACUACAAGCUACCCCCGAGCUAAGGCGCGAAAACUGAAAUUGCAGGCUAUAGGUCAGCCAAACUGCCGCCUGGGCGGUGAUAACAAUGACGCGCAGAUGGCUGGGGGAUUACGCACCCUCUUAGUCGUUCUGGAAAUAUCAUACCACGUCAACUCACGUUUCUGUUAUCUGGUAGAUAUGGGCACAAAAGUAUUAGGCCGUGUCCGAAAGAUUUUUAUUGGUGGCGGCUCCAAAAAGUGUCACGUCACAGUGCAAGAAACUUUUUUACUUCAAUGAUUGACGCGAGAGUCCGCAUCAAACCAAAU
29	0.9867358207702637	0.9866666793823242	8	12	6	6	6	6	780	400	CCCCGCACACUUAGUUAUCAGAGAGACAAGGGUCCGUGCCUCGGUGCAAGAUACGACUAUAAACUGCUUUCUGCUCCUCUCAGCGCCCAGGGCUCACUACAAGCUACCCCCGAGCUAAGGCGCGAAAACUGAAAUUGCAGGCUAUAGGUCAGCCAAACUGCCGCCUGGGCGGUGAUAACAAUGACGCGCAGAUGGCUGGGGGAUUACGCACCCUCUUAGUCGUUCUGGAAAUAUCAUACCACGUCAACUCACGUUUCUGUUAUCUGGUAGAUAUGGGCACAAAAGUAUUAGGCCGUGUCCGAAAGAUUUUUAUUGGUGGCGGCUCCAAAAAGUGUCACGUCACAGUGCAAGAAACUUUUUUACUUCAAUGAUUGACGCGAGAGUCCGCAUCAAACCAAAU
29	0.8469500541687012	0.8471614718437195	9	12	6	6	6	6	780	400	CCCCGCACACUUAGUUAUCAGAGAGACAAGGGUCCGUGCCUCGGUGCAAGAUACGACUAUAAACUGCUUUCUGCUCCUCUCAGCGCCCAGGGCUCACUACAAGCUACCCCCGAGCUAAGGCGCGAAAACUGAAAUUGCAGGCUAUAGGUCAGCCAAACUGCCGCCUGGGCGGUGAUAACAAUGACGCGCAGAUGGCUGGGGGAUUACGCACCCUCUUAGUCGUUCUGGAAAUAUCAUACCACGUCAACUCACGUUUCUGUUAUCUGGUAGAUAUGGGCACAAAAGUAUUAGGCCGUGUCCGAAAGAUUUUUAUUGGUGGCGGCUCCAAAAAGUGUCACGUCACAGUGCAAGAAACUUUUUUACUUCAAUGAUUGACGCGAGAGUCCGCAUCAAACCAAAU
29	0.8945862650871277	0.8947368264198303	10	12	6	6	6	6	780	400	CCCCGCACACUUAGUUAUCAGAGAGACAAGGGUCCGUGCCUCGGUGCAAGAUACGACUAUAAACUGCUUUCUGCUCCUCUCAGCGCCCAGGGCUCACUACAAGCUACCCCCGAGCUAAGGCGCGAAAACUGAAAUUGCAGGCUAUAGGUCAGCCAAACUGCCGCCUGGGCGGUGAUAACAAUGACGCGCAGAUGGCUGGGGGAUUACGCACCCUCUUAGUCGUUCUGGAAAUAUCAUACCACGUCAACUCACGUUUCUGUUAUCUGGUAGAUAUGGGCACAAAAGUAUUAGGCCGUGUCCGAAAGAUUUUUAUUGGUGGCGGCUCCAAAAAGUGUCACGUCACAGUGCAAGAAACUUUUUUACUUCAAUGAUUGACGCGAGAGUCCGCAUCAAACCAAAU
29	0.9431589245796204	0.943231463432312	11	12	6	6	6	6	780	400	CCCCGCACACUUAGUUAUCAGAGAGACAAGGGUCCGUGCCUCGGUGCAAGAUACGACUAUAAACUGCUUUCUGCUCCUCUCAGCGCCCAGGGCUCACUACAAGCUACCCCCGAGCUAAGGCGCGAAAACUGAAAUUGCAGGCUAUAGGUCAGCCAAACUGCCGCCUGGGCGGUGAUAACAAUGACGCGCAGAUGGCUGGGGGAUUACGCACCCUCUUAGUCGUUCUGGAAAUAUCAUACCACGUCAACUCACGUUUCUGUUAUCUGGUAGAUAUGGGCACAAAAGUAUUAGGCCGUGUCCGAAAGAUUUUUAUUGGUGGCGGCUCCAAAAAGUGUCACGUCACAGUGCAAGAAACUUUUUUACUUCAAUGAUUGACGCGAGAGUCCGCAUCAAACCAAAU
29	0.9023851156234741	0.9021276831626892	12	12	6	6	6	6	780	400	CCCCGCACACUUAGUUAUCAGAGAGACAAGGGUCCGUGCCUCGGUGCAAGAUACGACUAUAAACUGCUUUCUGCUCCUCUCAGCGCCCAGGGCUCACUACAAGCUACCCCCGAGCUAAGGCGCGAAAACUGAAAUUGCAGGCUAUAGGUCAGCCAAACUGCCGCCUGGGCGGUGAUAACAAUGACGCGCAGAUGGCUGGGGGAUUACGCACCCUCUUAGUCGUUCUGGAAAUAUCAUACCACGUCAACUCACGUUUCUGUUAUCUGGUAGAUAUGGGCACAAAAGUAUUAGGCCGUGUCCGAAAGAUUUUUAUUGGUGGCGGCUCCAAAAAGUGUCACGUCACAGUGCAAGAAACUUUUUUACUUCAAUGAUUGACGCGAGAGUCCGCAUCAAACCAAAU
29	0.8462071418762207	0.8461537957191467	10	12	6	6	6	6	780	400	CCCCGCACACUUAGUUAUCAGAGAGACAAGGGUCCGUGCCUCGGUGCAAGAUACGACUAUAAACUGCUUUCUGCUCCUCUCAGCGCCCAGGGCUCACUACAAGCUACCCCCGAGCUAAGGCGCGAAAACUGAAAUUGCAGGCUAUAGGUCAGCCAAACUGCCGCCUGGGCGGUGAUAACAAUGACGCGCAGAUGGCUGGGGGAUUACGCACCCUCUUAGUCGUUCUGGAAAUAUCAUACCACGUCAACUCACGUUUCUGUUAUCUGGUAGAUAUGGGCACAAAAGUAUUAGGCCGUGUCCGAAAGAUUUUUAUUGGUGGCGGCUCCAAAAAGUGUCACGUCACAGUGCAAGAAACUUUUUUACUUCAAUGAUUGACGCGAGAGUCCGCAUCAAACCAAAU
29	0.8927532434463501	0.8927038311958313	12	12	6	6	6	6	780	400	CCCCGCACACUUAGUUAUCAGAGAGACAAGGGUCCGUGCCUCGGUGCAAGAUACGACUAUAAACUGCUUUCUGCUCCUCUCAGCGCCCAGGGCUCACUACAAGCUACCCCCGAGCUAAGGCGCGAAAACUGAAAUUGCAGGCUAUAGGUCAGCCAAACUGCCGCCUGGGCGGUGAUAACAAUGACGCGCAGAUGGCUGGGGGAUUACGCACCCUCUUAGUCGUUCUGGAAAUAUCAUACCACGUCAACUCACGUUUCUGUUAUCUGGUAGAUAUGGGCACAAAAGUAUUAGGCCGUGUCCGAAAGAUUUUUAUUGGUGGCGGCUCCAAAAAGUGUCACGUCACAGUGCAAGAAACUUUUUUACUUCAAUGAUUGACGCGAGAGUCCGCAUCAAACCAAAU
29	0.9099497199058533	0.9098712205886841	12	12	6	6	6	6	780	400	CCCCGCACACUUAGUUAUCAGAGAGACAAGGGUCCGUGCCUCGGUGCAAGAUACGACUAUAAACUGCUUUCUGCUCCUCUCAGCGCCCAGGGCUCACUACAAGCUACCCCCGAGCUAAGGCGCGAAAACUGAAAUUGCAGGCUAUAGGUCAGCCAAACUGCCGCCUGGGCGGUGAUAACAAUGACGCGCAGAUGGCUGGGGGAUUACGCACCCUCUUAGUCGUUCUGGAAAUAUCAUACCACGUCAACUCACGUUUCUGUUAUCUGGUAGAUAUGGGCACAAAAGUAUUAGGCCGUGUCCGAAAGAUUUUUAUUGGUGGCGGCUCCAAAAAGUGUCACGUCACAGUGCAAGAAACUUUUUUACUUCAAUGAUUGACGCGAGAGUCCGCAUCAAACCAAAU
29	0.9303696751594543	0.9304347634315491	12	12	6	6	6	6	780	400	CCCCGCACACUUAGUUAUCAGAGAGACAAGGGUCCGUGCCUCGGUGCAAGAUACGACUAUAAACUGCUUUCUGCUCCUCUCAGCGCCCAGGGCUCACUACAAGCUACCCCCGAGCUAAGGCGCGAAAACUGAAAUUGCAGGCUAUAGGUCAGCCAAACUGCCGCCUGGGCGGUGAUAACAAUGACGCGCAGAUGGCUGGGGGAUUACGCACCCUCUUAGUCGUUCUGGAAAUAUCAUACCACGUCAACUCACGUUUCUGUUAUCUGGUAGAUAUGGGCACAAAAGUAUUAGGCCGUGUCCGAAAGAUUUUUAUUGGUGGCGGCUCCAAAAAGUGUCACGUCACAGUGCAAGAAACUUUUUUACUUCAAUGAUUGACGCGAGAGUCCGCAUCAAACCAAAU
29	0.8039074540138245	0.8033472895622253	13	12	6	6	6	6	780	400	CCCCGCACACUUAGUUAUCAGAGAGACAAGGGUCCGUGCCUCGGUGCAAGAUACGACUAUAAACUGCUUUCUGCUCCUCUCAGCGCCCAGGGCUCACUACAAGCUACCCCCGAGCUAAGGCGCGAAAACUGAAAUUGCAGGCUAUAGGUCAGCCAAACUGCCGCCUGGGCGGUGAUAACAAUGACGCGCAGAUGGCUGGGGGAUUACGCACCCUCUUAGUCGUUCUGGAAAUAUCAUACCACGUCAACUCACGUUUCUGUUAUCUGGUAGAUAUGGGCACAAAAGUAUUAGGCCGUGUCCGAAAGAUUUUUAUUGGUGGCGGCUCCAAAAAGUGUCACGUCACAGUGCAAGAAACUUUUUUACUUCAAUGAUUGACGCGAGAGUCCGCAUCAAACCAAAU
29	0.8807728290557861	0.8796680569648743	13	12	6	6	6	6	780	400	CCCCGCACACUUAGUUAUCAGAGAGACAAGGGUCCGUGCCUCGGUGCAAGAUACGACUAUAAACUGCUUUCUGCUCCUCUCAGCGCCCAGGGCUCACUACAAGCUACCCCCGAGCUAAGGCGCGAAAACUGAAAUUGCAGGCUAUAGGUCAGCCAAACUGCCGCCUGGGCGGUGAUAACAAUGACGCGCAGAUGGCUGGGGGAUUACGCACCCUCUUAGUCGUUCUGGAAAUAUCAUACCACGUCAACUCACGUUUCUGUUAUCUGGUAGAUAUGGGCACAAAAGUAUUAGGCCGUGUCCGAAAGAUUUUUAUUGGUGGCGGCUCCAAAAAGUGUCACGUCACAGUGCAAGAAACUUUUUUACUUCAAUGAUUGACGCGAGAGUCCGCAUCAAACCAAAU
29	0.8508421182632446	0.8500000238418579	13	12	6	6	6	6	780	400	CCCCGCACACUUAGUUAUCAGAGAGACAAGGGUCCGUGCCUCGGUGCAAGAUACGACUAUAAACUGCUUUCUGCUCCUCUCAGCGCCCAGGGCUCACUACAAGCUACCCCCGAGCUAAGGCGCGAAAACUGAAAUUGCAGGCUAUAGGUCAGCCAAACUGCCGCCUGGGCGGUGAUAACAAUGACGCGCAGAUGGCUGGGGGAUUACGCACCCUCUUAGUCGUUCUGGAAAUAUCAUACCACGUCAACUCACGUUUCUGUUAUCUGGUAGAUAUGGGCACAAAAGUAUUAGGCCGUGUCCGAAAGAUUUUUAUUGGUGGCGGCUCCAAAAAGUGUCACGUCACAGUGCAAGAAACUUUUUUACUUCAAUGAUUGACGCGAGAGUCCGCAUCAAACCAAAU
29	0.8950056433677673	0.894514799118042	13	12	6	6	6	6	780	400	CCCCGCACACUUAGUUAUCAGAGAGACAAGGGUCCGUGCCUCGGUGCAAGAUACGACUAUAAACUGCUUUCUGCUCCUCUCAGCGCCCAGGGCUCACUACAAGCUACCCCCGAGCUAAGGCGCGAAAACUGAAAUUGCAGGCUAUAGGUCAGCCAAACUGCCGCCUGGGCGGUGAUAACAAUGACGCGCAGAUGGCUGGGGGAUUACGCACCCUCUUAGUCGUUCUGGAAAUAUCAUACCACGUCAACUCACGUUUCUGUUAUCUGGUAGAUAUGGGCACAAAAGUAUUAGGCCGUGUCCGAAAGAUUUUUAUUGGUGGCGGCUCCAAAAAGUGUCACGUCACAGUGCAAGAAACUUUUUUACUUCAAUGAUUGACGCGAGAGUCCGCAUCAAACCAAAU
29	0.8897196650505066	0.889867901802063	11	12	6	6	6	6	780	400	CCCCGCACACUUAGUUAUCAGAGAGACAAGGGUCCGUGCCUCGGUGCAAGAUACGACUAUAAACUGCUUUCUGCUCCUCUCAGCGCCCAGGGCUCACUACAAGCUACCCCCGAGCUAAGGCGCGAAAACUGAAAUUGCAGGCUAUAGGUCAGCCAAACUGCCGCCUGGGCGGUGAUAACAAUGACGCGCAGAUGGCUGGGGGAUUACGCACCCUCUUAGUCGUUCUGGAAAUAUCAUACCACGUCAACUCACGUUUCUGUUAUCUGGUAGAUAUGGGCACAAAAGUAUUAGGCCGUGUCCGAAAGAUUUUUAUUGGUGGCGGCUCCAAAAAGUGUCACGUCACAGUGCAAGAAACUUUUUUACUUCAAUGAUUGACGCGAGAGUCCGCAUCAAACCAAAU
29	0.8950056433677673	0.894514799118042	11	12	6	6	6	6	780	400	CCCCGCACACUUAGUUAUCAGAGAGACAAGGGUCCGUGCCUCGGUGCAAGAUACGACUAUAAACUGCUUUCUGCUCCUCUCAGCGCCCAGGGCUCACUACAAGCUACCCCCGAGCUAAGGCGCGAAAACUGAAAUUGCAGGCUAUAGGUCAGCCAAACUGCCGCCUGGGCGGUGAUAACAAUGACGCGCAGAUGGCUGGGGGAUUACGCACCCUCUUAGUCGUUCUGGAAAUAUCAUACCACGUCAACUCACGUUUCUGUUAUCUGGUAGAUAUGGGCACAAAAGUAUUAGGCCGUGUCCGAAAGAUUUUUAUUGGUGGCGGCUCCAAAAAGUGUCACGUCACAGUGCAAGAAACUUUUUUACUUCAAUGAUUGACGCGAGAGUCCGCAUCAAACCAAAU
29	0.8477205634117126	0.8474575877189636	12	12	6	6	6	6	780	400	CCCCGCACACUUAGUUAUCAGAGAGACAAGGGUCCGUGCCUCGGUGCAAGAUACGACUAUAAACUGCUUUCUGCUCCUCUCAGCGCCCAGGGCUCACUACAAGCUACCCCCGAGCUAAGGCGCGAAAACUGAAAUUGCAGGCUAUAGGUCAGCCAAACUGCCGCCUGGGCGGUGAUAACAAUGACGCGCAGAUGGCUGGGGGAUUACGCACCCUCUUAGUCGUUCUGGAAAUAUCAUACCACGUCAACUCACGUUUCUGUUAUCUGGUAGAUAUGGGCACAAAAGUAUUAGGCCGUGUCCGAAAGAUUUUUAUUGGUGGCGGCUCCAAAAAGUGUCACGUCACAGUGCAAGAAACUUUUUUACUUCAAUGAUUGACGCGAGAGUCCGCAUCAAACCAAAU
29	0.9138038754463196	0.9137930870056152	13	12	6	6	6	6	780	400	CCCCGCACACUUAGUUAUCAGAGAGACAAGGGUCCGUGCCUCGGUGCAAGAUACGACUAUAAACUGCUUUCUGCUCCUCUCAGCGCCCAGGGCUCACUACAAGCUACCCCCGAGCUAAGGCGCGAAAACUGAAAUUGCAGGCUAUAGGUCAGCCAAACUGCCGCCUGGGCGGUGAUAACAAUGACGCGCAGAUGGCUGGGGGAUUACGCACCCUCUUAGUCGUUCUGGAAAUAUCAUACCACGUCAACUCACGUUUCUGUUAUCUGGUAGAUAUGGGCACAAAAGUAUUAGGCCGUGUCCGAAAGAUUUUUAUUGGUGGCGGCUCCAAAAAGUGUCACGUCACAGUGCAAGAAACUUUUUUACUUCAAUGAUUGACGCGAGAGUCCGCAUCAAACCAAAU
29	0.8682771325111389	0.8680850863456726	12	12	6	6	6	6	780	400	CCCCGCACACUUAGUUAUCAGAGAGACAAGGGUCCGUGCCUCGGUGCAAGAUACGACUAUAAACUGCUUUCUGCUCCUCUCAGCGCCCAGGGCUCACUACAAGCUACCCCCGAGCUAAGGCGCGAAAACUGAAAUUGCAGGCUAUAGGUCAGCCAAACUGCCGCCUGGGCGGUGAUAACAAUGACGCGCAGAUGGCUGGGGGAUUACGCACCCUCUUAGUCGUUCUGGAAAUAUCAUACCACGUCAACUCACGUUUCUGUUAUCUGGUAGAUAUGGGCACAAAAGUAUUAGGCCGUGUCCGAAAGAUUUUUAUUGGUGGCGGCUCCAAAAAGUGUCACGUCACAGUGCAAGAAACUUUUUUACUUCAAUGAUUGACGCGAGAGUCCGCAUCAAACCAAAU
29	0.8611757159233093	0.8607594966888428	12	12	6	6	6	6	780	400	CCCCGCACACUUAGUUAUCAGAGAGACAAGGGUCCGUGCCUCGGUGCAAGAUACGACUAUAAACUGCUUUCUGCUCCUCUCAGCGCCCAGGGCUCACUACAAGCUACCCCCGAGCUAAGGCGCGAAAACUGAAAUUGCAGGCUAUAGGUCAGCCAAACUGCCGCCUGGGCGGUGAUAACAAUGACGCGCAGAUGGCUGGGGGAUUACGCACCCUCUUAGUCGUUCUGGAAAUAUCAUACCACGUCAACUCACGUUUCUGUUAUCUGGUAGAUAUGGGCACAAAAGUAUUAGGCCGUGUCCGAAAGAUUUUUAUUGGUGGCGGCUCCAAAAAGUGUCACGUCACAGUGCAAGAAACUUUUUUACUUCAAUGAUUGACGCGAGAGUCCGCAUCAAACCAAAU
29	0.8533622026443481	0.8534482717514038	10	12	6	6	6	6	780	400	CCCCGCACACUUAGUUAUCAGAGAGACAAGGGUCCGUGCCUCGGUGCAAGAUACGACUAUAAACUGCUUUCUGCUCCUCUCAGCGCCCAGGGCUCACUACAAGCUACCCCCGAGCUAAGGCGCGAAAACUGAAAUUGCAGGCUAUAGGUCAGCCAAACUGCCGCCUGGGCGGUGAUAACAAUGACGCGCAGAUGGCUGGGGGAUUACGCACCCUCUUAGUCGUUCUGGAAAUAUCAUACCACGUCAACUCACGUUUCUGUUAUCUGGUAGAUAUGGGCACAAAAGUAUUAGGCCGUGUCCGAAAGAUUUUUAUUGGUGGCGGCUCCAAAAAGUGUCACGUCACAGUGCAAGAAACUUUUUUACUUCAAUGAUUGACGCGAGAGUCCGCAUCAAACCAAAU
29	0.8868269920349121	0.8869565725326538	11	12	6	6	6	6	780	400	CCCCGCACACUUAGUUAUCAGAGAGACAAGGGUCCGUGCCUCGGUGCAAGAUACGACUAUAAACUGCUUUCUGCUCCUCUCAGCGCCCAGGGCUCACUACAAGCUACCCCCGAGCUAAGGCGCGAAAACUGAAAUUGCAGGCUAUAGGUCAGCCAAACUGCCGCCUGGGCGGUGAUAACAAUGACGCGCAGAUGGCUGGGGGAUUACGCACCCUCUUAGUCGUUCUGGAAAUAUCAUACCACGUCAACUCACGUUUCUGUUAUCUGGUAGAUAUGGGCACAAAAGUAUUAGGCCGUGUCCGAAAGAUUUUUAUUGGUGGCGGCUCCAAAAAGUGUCACGUCACAGUGCAAGAAACUUUUUUACUUCAAUGAUUGACGCGAGAGUCCGCAUCAAACCAAAU
29	0.7857263088226318	0.7860262393951416	11	12	6	6	6	6	780	400	CCCCGCACACUUAGUUAUCAGAGAGACAAGGGUCCGUGCCUCGGUGCAAGAUACGACUAUAAACUGCUUUCUGCUCCUCUCAGCGCCCAGGGCUCACUACAAGCUACCCCCGAGCUAAGGCGCGAAAACUGAAAUUGCAGGCUAUAGGUCAGCCAAACUGCCGCCUGGGCGGUGAUAACAAUGACGCGCAGAUGGCUGGGGGAUUACGCACCCUCUUAGUCGUUCUGGAAAUAUCAUACCACGUCAACUCACGUUUCUGUUAUCUGGUAGAUAUGGGCACAAAAGUAUUAGGCCGUGUCCGAAAGAUUUUUAUUGGUGGCGGCUCCAAAAAGUGUCACGUCACAGUGCAAGAAACUUUUUUACUUCAAUGAUUGACGCGAGAGUCCGCAUCAAACCAAAU
30	0.3438738286495209	0.3448275923728943	1	12	6	6	6	6	780	400	UCUACGACUGUGCGAAAGACGCAUAUCCACAACCCAACGUUGAUCAUGAACCUGGGGGUAGUCGAUAGUCACAUCUCACUAUUGUGGUCGUAAUAUCGCAUUCGUUACCUUUGCCUCGGGUUAUUCGCCCCACGAUGCCGAUUAUCCUUAUUGCCCGAACGAGCAUUCCGGGGUCACGUCGGCGCAGGCGCACCUCAUGGUGUCGUUCGCGCCAAGGUUAACGAACCGUUCUCGAGGUAUGCCUCUACGCUCGCGCGAUCCCACCACUACUCGGCGAGGUGCAGAAGGGUAUGCUUAGACUUACUCGCCUUAUCCUCCGUUGUAUAAGGUCUCAUAGGAAGGAAAUUGGAAUUAGUGUCUGAAUAAACGCGCUAGUAGUAUUUACUUCGCCUCACACAUU
30	0.5891628265380859	0.5897436141967773	2	12	6	6	6	6	780	400	UCUACGACUGUGCGAAAGACGCAUAUCCACAACCCAACGUUGAUCAUGAACCUGGGGGUAGUCGAUAGUCACAUCUCACUAUUGUGGUCGUAAUAUCGCAUUCGUUACCUUUGCCUCGGGUUAUUCGCCCCACGAUGCCGAUUAUCCUUAUUGCCCGAACGAGCAUUCCGGGGUCACGUCGGCGCAGGCGCACCUCAUGGUGUCGUUCGCGCCAAGGUUAACGAACCGUUCUCGAGGUAUGCCUCUACGCUCGCGCGAUCCCACCACUACUCGGCGAGGUGCAGAAGGGUAUGCUUAGACUUACUCGCCUUAUCCUCCGUUGUAUAAGGUCUCAUAGGAAGGAAAUUGGAAUUAGUGUCUGAAUAAACGCGCUAGUAGUAUUUACUUCGCCUCACACAUU
30	0.5866734385490417	0.5872340798377991	3	12	6	6	6	6	780	400	UCUACGACUGUGCGAAAGACGCAUAUCCACAACCCAACGUUGAUCAUGAACCUGGGGGUAGUCGAUAGUCACAUCUCACUAUUGUGGUCGUAAUAUCGCAUUCGUUACCUUUGCCUCGGGUUAUUCGCCCCACGAUGCCGAUUAUCCUUAUUGCCCGAACGAGCAUUCCGGGGUCACGUCGGCGCAGGCGCACCUCAUGGUGUCGUUCGCGCCAAGGUUAACGAACCGUUCUCGAGGUAUGCCUCUACGCUCGCGCGAUCCCACCACUACUCGGCGAGGUGCAGAAGGGUAUGCUUAGACUUACUCGCCUUAUCCUCCGUUGUAUAAGGUCUCAUAGGAAGGAAAUUGGAAUUAGUGUCUGAAUAAACGCGCUAGUAGUAUUUACUUCGCCUCACACAUU
30	0.766373872756958	0.7665197849273682	4	12	6	6	6	6	780	400	UCUACGACUGUGCGAAAGACGCAUAUCCACAACCCAACGUUGAUCAUGAACCUGGGGGUAGUCGAUAGUCACAUCUCACUAUUGUGGUCGUAAUAUCGCAUUCGUUACCUUUGCCUCGGGUUAUUCGCCCCACGAUGCCGAUUAUCCUUAUUGCCCGAACGAGCAUUCCGGGGUCACGUCGGCGCAGGCGCACCUCAUGGUGUCGUUCGCGCCAAGGUUAACGAACCGUUCUCGAGGUAUGCCUCUACGCUCGCGCGAUCCCACCACUACUCGGCGAGGUGCAGAAGGGUAUGCUUAGACUUACUCGCCUUAUCCUCCGUUGUAUAAGGUCUCAUAGGAAGGAAAUUGGAAUUAGUGUCUGAAUAAACGCGCUAGUAGUAUUUACUUCGCCUCACACAUU
30	0.7447078824043274	0.7447698712348938	5	12	6	6	6	6	780	400	UCUACGACUGUGCGAAAGACGCAUAUCCACAACCCAACGUUGAUCAUGAACCUGGGGGUAGUCGAUAGUCACAUCUCACUAUUGUGGUCGUAAUAUCGCAUUCGUUACCUUUGCCUCGGGUUAUUCGCCCCACGAUGCCGAUUAUCCUUAUUGCCCGAACGAGCAUUCCGGGGUCACGUCGGCGCAGGCGCACCUCAUGGUGUCGUUCGCGCCAAGGUUAACGAACCGUUCUCGAGGUAUGCCUCUACGCUCGCGCGAUCCCACCACUACUCGGCGAGGUGCAGAAGGGUAUGCUUAGACUUACUCGCCUUAUCCUCCGUUGUAUAAGGUCUCAUAGGAAGGAAAUUGGAAUUAGUGUCUGAAUAAACGCGCUAGUAGUAUUUACUUCGCCUCACACAUU
30	0.6494133472442627	0.6497889757156372	6	12	6	6	6	6	780	400	UCUACGACUGUGCGAAAGACGCAUAUCCACAACCCAACGUUGAUCAUGAACCUGGGGGUAGUCGAUAGUCACAUCUCACUAUUGUGGUCGUAAUAUCGCAUUCGUUACCUUUGCCUCGGGUUAUUCGCCCCACGAUGCCGAUUAUCCUUAUUGCCCGAACGAGCAUUCCGGGGUCACGUCGGCGCAGGCGCACCUCAUGGUGUCGUUCGCGCCAAGGUUAACGAACCGUUCUCGAGGUAUGCCUCUACGCUCGCGCGAUCCCACCACUACUCGGCGAGGUGCAGAAGGGUAUGCUUAGACUUACUCGCCUUAUCCUCCGUUGUAUAAGGUCUCAUAGGAAGGAAAUUGGAAUUAGUGUCUGAAUAAACGCGCUAGUAGUAUUUACUUCGCCUCACACAUU
30	0.7470284700393677	0.7468880414962769	7	12	6	6	6	6	780	400	UCUACGACUGUGCGAAAGACGCAUAUCCACAACCCAACGUUGAUCAUGAACCUGGGGGUAGUCGAUAGUCACAUCUCACUAUUGUGGUCGUAAUAUCGCAUUCGUUACCUUUGCCUCGGGUUAUUCGCCCCACGAUGCCGAUUAUCCUUAUUGCCCGAACGAGCAUUCCGGGGUCACGUCGGCGCAGGCGCACCUCAUGGUGUCGUUCGCGCCAAGGUUAACGAACCGUUCUCGAGGUAUGCCUCUACGCUCGCGCGAUCCCACCACUACUCGGCGAGGUGCAGAAGGGUAUGCUUAGACUUACUCGCCUUAUCCUCCGUUGUAUAAGGUCUCAUAGGAAGGAAAUUGGAAUUAGUGUCUGAAUAAACGCGCUAGUAGUAUUUACUUCGCCUCACACAUU
30	0.7393426299095154	0.7394957542419434	8	12	6	6	6	6	780	400	UCUACGACUGUGCGAAAGACGCAUAUCCACAACCCAACGUUGAUCAUGAACCUGGGGGUAGUCGAUAGUCACAUCUCACUAUUGUGGUCGUAAUAUCGCAUUCGUUACCUUUGCCUCGGGUUAUUCGCCCCACGAUGCCGAUUAUCCUUAUUGCCCGAACGAGCAUUCCGGGGUCACGUCGGCGCAGGCGCACCUCAUGGUGUCGUUCGCGCCAAGGUUAACGAACCGUUCUCGAGGUAUGCCUCUACGCUCGCGCGAUCCCACCACUACUCGGCGAGGUGCAGAAGGGUAUGCUUAGACUUACUCGCCUUAUCCUCCGUUGUAUAAGGUCUCAUAGGAAGGAAAUUGGAAUUAGUGUCUGAAUAAACGCGCUAGUAGUAUUUACUUCGCCUCACACAUU
30	0.8151883482933044	0.8154506087303162	9	12	6	6	6	6	780	400	UCUACGACUGUGCGAAAGACGCAUAUCCACAACCCAACGUUGAUCAUGAACCUGGGGGUAGUCGAUAGUCACAUCUCACUAUUGUGGUCGUAAUAUCGCAUUCGUUACCUUUGCCUCGGGUUAUUCGCCCCACGAUGCCGAUUAUCCUUAUUGCCCGAACGAGCAUUCCGGGGUCACGUCGGCGCAGGCGCACCUCAUGGUGUCGUUCGCGCCAAGGUUAACGAACCGUUCUCGAGGUAUGCCUCUACGCUCGCGCGAUCCCACCACUACUCGGCGAGGUGCAGAAGGGUAUGCUUAGACUUACUCGCCUUAUCCUCCGUUGUAUAAGGUCUCAUAGGAAGGAAAUUGGAAUUAGUGUCUGAAUAAACGCGCUAGUAGUAUUUACUUCGCCUCACACAUU
30	0.7553455233573914	0.7551867365837097	10	12	6	6	6	6	780	400	UCUACGACUGUGCGAAAGACGCAUAUCCACAACCCAACGUUGAUCAUGAACCUGGGGGUAGUCGAUAGUCACAUCUCACUAUUGUGGUCGUAAUAUCGCAUUCGUUACCUUUGCCUCGGGUUAUUCGCCCCACGAUGCCGAUUAUCCUUAUUGCCCGAACGAGCAUUCCGGGGUCACGUCGGCGCAGGCGCACCUCAUGGUGUCGUUCGCGCCAAGGUUAACGAACCGUUCUCGAGGUAUGCCUCUACGCUCGCGCGAUCCCACCACUACUCGGCGAGGUGCAGAAGGGUAUGCUUAGACUUACUCGCCUUAUCCUCCGUUGUAUAAGGUCUCAUAGGAAGGAAAUUGGAAUUAGUGUCUGAAUAAACGCGCUAGUAGUAUUUACUUCGCCUCACACAUU
30	0.7771870493888855	0.7768595218658447	11	12	6	6	6	6	780	400	UCUACGACUGUGCGAAAGACGCAUAUCCACAACCCAACGUUGAUCAUGAACCUGGGGGUAGUCGAUAGUCACAUCUCACUAUUGUGGUCGUAAUAUCGCAUUCGUUACCUUUGCCUCGGGUUAUUCGCCCCACGAUGCCGAUUAUCCUUAUUGCCCGAACGAGCAUUCCGGGGUCACGUCGGCGCAGGCGCACCUCAUGGUGUCGUUCGCGCCAAGGUUAACGAACCGUUCUCGAGGUAUGCCUCUACGCUCGCGCGAUCCCACCACUACUCGGCGAGGUGCAGAAGGGUAUGCUUAGACUUACUCGCCUUAUCCUCCGUUGUAUAAGGUCUCAUAGGAAGGAAAUUGGAAUUAGUGUCUGAAUAAACGCGCUAGUAGUAUUUACUUCGCCUCACACAUU
30	0.8033983111381531	0.8033472895622253	12	12	6	6	6	6	780	400	UCUACGACUGUGCGAAAGACGCAUAUCCACAACCCAACGUUGAUCAUGAACCUGGGGGUAGUCGAUAGUCACAUCUCACUAUUGUGGUCGUAAUAUCGCAUUCGUUACCUUUGCCUCGGGUUAUUCGCCCCACGAUGCCGAUUAUCCUUAUUGCCCGAACGAGCAUUCCGGGGUCACGUCGGCGCAGGCGCACCUCAUGGUGUCGUUCGCGCCAAGGUUAACGAACCGUUCUCGAGGUAUGCCUCUACGCUCGCGCGAUCCCACCACUACUCGGCGAGGUGCAGAAGGGUAUGCUUAGACUUACUCGCCUUAUCCUCCGUUGUAUAAGGUCUCAUAGGAAGGAAAUUGGAAUUAGUGUCUGAAUAAACGCGCUAGUAGUAUUUACUUCGCCUCACACAUU
30	0.8251966834068298	0.824999988079071	13	12	6	6	6	6	780	400	UCUACGACUGUGCGAAAGACGCAUAUCCACAACCCAACGUUGAUCAUGAACCUGGGGGUAGUCGAUAGUCACAUCUCACUAUUGUGGUCGUAAUAUCGCAUUCGUUACCUUUGCCUCGGGUUAUUCGCCCCACGAUGCCGAUUAUCCUUAUUGCCCGAACGAGCAUUCCGGGGUCACGUCGGCGCAGGCGCACCUCAUGGUGUCGUUCGCGCCAAGGUUAACGAACCGUUCUCGAGGUAUGCCUCUACGCUCGCGCGAUCCCACCACUACUCGGCGAGGUGCAGAAGGGUAUGCUUAGACUUACUCGCCUUAUCCUCCGUUGUAUAAGGUCUCAUAGGAAGGAAAUUGGAAUUAGUGUCUGAAUAAACGCGCUAGUAGUAUUUACUUCGCCUCACACAUU
30	0.8319471478462219	0.831932783126831	13	12	6	6	6	6	780	400	UCUACGACUGUGCGAAAGACGCAUAUCCACAACCCAACGUUGAUCAUGAACCUGGGGGUAGUCGAUAGUCACAUCUCACUAUUGUGGUCGUAAUAUCGCAUUCGUUACCUUUGCCUCGGGUUAUUCGCCCCACGAUGCCGAUUAUCCUUAUUGCCCGAACGAGCAUUCCGGGGUCACGUCGGCGCAGGCGCACCUCAUGGUGUCGUUCGCGCCAAGGUUAACGAACCGUUCUCGAGGUAUGCCUCUACGCUCGCGCGAUCCCACCACUACUCGGCGAGGUGCAGAAGGGUAUGCUUAGACUUACUCGCCUUAUCCUCCGUUGUAUAAGGUCUCAUAGGAAGGAAAUUGGAAUUAGUGUCUGAAUAAACGCGCUAGUAGUAUUUACUUCGCCUCACACAUU
30	0.8717849850654602	0.8713693022727966	13	12	6	6	6	6	780	400	UCUACGACUGUGCGAAAGACGCAUAUCCACAACCCAACGUUGAUCAUGAACCUGGGGGUAGUCGAUAGUCACAUCUCACUAUUGUGGUCGUAAUAUCGCAUUCGUUACCUUUGCCUCGGGUUAUUCGCCCCACGAUGCCGAUUAUCCUUAUUGCCCGAACGAGCAUUCCGGGGUCACGUCGGCGCAGGCGCACCUCAUGGUGUCGUUCGCGCCAAGGUUAACGAACCGUUCUCGAGGUAUGCCUCUACGCUCGCGCGAUCCCACCACUACUCGGCGAGGUGCAGAAGGGUAUGCUUAGACUUACUCGCCUUAUCCUCCGUUGUAUAAGGUCUCAUAGGAAGGAAAUUGGAAUUAGUGUCUGAAUAAACGCGCUAGUAGUAUUUACUUCGCCUCACACAUU
30	0.8731316328048706	0.8724279403686523	14	12	6	6	6	6	780	400	UCUACGACUGUGCGAAAGACGCAUAUCCACAACCCAACGUUGAUCAUGAACCUGGGGGUAGUCGAUAGUCACAUCUCACUAUUGUGGUCGUAAUAUCGCAUUCGUUACCUUUGCCUCGGGUUAUUCGCCCCACGAUGCCGAUUAUCCUUAUUGCCCGAACGAGCAUUCCGGGGUCACGUCGGCGCAGGCGCACCUCAUGGUGUCGUUCGCGCCAAGGUUAACGAACCGUUCUCGAGGUAUGCCUCUACGCUCGCGCGAUCCCACCACUACUCGGCGAGGUGCAGAAGGGUAUGCUUAGACUUACUCGCCUUAUCCUCCGUUGUAUAAGGUCUCAUAGGAAGGAAAUUGGAAUUAGUGUCUGAAUAAACGCGCUAGUAGUAUUUACUUCGCCUCACACAUU
30	0.8103234767913818	0.8099174499511719	14	12	6	6	6	6	780	400	UCUACGACUGUGCGAAAGACGCAUAUCCACAACCCAACGUUGAUCAUGAACCUGGGGGUAGUCGAUAGUCACAUCUCACUAUUGUGGUCGUAAUAUCGCAUUCGUUACCUUUGCCUCGGGUUAUUCGCCCCACGAUGCCGAUUAUCCUUAUUGCCCGAACGAGCAUUCCGGGGUCACGUCGGCGCAGGCGCACCUCAUGGUGUCGUUCGCGCCAAGGUUAACGAACCGUUCUCGAGGUAUGCCUCUACGCUCGCGCGAUCCCACCACUACUCGGCGAGGUGCAGAAGGGUAUGCUUAGACUUACUCGCCUUAUCCUCCGUUGUAUAAGGUCUCAUAGGAAGGAAAUUGGAAUUAGUGUCUGAAUAAACGCGCUAGUAGUAUUUACUUCGCCUCACACAUU
30	0.9413887858390808	0.9411764740943909	14	12	6	6	6	6	780	400	UCUACGACUGUGCGAAAGACGCAUAUCCACAACCCAACGUUGAUCAUGAACCUGGGGGUAGUCGAUAGUCACAUCUCACUAUUGUGGUCGUAAUAUCGCAUUCGUUACCUUUGCCUCGGGUUAUUCGCCCCACGAUGCCGAUUAUCCUUAUUGCCCGAACGAGCAUUCCGGGGUCACGUCGGCGCAGGCGCACCUCAUGGUGUCGUUCGCGCCAAGGUUAACGAACCGUUCUCGAGGUAUGCCUCUACGCUCGCGCGAUCCCACCACUACUCGGCGAGGUGCAGAAGGGUAUGCUUAGACUUACUCGCCUUAUCCUCCGUUGUAUAAGGUCUCAUAGGAAGGAAAUUGGAAUUAGUGUCUGAAUAAACGCGCUAGUAGUAUUUACUUCGCCUCACACAUU
30	0.8801020979881287	0.8796679973602295	15	12	6	6	6	6	780	400	UCUACGACUGUGCGAAAGACGCAUAUCCACAACCCAACGUUGAUCAUGAACCUGGGGGUAGUCGAUAGUCACAUCUCACUAUUGUGGUCGUAAUAUCGCAUUCGUUACCUUUGCCUCGGGUUAUUCGCCCCACGAUGCCGAUUAUCCUUAUUGCCCGAACGAGCAUUCCGGGGUCACGUCGGCGCAGGCGCACCUCAUGGUGUCGUUCGCGCCAAGGUUAACGAACCGUUCUCGAGGUAUGCCUCUACGCUCGCGCGAUCCCACCACUACUCGGCGAGGUGCAGAAGGGUAUGCUUAGACUUACUCGCCUUAUCCUCCGUUGUAUAAGGUCUCAUAGGAAGGAAAUUGGAAUUAGUGUCUGAAUAAACGCGCUAGUAGUAUUUACUUCGCCUCACACAUU
30	0.8836503624916077	0.8833333253860474	15	12	6	6	6	6	780	400	UCUACGACUGUGCGAAAGACGCAUAUCCACAACCCAACGUUGAUCAUGAACCUGGGGGUAGUCGAUAGUCACAUCUCACUAUUGUGGUCGUAAUAUCGCAUUCGUUACCUUUGCCUCGGGUUAUUCGCCCCACGAUGCCGAUUAUCCUUAUUGCCCGAACGAGCAUUCCGGGGUCACGUCGGCGCAGGCGCACCUCAUGGUGUCGUUCGCGCCAAGGUUAACGAACCGUUCUCGAGGUAUGCCUCUACGCUCGCGCGAUCCCACCACUACUCGGCGAGGUGCAGAAGGGUAUGCUUAGACUUACUCGCCUUAUCCUCCGUUGUAUAAGGUCUCAUAGGAAGGAAAUUGGAAUUAGUGUCUGAAUAAACGCGCUAGUAGUAUUUACUUCGCCUCACACAUU
30	0.8385165929794312	0.8381742835044861	14	12	6	6	6	6	780	400	UCUACGACUGUGCGAAAGACGCAUAUCCACAACCCAACGUUGAUCAUGAACCUGGGGGUAGUCGAUAGUCACAUCUCACUAUUGUGGUCGUAAUAUCGCAUUCGUUACCUUUGCCUCGGGUUAUUCGCCCCACGAUGCCGAUUAUCCUUAUUGCCCGAACGAGCAUUCCGGGGUCACGUCGGCGCAGGCGCACCUCAUGGUGUCGUUCGCGCCAAGGUUAACGAACCGUUCUCGAGGUAUGCCUCUACGCUCGCGCGAUCCCACCACUACUCGGCGAGGUGCAGAAGGGUAUGCUUAGACUUACUCGCCUUAUCCUCCGUUGUAUAAGGUCUCAUAGGAAGGAAAUUGGAAUUAGUGUCUGAAUAAACGCGCUAGUAGUAUUUACUUCGCCUCACACAUU
30	0.7107641696929932	0.7102040648460388	14	12	6	6	6	6	780	400	UCUACGACUGUGCGAAAGACGCAUAUCCACAACCCAACGUUGAUCAUGAACCUGGGGGUAGUCGAUAGUCACAUCUCACUAUUGUGGUCGUAAUAUCGCAUUCGUUACCUUUGCCUCGGGUUAUUCGCCCCACGAUGCCGAUUAUCCUUAUUGCCCGAACGAGCAUUCCGGGGUCACGUCGGCGCAGGCGCACCUCAUGGUGUCGUUCGCGCCAAGGUUAACGAACCGUUCUCGAGGUAUGCCUCUACGCUCGCGCGAUCCCACCACUACUCGGCGAGGUGCAGAAGGGUAUGCUUAGACUUACUCGCCUUAUCCUCCGUUGUAUAAGGUCUCAUAGGAAGGAAAUUGGAAUUAGUGUCUGAAUAAACGCGCUAGUAGUAUUUACUUCGCCUCACACAUU
30	0.8992958068847656	0.8991596698760986	15	12	6	6	6	6	780	400	UCUACGACUGUGCGAAAGACGCAUAUCCACAACCCAACGUUGAUCAUGAACCUGGGGGUAGUCGAUAGUCACAUCUCACUAUUGUGGUCGUAAUAUCGCAUUCGUUACCUUUGCCUCGGGUUAUUCGCCCCACGAUGCCGAUUAUCCUUAUUGCCCGAACGAGCAUUCCGGGGUCACGUCGGCGCAGGCGCACCUCAUGGUGUCGUUCGCGCCAAGGUUAACGAACCGUUCUCGAGGUAUGCCUCUACGCUCGCGCGAUCCCACCACUACUCGGCGAGGUGCAGAAGGGUAUGCUUAGACUUACUCGCCUUAUCCUCCGUUGUAUAAGGUCUCAUAGGAAGGAAAUUGGAAUUAGUGUCUGAAUAAACGCGCUAGUAGUAUUUACUUCGCCUCACACAUU
30	0.7523348331451416	0.7520660758018494	14	12	6	6	6	6	780	400	UCUACGACUGUGCGAAAGACGCAUAUCCACAACCCAACGUUGAUCAUGAACCUGGGGGUAGUCGAUAGUCACAUCUCACUAUUGUGGUCGUAAUAUCGCAUUCGUUACCUUUGCCUCGGGUUAUUCGCCCCACGAUGCCGAUUAUCCUUAUUGCCCGAACGAGCAUUCCGGGGUCACGUCGGCGCAGGCGCACCUCAUGGUGUCGUUCGCGCCAAGGUUAACGAACCGUUCUCGAGGUAUGCCUCUACGCUCGCGCGAUCCCACCACUACUCGGCGAGGUGCAGAAGGGUAUGCUUAGACUUACUCGCCUUAUCCUCCGUUGUAUAAGGUCUCAUAGGAAGGAAAUUGGAAUUAGUGUCUGAAUAAACGCGCUAGUAGUAUUUACUUCGCCUCACACAUU
30	0.8084956407546997	0.8083333969116211	12	12	6	6	6	6	780	400	UCUACGACUGUGCGAAAGACGCAUAUCCACAACCCAACGUUGAUCAUGAACCUGGGGGUAGUCGAUAGUCACAUCUCACUAUUGUGGUCGUAAUAUCGCAUUCGUUACCUUUGCCUCGGGUUAUUCGCCCCACGAUGCCGAUUAUCCUUAUUGCCCGAACGAGCAUUCCGGGGUCACGUCGGCGCAGGCGCACCUCAUGGUGUCGUUCGCGCCAAGGUUAACGAACCGUUCUCGAGGUAUGCCUCUACGCUCGCGCGAUCCCACCACUACUCGGCGAGGUGCAGAAGGGUAUGCUUAGACUUACUCGCCUUAUCCUCCGUUGUAUAAGGUCUCAUAGGAAGGAAAUUGGAAUUAGUGUCUGAAUAAACGCGCUAGUAGUAUUUACUUCGCCUCACACAUU
30	0.7137599587440491	0.7136930227279663	15	12	6	6	6	6	780	400	UCUACGACUGUGCGAAAGACGCAUAUCCACAACCCAACGUUGAUCAUGAACCUGGGGGUAGUCGAUAGUCACAUCUCACUAUUGUGGUCGUAAUAUCGCAUUCGUUACCUUUGCCUCGGGUUAUUCGCCCCACGAUGCCGAUUAUCCUUAUUGCCCGAACGAGCAUUCCGGGGUCACGUCGGCGCAGGCGCACCUCAUGGUGUCGUUCGCGCCAAGGUUAACGAACCGUUCUCGAGGUAUGCCUCUACGCUCGCGCGAUCCCACCACUACUCGGCGAGGUGCAGAAGGGUAUGCUUAGACUUACUCGCCUUAUCCUCCGUUGUAUAAGGUCUCAUAGGAAGGAAAUUGGAAUUAGUGUCUGAAUAAACGCGCUAGUAGUAUUUACUUCGCCUCACACAUU
30	0.8168461918830872	0.8166666626930237	14	12	6	6	6	6	780	400	UCUACGACUGUGCGAAAGACGCAUAUCCACAACCCAACGUUGAUCAUGAACCUGGGGGUAGUCGAUAGUCACAUCUCACUAUUGUGGUCGUAAUAUCGCAUUCGUUACCUUUGCCUCGGGUUAUUCGCCCCACGAUGCCGAUUAUCCUUAUUGCCCGAACGAGCAUUCCGGGGUCACGUCGGCGCAGGCGCACCUCAUGGUGUCGUUCGCGCCAAGGUUAACGAACCGUUCUCGAGGUAUGCCUCUACGCUCGCGCGAUCCCACCACUACUCGGCGAGGUGCAGAAGGGUAUGCUUAGACUUACUCGCCUUAUCCUCCGUUGUAUAAGGUCUCAUAGGAAGGAAAUUGGAAUUAGUGUCUGAAUAAACGCGCUAGUAGUAUUUACUUCGCCUCACACAUU
30	0.8020392656326294	0.8016529083251953	12	12	6	6	6	6	780	400	UCUACGACUGUGCGAAAGACGCAUAUCCACAACCCAACGUUGAUCAUGAACCUGGGGGUAGUCGAUAGUCACAUCUCACUAUUGUGGUCGUAAUAUCGCAUUCGUUACCUUUGCCUCGGGUUAUUCGCCCCACGAUGCCGAUUAUCCUUAUUGCCCGAACGAGCAUUCCGGGGUCACGUCGGCGCAGGCGCACCUCAUGGUGUCGUUCGCGCCAAGGUUAACGAACCGUUCUCGAGGUAUGCCUCUACGCUCGCGCGAUCCCACCACUACUCGGCGAGGUGCAGAAGGGUAUGCUUAGACUUACUCGCCUUAUCCUCCGUUGUAUAAGGUCUCAUAGGAAGGAAAUUGGAAUUAGUGUCUGAAUAAACGCGCUAGUAGUAUUUACUUCGCCUCACACAUU
30	0.8401257395744324	0.839506208896637	16	12	6	6	6	6	780	400	UCUACGACUGUGCGAAAGACGCAUAUCCACAACCCAACGUUGAUCAUGAACCUGGGGGUAGUCGAUAGUCACAUCUCACUAUUGUGGUCGUAAUAUCGCAUUCGUUACCUUUGCCUCGGGUUAUUCGCCCCACGAUGCCGAUUAUCCUUAUUGCCCGAACGAGCAUUCCGGGGUCACGUCGGCGCAGGCGCACCUCAUGGUGUCGUUCGCGCCAAGGUUAACGAACCGUUCUCGAGGUAUGCCUCUACGCUCGCGCGAUCCCACCACUACUCGGCGAGGUGCAGAAGGGUAUGCUUAGACUUACUCGCCUUAUCCUCCGUUGUAUAAGGUCUCAUAGGAAGGAAAUUGGAAUUAGUGUCUGAAUAAACGCGCUAGUAGUAUUUACUUCGCCUCACACAUU
31	0.6477899551391602	0.6482213735580444	1	12	6	6	6	6	780	400	GUGGGAAAAGGUCUCAUGCUAAGGAAACUCACAGGGACUCUAGUAUGGUUGGUGAUGAGUAUUCCACAGAUUCGACAAAUCCAAGUGGACGGGACUUCCCCGUACCGAUGCGCACGGUUCAGAACAGAUGGAAGAAAUCACUGGCCGGCGAACCAAGUUGAUUUGCCAAACAUGGGUUACAGAAAUAGCGCACCACGCGGUUUUUGGCCUACGAUGAGUUGGAAGUUUACGUAACAGGCUCUGGCAGUCUCUGAGUCCAAACUGGGCACUCCUCUAAGCAUGGAACCAGACGUAGCAAUAAACCUCUUAUGUGUGGCUUGCCGCGGAGCGGGCGGAGUAGUGUGUUCGGACCGCCACGGUUUCCAAAGAGCUAUGAGACCAGUCUCGGUAAACCCUUAUA
31	0.8187109231948853	0.8188976645469666	2	12	6	6	6	6	780	400	GUGGGAAAAGGUCUCAUGCUAAGGAAACUCACAGGGACUCUAGUAUGGUUGGUGAUGAGUAUUCCACAGAUUCGACAAAUCCAAGUGGACGGGACUUCCCCGUACCGAUGCGCACGGUUCAGAACAGAUGGAAGAAAUCACUGGCCGGCGAACCAAGUUGAUUUGCCAAACAUGGGUUACAGAAAUAGCGCACCACGCGGUUUUUGGCCUACGAUGAGUUGGAAGUUUACGUAACAGGCUCUGGCAGUCUCUGAGUCCAAACUGGGCACUCCUCUAAGCAUGGAACCAGACGUAGCAAUAAACCUCUUAUGUGUGGCUUGCCGCGGAGCGGGCGGAGUAGUGUGUUCGGACCGCCACGGUUUCCAAAGAGCUAUGAGACCAGUCUCGGUAAACCCUUAUA
31	0.9609042406082153	0.9609375	3	12	6	6	6	6	780	400	GUGGGAAAAGGUCUCAUGCUAAGGAAACUCACAGGGACUCUAGUAUGGUUGGUGAUGAGUAUUCCACAGAUUCGACAAAUCCAAGUGGACGGGACUUCCCCGUACCGAUGCGCACGGUUCAGAACAGAUGGAAGAAAUCACUGGCCGGCGAACCAAGUUGAUUUGCCAAACAUGGGUUACAGAAAUAGCGCACCACGCGGUUUUUGGCCUACGAUGAGUUGGAAGUUUACGUAACAGGCUCUGGCAGUCUCUGAGUCCAAACUGGGCACUCCUCUAAGCAUGGAACCAGACGUAGCAAUAAACCUCUUAUGUGUGGCUUGCCGCGGAGCGGGCGGAGUAGUGUGUUCGGACCGCCACGGUUUCCAAAGAGCUAUGAGACCAGUCUCGGUAAACCCUUAUA
31	0.7903587818145752	0.7906976938247681	4	12	6	6	6	6	780	400	GUGGGAAAAGGUCUCAUGCUAAGGAAACUCACAGGGACUCUAGUAUGGUUGGUGAUGAGUAUUCCACAGAUUCGACAAAUCCAAGUGGACGGGACUUCCCCGUACCGAUGCGCACGGUUCAGAACAGAUGGAAGAAAUCACUGGCCGGCGAACCAAGUUGAUUUGCCAAACAUGGGUUACAGAAAUAGCGCACCACGCGGUUUUUGGCCUACGAUGAGUUGGAAGUUUACGUAACAGGCUCUGGCAGUCUCUGAGUCCAAACUGGGCACUCCUCUAAGCAUGGAACCAGACGUAGCAAUAAACCUCUUAUGUGUGGCUUGCCGCGGAGCGGGCGGAGUAGUGUGUUCGGACCGCCACGGUUUCCAAAGAGCUAUGAGACCAGUCUCGGUAAACCCUUAUA
31	0.8356994986534119	0.8359375596046448	5	12	6	6	6	6	780	400	GUGGGAAAAGGUCUCAUGCUAAGGAAACUCACAGGGACUCUAGUAUGGUUGGUGAUGAGUAUUCCACAGAUUCGACAAAUCCAAGUGGACGGGACUUCCCCGUACCGAUGCGCACGGUUCAGAACAGAUGGAAGAAAUCACUGGCCGGCGAACCAAGUUGAUUUGCCAAACAUGGGUUACAGAAAUAGCGCACCACGCGGUUUUUGGCCUACGAUGAGUUGGAAGUUUACGUAACAGGCUCUGGCAGUCUCUGAGUCCAAACUGGGCACUCCUCUAAGCAUGGAACCAGACGUAGCAAUAAACCUCUUAUGUGUGGCUUGCCGCGGAGCGGGCGGAGUAGUGUGUUCGGACCGCCACGGUUUCCAAAGAGCUAUGAGACCAGUCUCGGUAAACCCUUAUA
31	0.805887758731842	0.8062015771865845	6	12	6	6	6	6	780	400	GUGGGAAAAGGUCUCAUGCUAAGGAAACUCACAGGGACUCUAGUAUGGUUGGUGAUGAGUAUUCCACAGAUUCGACAAAUCCAAGUGGACGGGACUUCCCCGUACCGAUGCGCACGGUUCAGAACAGAUGGAAGAAAUCACUGGCCGGCGAACCAAGUUGAUUUGCCAAACAUGGGUUACAGAAAUAGCGCACCACGCGGUUUUUGGCCUACGAUGAGUUGGAAGUUUACGUAACAGGCUCUGGCAGUCUCUGAGUCCAAACUGGGCACUCCUCUAAGCAUGGAACCAGACGUAGCAAUAAACCUCUUAUGUGUGGCUUGCCGCGGAGCGGGCGGAGUAGUGUGUUCGGACCGCCACGGUUUCCAAAGAGCUAUGAGACCAGUCUCGGUAAACCCUUAUA
31	0.9689420461654663	0.9689922332763672	7	12	6	6	6	6	780	400	GUGGGAAAAGGUCUCAUGCUAAGGAAACUCACAGGGACUCUAGUAUGGUUGGUGAUGAGUAUUCCACAGAUUCGACAAAUCCAAGUGGACGGGACUUCCCCGUACCGAUGCGCACGGUUCAGAACAGAUGGAAGAAAUCACUGGCCGGCGAACCAAGUUGAUUUGCCAAACAUGGGUUACAGAAAUAGCGCACCACGCGGUUUUUGGCCUACGAUGAGUUGGAAGUUUACGUAACAGGCUCUGGCAGUCUCUGAGUCCAAACUGGGCACUCCUCUAAGCAUGGAACCAGACGUAGCAAUAAACCUCUUAUGUGUGGCUUGCCGCGGAGCGGGCGGAGUAGUGUGUUCGGACCGCCACGGUUUCCAAAGAGCUAUGAGACCAGUCUCGGUAAACCCUUAUA
31	0.9033247232437134	0.9034748673439026	8	12	6	6	6	6	780	400	GUGGGAAAAGGUCUCAUGCUAAGGAAACUCACAGGGACUCUAGUAUGGUUGGUGAUGAGUAUUCCACAGAUUCGACAAAUCCAAGUGGACGGGACUUCCCCGUACCGAUGCGCACGGUUCAGAACAGAUGGAAGAAAUCACUGGCCGGCGAACCAAGUUGAUUUGCCAAACAUGGGUUACAGAAAUAGCGCACCACGCGGUUUUUGGCCUACGAUGAGUUGGAAGUUUACGUAACAGGCUCUGGCAGUCUCUGAGUCCAAACUGGGCACUCCUCUAAGCAUGGAACCAGACGUAGCAAUAAACCUCUUAUGUGUGGCUUGCCGCGGAGCGGGCGGAGUAGUGUGUUCGGACCGCCACGGUUUCCAAAGAGCUAUGAGACCAGUCUCGGUAAACCCUUAUA
31	0.787305474281311	0.7876448035240173	9	12	6	6	6	6	780	400	GUGGGAAAAGGUCUCAUGCUAAGGAAACUCACAGGGACUCUAGUAUGGUUGGUGAUGAGUAUUCCACAGAUUCGACAAAUCCAAGUGGACGGGACUUCCCCGUACCGAUGCGCACGGUUCAGAACAGAUGGAAGAAAUCACUGGCCGGCGAACCAAGUUGAUUUGCCAAACAUGGGUUACAGAAAUAGCGCACCACGCGGUUUUUGGCCUACGAUGAGUUGGAAGUUUACGUAACAGGCUCUGGCAGUCUCUGAGUCCAAACUGGGCACUCCUCUAAGCAUGGAACCAGACGUAGCAAUAAACCUCUUAUGUGUGGCUUGCCGCGGAGCGGGCGGAGUAGUGUGUUCGGACCGCCACGGUUUCCAAAGAGCUAUGAGACCAGUCUCGGUAAACCCUUAUA
31	0.9465877413749695	0.9465649127960205	10	12	6	6	6	6	780	400	GUGGGAAAAGGUCUCAUGCUAAGGAAACUCACAGGGACUCUAGUAUGGUUGGUGAUGAGUAUUCCACAGAUUCGACAAAUCCAAGUGGACGGGACUUCCCCGUACCGAUGCGCACGGUUCAGAACAGAUGGAAGAAAUCACUGGCCGGCGAACCAAGUUGAUUUGCCAAACAUGGGUUACAGAAAUAGCGCACCACGCGGUUUUUGGCCUACGAUGAGUUGGAAGUUUACGUAACAGGCUCUGGCAGUCUCUGAGUCCAAACUGGGCACUCCUCUAAGCAUGGAACCAGACGUAGCAAUAAACCUCUUAUGUGUGGCUUGCCGCGGAGCGGGCGGAGUAGUGUGUUCGGACCGCCACGGUUUCCAAAGAGCUAUGAGACCAGUCUCGGUAAACCCUUAUA
31	0.9884055852890015	0.9884170293807983	11	12	6	6	6	6	780	400	GUGGGAAAAGGUCUCAUGCUAAGGAAACUCACAGGGACUCUAGUAUGGUUGGUGAUGAGUAUUCCACAGAUUCGACAAAUCCAAGUGGACGGGACUUCCCCGUACCGAUGCGCACGGUUCAGAACAGAUGGAAGAAAUCACUGGCCGGCGAACCAAGUUGAUUUGCCAAACAUGGGUUACAGAAAUAGCGCACCACGCGGUUUUUGGCCUACGAUGAGUUGGAAGUUUACGUAACAGGCUCUGGCAGUCUCUGAGUCCAAACUGGGCACUCCUCUAAGCAUGGAACCAGACGUAGCAAUAAACCUCUUAUGUGUGGCUUGCCGCGGAGCGGGCGGAGUAGUGUGUUCGGACCGCCACGGUUUCCAAAGAGCUAUGAGACCAGUCUCGGUAAACCCUUAUA
31	0.9501729607582092	0.9501915574073792	12	12	6	6	6	6	780	400	GUGGGAAAAGGUCUCAUGCUAAGGAAACUCACAGGGACUCUAGUAUGGUUGGUGAUGAGUAUUCCACAGAUUCGACAAAUCCAAGUGGACGGGACUUCCCCGUACCGAUGCGCACGGUUCAGAACAGAUGGAAGAAAUCACUGGCCGGCGAACCAAGUUGAUUUGCCAAACAUGGGUUACAGAAAUAGCGCACCACGCGGUUUUUGGCCUACGAUGAGUUGGAAGUUUACGUAACAGGCUCUGGCAGUCUCUGAGUCCAAACUGGGCACUCCUCUAAGCAUGGAACCAGACGUAGCAAUAAACCUCUUAUGUGUGGCUUGCCGCGGAGCGGGCGGAGUAGUGUGUUCGGACCGCCACGGUUUCCAAAGAGCUAUGAGACCAGUCUCGGUAAACCCUUAUA
31	0.9735166430473328	0.9733840227127075	13	12	6	6	6	6	780	400	GUGGGAAAAGGUCUCAUGCUAAGGAAACUCACAGGGACUCUAGUAUGGUUGGUGAUGAGUAUUCCACAGAUUCGACAAAUCCAAGUGGACGGGACUUCCCCGUACCGAUGCGCACGGUUCAGAACAGAUGGAAGAAAUCACUGGCCGGCGAACCAAGUUGAUUUGCCAAACAUGGGUUACAGAAAUAGCGCACCACGCGGUUUUUGGCCUACGAUGAGUUGGAAGUUUACGUAACAGGCUCUGGCAGUCUCUGAGUCCAAACUGGGCACUCCUCUAAGCAUGGAACCAGACGUAGCAAUAAACCUCUUAUGUGUGGCUUGCCGCGGAGCGGGCGGAGUAGUGUGUUCGGACCGCCACGGUUUCCAAAGAGCUAUGAGACCAGUCUCGGUAAACCCUUAUA
31	0.9465877413749695	0.9465649127960205	13	12	6	6	6	6	780	400	GUGGGAAAAGGUCUCAUGCUAAGGAAACUCACAGGGACUCUAGUAUGGUUGGUGAUGAGUAUUCCACAGAUUCGACAAAUCCAAGUGGACGGGACUUCCCCGUACCGAUGCGCACGGUUCAGAACAGAUGGAAGAAAUCACUGGCCGGCGAACCAAGUUGAUUUGCCAAACAUGGGUUACAGAAAUAGCGCACCACGCGGUUUUUGGCCUACGAUGAGUUGGAAGUUUACGUAACAGGCUCUGGCAGUCUCUGAGUCCAAACUGGGCACUCCUCUAAGCAUGGAACCAGACGUAGCAAUAAACCUCUUAUGUGUGGCUUGCCGCGGAGCGGGCGGAGUAGUGUGUUCGGACCGCCACGGUUUCCAAAGAGCUAUGAGACCAGUCUCGGUAAACCCUUAUA
31	0.9465877413749695	0.9465649127960205	11	12	6	6	6	6	780	400	GUGGGAAAAGGUCUCAUGCUAAGGAAACUCACAGGGACUCUAGUAUGGUUGGUGAUGAGUAUUCCACAGAUUCGACAAAUCCAAGUGGACGGGACUUCCCCGUACCGAUGCGCACGGUUCAGAACAGAUGGAAGAAAUCACUGGCCGGCGAACCAAGUUGAUUUGCCAAACAUGGGUUACAGAAAUAGCGCACCACGCGGUUUUUGGCCUACGAUGAGUUGGAAGUUUACGUAACAGGCUCUGGCAGUCUCUGAGUCCAAACUGGGCACUCCUCUAAGCAUGGAACCAGACGUAGCAAUAAACCUCUUAUGUGUGGCUUGCCGCGGAGCGGGCGGAGUAGUGUGUUCGGACCGCCACGGUUUCCAAAGAGCUAUGAGACCAGUCUCGGUAAACCCUUAUA
31	0.9578489065170288	0.9578543901443481	12	12	6	6	6	6	780	400	GUGGGAAAAGGUCUCAUGCUAAGGAAACUCACAGGGACUCUAGUAUGGUUGGUGAUGAGUAUUCCACAGAUUCGACAAAUCCAAGUGGACGGGACUUCCCCGUACCGAUGCGCACGGUUCAGAACAGAUGGAAGAAAUCACUGGCCGGCGAACCAAGUUGAUUUGCCAAACAUGGGUUACAGAAAUAGCGCACCACGCGGUUUUUGGCCUACGAUGAGUUGGAAGUUUACGUAACAGGCUCUGGCAGUCUCUGAGUCCAAACUGGGCACUCCUCUAAGCAUGGAACCAGACGUAGCAAUAAACCUCUUAUGUGUGGCUUGCCGCGGAGCGGGCGGAGUAGUGUGUUCGGACCGCCACGGUUUCCAAAGAGCUAUGAGACCAGUCUCGGUAAACCCUUAUA
31	0.9578489065170288	0.9578543901443481	11	12	6	6	6	6	780	400	GUGGGAAAAGGUCUCAUGCUAAGGAAACUCACAGGGACUCUAGUAUGGUUGGUGAUGAGUAUUCCACAGAUUCGACAAAUCCAAGUGGACGGGACUUCCCCGUACCGAUGCGCACGGUUCAGAACAGAUGGAAGAAAUCACUGGCCGGCGAACCAAGUUGAUUUGCCAAACAUGGGUUACAGAAAUAGCGCACCACGCGGUUUUUGGCCUACGAUGAGUUGGAAGUUUACGUAACAGGCUCUGGCAGUCUCUGAGUCCAAACUGGGCACUCCUCUAAGCAUGGAACCAGACGUAGCAAUAAACCUCUUAUGUGUGGCUUGCCGCGGAGCGGGCGGAGUAGUGUGUUCGGACCGCCACGGUUUCCAAAGAGCUAUGAGACCAGUCUCGGUAAACCCUUAUA
31	0.9574670791625977	0.9575289487838745	13	12	6	6	6	6	780	400	GUGGGAAAAGGUCUCAUGCUAAGGAAACUCACAGGGACUCUAGUAUGGUUGGUGAUGAGUAUUCCACAGAUUCGACAAAUCCAAGUGGACGGGACUUCCCCGUACCGAUGCGCACGGUUCAGAACAGAUGGAAGAAAUCACUGGCCGGCGAACCAAGUUGAUUUGCCAAACAUGGGUUACAGAAAUAGCGCACCACGCGGUUUUUGGCCUACGAUGAGUUGGAAGUUUACGUAACAGGCUCUGGCAGUCUCUGAGUCCAAACUGGGCACUCCUCUAAGCAUGGAACCAGACGUAGCAAUAAACCUCUUAUGUGUGGCUUGCCGCGGAGCGGGCGGAGUAGUGUGUUCGGACCGCCACGGUUUCCAAAGAGCUAUGAGACCAGUCUCGGUAAACCCUUAUA
31	0.9041176438331604	0.9042145609855652	12	12	6	6	6	6	780	400	GUGGGAAAAGGUCUCAUGCUAAGGAAACUCACAGGGACUCUAGUAUGGUUGGUGAUGAGUAUUCCACAGAUUCGACAAAUCCAAGUGGACGGGACUUCCCCGUACCGAUGCGCACGGUUCAGAACAGAUGGAAGAAAUCACUGGCCGGCGAACCAAGUUGAUUUGCCAAACAUGGGUUACAGAAAUAGCGCACCACGCGGUUUUUGGCCUACGAUGAGUUGGAAGUUUACGUAACAGGCUCUGGCAGUCUCUGAGUCCAAACUGGGCACUCCUCUAAGCAUGGAACCAGACGUAGCAAUAAACCUCUUAUGUGUGGCUUGCCGCGGAGCGGGCGGAGUAGUGUGUUCGGACCGCCACGGUUUCCAAAGAGCUAUGAGACCAGUCUCGGUAAACCCUUAUA
31	0.9306838512420654	0.9307692050933838	12	12	6	6	6	6	780	400	GUGGGAAAAGGUCUCAUGCUAAGGAAACUCACAGGGACUCUAGUAUGGUUGGUGAUGAGUAUUCCACAGAUUCGACAAAUCCAAGUGGACGGGACUUCCCCGUACCGAUGCGCACGGUUCAGAACAGAUGGAAGAAAUCACUGGCCGGCGAACCAAGUUGAUUUGCCAAACAUGGGUUACAGAAAUAGCGCACCACGCGGUUUUUGGCCUACGAUGAGUUGGAAGUUUACGUAACAGGCUCUGGCAGUCUCUGAGUCCAAACUGGGCACUCCUCUAAGCAUGGAACCAGACGUAGCAAUAAACCUCUUAUGUGUGGCUUGCCGCGGAGCGGGCGGAGUAGUGUGUUCGGACCGCCACGGUUUCCAAAGAGCUAUGAGACCAGUCUCGGUAAACCCUUAUA
31	0.9574670791625977	0.9575289487838745	12	12	6	6	6	6	780	400	GUGGGAAAAGGUCUCAUGCUAAGGAAACUCACAGGGACUCUAGUAUGGUUGGUGAUGAGUAUUCCACAGAUUCGACAAAUCCAAGUGGACGGGACUUCCCCGUACCGAUGCGCACGGUUCAGAACAGAUGGAAGAAAUCACUGGCCGGCGAACCAAGUUGAUUUGCCAAACAUGGGUUACAGAAAUAGCGCACCACGCGGUUUUUGGCCUACGAUGAGUUGGAAGUUUACGUAACAGGCUCUGGCAGUCUCUGAGUCCAAACUGGGCACUCCUCUAAGCAUGGAACCAGACGUAGCAAUAAACCUCUUAUGUGUGGCUUGCCGCGGAGCGGGCGGAGUAGUGUGUUCGGACCGCCACGGUUUCCAAAGAGCUAUGAGACCAGUCUCGGUAAACCCUUAUA
31	0.9354241490364075	0.9353612065315247	12	12	6	6	6	6	780	400	GUGGGAAAAGGUCUCAUGCUAAGGAAACUCACAGGGACUCUAGUAUGGUUGGUGAUGAGUAUUCCACAGAUUCGACAAAUCCAAGUGGACGGGACUUCCCCGUACCGAUGCGCACGGUUCAGAACAGAUGGAAGAAAUCACUGGCCGGCGAACCAAGUUGAUUUGCCAAACAUGGGUUACAGAAAUAGCGCACCACGCGGUUUUUGGCCUACGAUGAGUUGGAAGUUUACGUAACAGGCUCUGGCAGUCUCUGAGUCCAAACUGGGCACUCCUCUAAGCAUGGAACCAGACGUAGCAAUAAACCUCUUAUGUGUGGCUUGCCGCGGAGCGGGCGGAGUAGUGUGUUCGGACCGCCACGGUUUCCAAAGAGCUAUGAGACCAGUCUCGGUAAACCCUUAUA
31	0.9430426359176636	0.9429658055305481	13	12	6	6	6	6	780	400	GUGGGAAAAGGUCUCAUGCUAAGGAAACUCACAGGGACUCUAGUAUGGUUGGUGAUGAGUAUUCCACAGAUUCGACAAAUCCAAGUGGACGGGACUUCCCCGUACCGAUGCGCACGGUUCAGAACAGAUGGAAGAAAUCACUGGCCGGCGAACCAAGUUGAUUUGCCAAACAUGGGUUACAGAAAUAGCGCACCACGCGGUUUUUGGCCUACGAUGAGUUGGAAGUUUACGUAACAGGCUCUGGCAGUCUCUGAGUCCAAACUGGGCACUCCUCUAAGCAUGGAACCAGACGUAGCAAUAAACCUCUUAUGUGUGGCUUGCCGCGGAGCGGGCGGAGUAGUGUGUUCGGACCGCCACGGUUUCCAAAGAGCUAUGAGACCAGUCUCGGUAAACCCUUAUA
31	0.9698981046676636	0.9696969985961914	11	12	6	6	6	6	780	400	GUGGGAAAAGGUCUCAUGCUAAGGAAACUCACAGGGACUCUAGUAUGGUUGGUGAUGAGUAUUCCACAGAUUCGACAAAUCCAAGUGGACGGGACUUCCCCGUACCGAUGCGCACGGUUCAGAACAGAUGGAAGAAAUCACUGGCCGGCGAACCAAGUUGAUUUGCCAAACAUGGGUUACAGAAAUAGCGCACCACGCGGUUUUUGGCCUACGAUGAGUUGGAAGUUUACGUAACAGGCUCUGGCAGUCUCUGAGUCCAAACUGGGCACUCCUCUAAGCAUGGAACCAGACGUAGCAAUAAACCUCUUAUGUGUGGCUUGCCGCGGAGCGGGCGGAGUAGUGUGUUCGGACCGCCACGGUUUCCAAAGAGCUAUGAGACCAGUCUCGGUAAACCCUUAUA
31	0.9465877413749695	0.9465649127960205	13	12	6	6	6	6	780	400	GUGGGAAAAGGUCUCAUGCUAAGGAAACUCACAGGGACUCUAGUAUGGUUGGUGAUGAGUAUUCCACAGAUUCGACAAAUCCAAGUGGACGGGACUUCCCCGUACCGAUGCGCACGGUUCAGAACAGAUGGAAGAAAUCACUGGCCGGCGAACCAAGUUGAUUUGCCAAACAUGGGUUACAGAAAUAGCGCACCACGCGGUUUUUGGCCUACGAUGAGUUGGAAGUUUACGUAACAGGCUCUGGCAGUCUCUGAGUCCAAACUGGGCACUCCUCUAAGCAUGGAACCAGACGUAGCAAUAAACCUCUUAUGUGUGGCUUGCCGCGGAGCGGGCGGAGUAGUGUGUUCGGACCGCCACGGUUUCCAAAGAGCUAUGAGACCAGUCUCGGUAAACCCUUAUA
31	0.954234778881073	0.9541984796524048	13	12	6	6	6	6	780	400	GUGGGAAAAGGUCUCAUGCUAAGGAAACUCACAGGGACUCUAGUAUGGUUGGUGAUGAGUAUUCCACAGAUUCGACAAAUCCAAGUGGACGGGACUUCCCCGUACCGAUGCGCACGGUUCAGAACAGAUGGAAGAAAUCACUGGCCGGCGAACCAAGUUGAUUUGCCAAACAUGGGUUACAGAAAUAGCGCACCACGCGGUUUUUGGCCUACGAUGAGUUGGAAGUUUACGUAACAGGCUCUGGCAGUCUCUGAGUCCAAACUGGGCACUCCUCUAAGCAUGGAACCAGACGUAGCAAUAAACCUCUUAUGUGUGGCUUGCCGCGGAGCGGGCGGAGUAGUGUGUUCGGACCGCCACGGUUUCCAAAGAGCUAUGAGACCAGUCUCGGUAAACCCUUAUA
31	0.9771758317947388	0.9770992398262024	14	12	6	6	6	6	780	400	GUGGGAAAAGGUCUCAUGCUAAGGAAACUCACAGGGACUCUAGUAUGGUUGGUGAUGAGUAUUCCACAGAUUCGACAAAUCCAAGUGGACGGGACUUCCCCGUACCGAUGCGCACGGUUCAGAACAGAUGGAAGAAAUCACUGGCCGGCGAACCAAGUUGAUUUGCCAAACAUGGGUUACAGAAAUAGCGCACCACGCGGUUUUUGGCCUACGAUGAGUUGGAAGUUUACGUAACAGGCUCUGGCAGUCUCUGAGUCCAAACUGGGCACUCCUCUAAGCAUGGAACCAGACGUAGCAAUAAACCUCUUAUGUGUGGCUUGCCGCGGAGCGGGCGGAGUAGUGUGUUCGGACCGCCACGGUUUCCAAAGAGCUAUGAGACCAGUCUCGGUAAACCCUUAUA
31	0.954234778881073	0.9541984796524048	12	12	6	6	6	6	780	400	GUGGGAAAAGGUCUCAUGCUAAGGAAACUCACAGGGACUCUAGUAUGGUUGGUGAUGAGUAUUCCACAGAUUCGACAAAUCCAAGUGGACGGGACUUCCCCGUACCGAUGCGCACGGUUCAGAACAGAUGGAAGAAAUCACUGGCCGGCGAACCAAGUUGAUUUGCCAAACAUGGGUUACAGAAAUAGCGCACCACGCGGUUUUUGGCCUACGAUGAGUUGGAAGUUUACGUAACAGGCUCUGGCAGUCUCUGAGUCCAAACUGGGCACUCCUCUAAGCAUGGAACCAGACGUAGCAAUAAACCUCUUAUGUGUGGCUUGCCGCGGAGCGGGCGGAGUAGUGUGUUCGGACCGCCACGGUUUCCAAAGAGCUAUGAGACCAGUCUCGGUAAACCCUUAUA
31	0.9041176438331604	0.9042145609855652	13	12	6	6	6	6	780	400	GUGGGAAAAGGUCUCAUGCUAAGGAAACUCACAGGGACUCUAGUAUGGUUGGUGAUGAGUAUUCCACAGAUUCGACAAAUCCAAGUGGACGGGACUUCCCCGUACCGAUGCGCACGGUUCAGAACAGAUGGAAGAAAUCACUGGCCGGCGAACCAAGUUGAUUUGCCAAACAUGGGUUACAGAAAUAGCGCACCACGCGGUUUUUGGCCUACGAUGAGUUGGAAGUUUACGUAACAGGCUCUGGCAGUCUCUGAGUCCAAACUGGGCACUCCUCUAAGCAUGGAACCAGACGUAGCAAUAAACCUCUUAUGUGUGGCUUGCCGCGGAGCGGGCGGAGUAGUGUGUUCGGACCGCCACGGUUUCCAAAGAGCUAUGAGACCAGUCUCGGUAAACCCUUAUA
32	0.36111918091773987	0.36123350262641907	1	12	6	6	6	6	780	400	AGCGUAGAGUCACAUUCUUCUUUUCUUUACAAACCAUGUCACAGACAGUACGCGGACGUAAAGUUACUCCGUCGGCGUCGUACCCCCCCAUUGCAGCCGUGGUGAUAGAGAAGGGUACACACUCAUAUCCCGCUGGUCUAUCUGUGAAUCUCUUGCGAAGACCUAAUCCCAGAUAAAACCUUUCAAGGCUCGACUAUCGUGUCACGACCUUCUUCUGAUGGGCUGAGGGGAUAUUAGCGAUUGAGACAAGAUAUCCUCCGGGGGGAGUGAAUCCGGAGUACCGUCCCUACACUGGAUGUCCAGGUCCUAACACAAAGCAACUUGCACACAAAGAAGGGUGGAUCCUGAUAGUGACGUUGUGGUUGUGAUGCCUAUAAAGUUUUUCUUUGGUGACCACAUG
32	0.03321166709065437	0.03448276221752167	2	12	6	6	6	6	780	400	AGCGUAGAGUCACAUUCUUCUUUUCUUUACAAACCAUGUCACAGACAGUACGCGGACGUAAAGUUACUCCGUCGGCGUCGUACCCCCCCAUUGCAGCCGUGGUGAUAGAGAAGGGUACACACUCAUAUCCCGCUGGUCUAUCUGUGAAUCUCUUGCGAAGACCUAAUCCCAGAUAAAACCUUUCAAGGCUCGACUAUCGUGUCACGACCUUCUUCUGAUGGGCUGAGGGGAUAUUAGCGAUUGAGACAAGAUAUCCUCCGGGGGGAGUGAAUCCGGAGUACCGUCCCUACACUGGAUGUCCAGGUCCUAACACAAAGCAACUUGCACACAAAGAAGGGUGGAUCCUGAUAGUGACGUUGUGGUUGUGAUGCCUAUAAAGUUUUUCUUUGGUGACCACAUG
32	0.39323389530181885	0.3930130898952484	3	12	6	6	6	6	780	400	AGCGUAGAGUCACAUUCUUCUUUUCUUUACAAACCAUGUCACAGACAGUACGCGGACGUAAAGUUACUCCGUCGGCGUCGUACCCCCCCAUUGCAGCCGUGGUGAUAGAGAAGGGUACACACUCAUAUCCCGCUGGUCUAUCUGUGAAUCUCUUGCGAAGACCUAAUCCCAGAUAAAACCUUUCAAGGCUCGACUAUCGUGUCACGACCUUCUUCUGAUGGGCUGAGGGGAUAUUAGCGAUUGAGACAAGAUAUCCUCCGGGGGGAGUGAAUCCGGAGUACCGUCCCUACACUGGAUGUCCAGGUCCUAACACAAAGCAACUUGCACACAAAGAAGGGUGGAUCCUGAUAGUGACGUUGUGGUUGUGAUGCCUAUAAAGUUUUUCUUUGGUGACCACAUG
32	0.6307592391967773	0.6306306719779968	4	12	6	6	6	6	780	400	AGCGUAGAGUCACAUUCUUCUUUUCUUUACAAACCAUGUCACAGACAGUACGCGGACGUAAAGUUACUCCGUCGGCGUCGUACCCCCCCAUUGCAGCCGUGGUGAUAGAGAAGGGUACACACUCAUAUCCCGCUGGUCUAUCUGUGAAUCUCUUGCGAAGACCUAAUCCCAGAUAAAACCUUUCAAGGCUCGACUAUCGUGUCACGACCUUCUUCUGAUGGGCUGAGGGGAUAUUAGCGAUUGAGACAAGAUAUCCUCCGGGGGGAGUGAAUCCGGAGUACCGUCCCUACACUGGAUGUCCAGGUCCUAACACAAAGCAACUUGCACACAAAGAAGGGUGGAUCCUGAUAGUGACGUUGUGGUUGUGAUGCCUAUAAAGUUUUUCUUUGGUGACCACAUG
32	0.6010736227035522	0.600896954536438	5	12	6	6	6	6	780	400	AGCGUAGAGUCACAUUCUUCUUUUCUUUACAAACCAUGUCACAGACAGUACGCGGACGUAAAGUUACUCCGUCGGCGUCGUACCCCCCCAUUGCAGCCGUGGUGAUAGAGAAGGGUACACACUCAUAUCCCGCUGGUCUAUCUGUGAAUCUCUUGCGAAGACCUAAUCCCAGAUAAAACCUUUCAAGGCUCGACUAUCGUGUCACGACCUUCUUCUGAUGGGCUGAGGGGAUAUUAGCGAUUGAGACAAGAUAUCCUCCGGGGGGAGUGAAUCCGGAGUACCGUCCCUACACUGGAUGUCCAGGUCCUAACACAAAGCAACUUGCACACAAAGAAGGGUGGAUCCUGAUAGUGACGUUGUGGUUGUGAUGCCUAUAAAGUUUUUCUUUGGUGACCACAUG
32	0.8458024263381958	0.8454545140266418	6	12	6	6	6	6	780	400	AGCGUAGAGUCACAUUCUUCUUUUCUUUACAAACCAUGUCACAGACAGUACGCGGACGUAAAGUUACUCCGUCGGCGUCGUACCCCCCCAUUGCAGCCGUGGUGAUAGAGAAGGGUACACACUCAUAUCCCGCUGGUCUAUCUGUGAAUCUCUUGCGAAGACCUAAUCCCAGAUAAAACCUUUCAAGGCUCGACUAUCGUGUCACGACCUUCUUCUGAUGGGCUGAGGGGAUAUUAGCGAUUGAGACAAGAUAUCCUCCGGGGGGAGUGAAUCCGGAGUACCGUCCCUACACUGGAUGUCCAGGUCCUAACACAAAGCAACUUGCACACAAAGAAGGGUGGAUCCUGAUAGUGACGUUGUGGUUGUGAUGCCUAUAAAGUUUUUCUUUGGUGACCACAUG
32	0.8294351696968079	0.8288288712501526	7	12	6	6	6	6	780	400	AGCGUAGAGUCACAUUCUUCUUUUCUUUACAAACCAUGUCACAGACAGUACGCGGACGUAAAGUUACUCCGUCGGCGUCGUACCCCCCCAUUGCAGCCGUGGUGAUAGAGAAGGGUACACACUCAUAUCCCGCUGGUCUAUCUGUGAAUCUCUUGCGAAGACCUAAUCCCAGAUAAAACCUUUCAAGGCUCGACUAUCGUGUCACGACCUUCUUCUGAUGGGCUGAGGGGAUAUUAGCGAUUGAGACAAGAUAUCCUCCGGGGGGAGUGAAUCCGGAGUACCGUCCCUACACUGGAUGUCCAGGUCCUAACACAAAGCAACUUGCACACAAAGAAGGGUGGAUCCUGAUAGUGACGUUGUGGUUGUGAUGCCUAUAAAGUUUUUCUUUGGUGACCACAUG
32	0.7539393901824951	0.753363311290741	8	12	6	6	6	6	780	400	AGCGUAGAGUCACAUUCUUCUUUUCUUUACAAACCAUGUCACAGACAGUACGCGGACGUAAAGUUACUCCGUCGGCGUCGUACCCCCCCAUUGCAGCCGUGGUGAUAGAGAAGGGUACACACUCAUAUCCCGCUGGUCUAUCUGUGAAUCUCUUGCGAAGACCUAAUCCCAGAUAAAACCUUUCAAGGCUCGACUAUCGUGUCACGACCUUCUUCUGAUGGGCUGAGGGGAUAUUAGCGAUUGAGACAAGAUAUCCUCCGGGGGGAGUGAAUCCGGAGUACCGUCCCUACACUGGAUGUCCAGGUCCUAACACAAAGCAACUUGCACACAAAGAAGGGUGGAUCCUGAUAGUGACGUUGUGGUUGUGAUGCCUAUAAAGUUUUUCUUUGGUGACCACAUG
32	0.8474965691566467	0.8468468189239502	9	12	6	6	6	6	780	400	AGCGUAGAGUCACAUUCUUCUUUUCUUUACAAACCAUGUCACAGACAGUACGCGGACGUAAAGUUACUCCGUCGGCGUCGUACCCCCCCAUUGCAGCCGUGGUGAUAGAGAAGGGUACACACUCAUAUCCCGCUGGUCUAUCUGUGAAUCUCUUGCGAAGACCUAAUCCCAGAUAAAACCUUUCAAGGCUCGACUAUCGUGUCACGACCUUCUUCUGAUGGGCUGAGGGGAUAUUAGCGAUUGAGACAAGAUAUCCUCCGGGGGGAGUGAAUCCGGAGUACCGUCCCUACACUGGAUGUCCAGGUCCUAACACAAAGCAACUUGCACACAAAGAAGGGUGGAUCCUGAUAGUGACGUUGUGGUUGUGAUGCCUAUAAAGUUUUUCUUUGGUGACCACAUG
32	0.8836195468902588	0.8828828930854797	10	12	6	6	6	6	780	400	AGCGUAGAGUCACAUUCUUCUUUUCUUUACAAACCAUGUCACAGACAGUACGCGGACGUAAAGUUACUCCGUCGGCGUCGUACCCCCCCAUUGCAGCCGUGGUGAUAGAGAAGGGUACACACUCAUAUCCCGCUGGUCUAUCUGUGAAUCUCUUGCGAAGACCUAAUCCCAGAUAAAACCUUUCAAGGCUCGACUAUCGUGUCACGACCUUCUUCUGAUGGGCUGAGGGGAUAUUAGCGAUUGAGACAAGAUAUCCUCCGGGGGGAGUGAAUCCGGAGUACCGUCCCUACACUGGAUGUCCAGGUCCUAACACAAAGCAACUUGCACACAAAGAAGGGUGGAUCCUGAUAGUGACGUUGUGGUUGUGAUGCCUAUAAAGUUUUUCUUUGGUGACCACAUG
32	0.9600182175636292	0.959276020526886	11	12	6	6	6	6	780	400	AGCGUAGAGUCACAUUCUUCUUUUCUUUACAAACCAUGUCACAGACAGUACGCGGACGUAAAGUUACUCCGUCGGCGUCGUACCCCCCCAUUGCAGCCGUGGUGAUAGAGAAGGGUACACACUCAUAUCCCGCUGGUCUAUCUGUGAAUCUCUUGCGAAGACCUAAUCCCAGAUAAAACCUUUCAAGGCUCGACUAUCGUGUCACGACCUUCUUCUGAUGGGCUGAGGGGAUAUUAGCGAUUGAGACAAGAUAUCCUCCGGGGGGAGUGAAUCCGGAGUACCGUCCCUACACUGGAUGUCCAGGUCCUAACACAAAGCAACUUGCACACAAAGAAGGGUGGAUCCUGAUAGUGACGUUGUGGUUGUGAUGCCUAUAAAGUUUUUCUUUGGUGACCACAUG
32	0.8492932915687561	0.847161591053009	12	12	6	6	6	6	780	400	AGCGUAGAGUCACAUUCUUCUUUUCUUUACAAACCAUGUCACAGACAGUACGCGGACGUAAAGUUACUCCGUCGGCGUCGUACCCCCCCAUUGCAGCCGUGGUGAUAGAGAAGGGUACACACUCAUAUCCCGCUGGUCUAUCUGUGAAUCUCUUGCGAAGACCUAAUCCCAGAUAAAACCUUUCAAGGCUCGACUAUCGUGUCACGACCUUCUUCUGAUGGGCUGAGGGGAUAUUAGCGAUUGAGACAAGAUAUCCUCCGGGGGGAGUGAAUCCGGAGUACCGUCCCUACACUGGAUGUCCAGGUCCUAACACAAAGCAACUUGCACACAAAGAAGGGUGGAUCCUGAUAGUGACGUUGUGGUUGUGAUGCCUAUAAAGUUUUUCUUUGGUGACCACAUG
32	0.7999361753463745	0.7982456088066101	13	12	6	6	6	6	780	400	AGCGUAGAGUCACAUUCUUCUUUUCUUUACAAACCAUGUCACAGACAGUACGCGGACGUAAAGUUACUCCGUCGGCGUCGUACCCCCCCAUUGCAGCCGUGGUGAUAGAGAAGGGUACACACUCAUAUCCCGCUGGUCUAUCUGUGAAUCUCUUGCGAAGACCUAAUCCCAGAUAAAACCUUUCAAGGCUCGACUAUCGUGUCACGACCUUCUUCUGAUGGGCUGAGGGGAUAUUAGCGAUUGAGACAAGAUAUCCUCCGGGGGGAGUGAAUCCGGAGUACCGUCCCUACACUGGAUGUCCAGGUCCUAACACAAAGCAACUUGCACACAAAGAAGGGUGGAUCCUGAUAGUGACGUUGUGGUUGUGAUGCCUAUAAAGUUUUUCUUUGGUGACCACAUG
32	0.9056104421615601	0.903508722782135	14	12	6	6	6	6	780	400	AGCGUAGAGUCACAUUCUUCUUUUCUUUACAAACCAUGUCACAGACAGUACGCGGACGUAAAGUUACUCCGUCGGCGUCGUACCCCCCCAUUGCAGCCGUGGUGAUAGAGAAGGGUACACACUCAUAUCCCGCUGGUCUAUCUGUGAAUCUCUUGCGAAGACCUAAUCCCAGAUAAAACCUUUCAAGGCUCGACUAUCGUGUCACGACCUUCUUCUGAUGGGCUGAGGGGAUAUUAGCGAUUGAGACAAGAUAUCCUCCGGGGGGAGUGAAUCCGGAGUACCGUCCCUACACUGGAUGUCCAGGUCCUAACACAAAGCAACUUGCACACAAAGAAGGGUGGAUCCUGAUAGUGACGUUGUGGUUGUGAUGCCUAUAAAGUUUUUCUUUGGUGACCACAUG
32	0.876086413860321	0.8749999403953552	12	12	6	6	6	6	780	400	AGCGUAGAGUCACAUUCUUCUUUUCUUUACAAACCAUGUCACAGACAGUACGCGGACGUAAAGUUACUCCGUCGGCGUCGUACCCCCCCAUUGCAGCCGUGGUGAUAGAGAAGGGUACACACUCAUAUCCCGCUGGUCUAUCUGUGAAUCUCUUGCGAAGACCUAAUCCCAGAUAAAACCUUUCAAGGCUCGACUAUCGUGUCACGACCUUCUUCUGAUGGGCUGAGGGGAUAUUAGCGAUUGAGACAAGAUAUCCUCCGGGGGGAGUGAAUCCGGAGUACCGUCCCUACACUGGAUGUCCAGGUCCUAACACAAAGCAACUUGCACACAAAGAAGGGUGGAUCCUGAUAGUGACGUUGUGGUUGUGAUGCCUAUAAAGUUUUUCUUUGGUGACCACAUG
32	0.876086413860321	0.8749999403953552	13	12	6	6	6	6	780	400	AGCGUAGAGUCACAUUCUUCUUUUCUUUACAAACCAUGUCACAGACAGUACGCGGACGUAAAGUUACUCCGUCGGCGUCGUACCCCCCCAUUGCAGCCGUGGUGAUAGAGAAGGGUACACACUCAUAUCCCGCUGGUCUAUCUGUGAAUCUCUUGCGAAGACCUAAUCCCAGAUAAAACCUUUCAAGGCUCGACUAUCGUGUCACGACCUUCUUCUGAUGGGCUGAGGGGAUAUUAGCGAUUGAGACAAGAUAUCCUCCGGGGGGAGUGAAUCCGGAGUACCGUCCCUACACUGGAUGUCCAGGUCCUAACACAAAGCAACUUGCACACAAAGAAGGGUGGAUCCUGAUAGUGACGUUGUGGUUGUGAUGCCUAUAAAGUUUUUCUUUGGUGACCACAUG
32	0.7355549335479736	0.7345132827758789	12	12	6	6	6	6	780	400	AGCGUAGAGUCACAUUCUUCUUUUCUUUACAAACCAUGUCACAGACAGUACGCGGACGUAAAGUUACUCCGUCGGCGUCGUACCCCCCCAUUGCAGCCGUGGUGAUAGAGAAGGGUACACACUCAUAUCCCGCUGGUCUAUCUGUGAAUCUCUUGCGAAGACCUAAUCCCAGAUAAAACCUUUCAAGGCUCGACUAUCGUGUCACGACCUUCUUCUGAUGGGCUGAGGGGAUAUUAGCGAUUGAGACAAGAUAUCCUCCGGGGGGAGUGAAUCCGGAGUACCGUCCCUACACUGGAUGUCCAGGUCCUAACACAAAGCAACUUGCACACAAAGAAGGGUGGAUCCUGAUAGUGACGUUGUGGUUGUGAUGCCUAUAAAGUUUUUCUUUGGUGACCACAUG
32	0.8545905351638794	0.8521739840507507	13	12	6	6	6	6	780	400	AGCGUAGAGUCACAUUCUUCUUUUCUUUACAAACCAUGUCACAGACAGUACGCGGACGUAAAGUUACUCCGUCGGCGUCGUACCCCCCCAUUGCAGCCGUGGUGAUAGAGAAGGGUACACACUCAUAUCCCGCUGGUCUAUCUGUGAAUCUCUUGCGAAGACCUAAUCCCAGAUAAAACCUUUCAAGGCUCGACUAUCGUGUCACGACCUUCUUCUGAUGGGCUGAGGGGAUAUUAGCGAUUGAGACAAGAUAUCCUCCGGGGGGAGUGAAUCCGGAGUACCGUCCCUACACUGGAUGUCCAGGUCCUAACACAAAGCAACUUGCACACAAAGAAGGGUGGAUCCUGAUAGUGACGUUGUGGUUGUGAUGCCUAUAAAGUUUUUCUUUGGUGACCACAUG
32	0.9146690368652344	0.9140271544456482	12	12	6	6	6	6	780	400	AGCGUAGAGUCACAUUCUUCUUUUCUUUACAAACCAUGUCACAGACAGUACGCGGACGUAAAGUUACUCCGUCGGCGUCGUACCCCCCCAUUGCAGCCGUGGUGAUAGAGAAGGGUACACACUCAUAUCCCGCUGGUCUAUCUGUGAAUCUCUUGCGAAGACCUAAUCCCAGAUAAAACCUUUCAAGGCUCGACUAUCGUGUCACGACCUUCUUCUGAUGGGCUGAGGGGAUAUUAGCGAUUGAGACAAGAUAUCCUCCGGGGGGAGUGAAUCCGGAGUACCGUCCCUACACUGGAUGUCCAGGUCCUAACACAAAGCAACUUGCACACAAAGAAGGGUGGAUCCUGAUAGUGACGUUGUGGUUGUGAUGCCUAUAAAGUUUUUCUUUGGUGACCACAUG
32	0.7653952836990356	0.7644444108009338	12	12	6	6	6	6	780	400	AGCGUAGAGUCACAUUCUUCUUUUCUUUACAAACCAUGUCACAGACAGUACGCGGACGUAAAGUUACUCCGUCGGCGUCGUACCCCCCCAUUGCAGCCGUGGUGAUAGAGAAGGGUACACACUCAUAUCCCGCUGGUCUAUCUGUGAAUCUCUUGCGAAGACCUAAUCCCAGAUAAAACCUUUCAAGGCUCGACUAUCGUGUCACGACCUUCUUCUGAUGGGCUGAGGGGAUAUUAGCGAUUGAGACAAGAUAUCCUCCGGGGGGAGUGAAUCCGGAGUACCGUCCCUACACUGGAUGUCCAGGUCCUAACACAAAGCAACUUGCACACAAAGAAGGGUGGAUCCUGAUAGUGACGUUGUGGUUGUGAUGCCUAUAAAGUUUUUCUUUGGUGACCACAUG
32	0.8828235864639282	0.8810572624206543	13	12	6	6	6	6	780	400	AGCGUAGAGUCACAUUCUUCUUUUCUUUACAAACCAUGUCACAGACAGUACGCGGACGUAAAGUUACUCCGUCGGCGUCGUACCCCCCCAUUGCAGCCGUGGUGAUAGAGAAGGGUACACACUCAUAUCCCGCUGGUCUAUCUGUGAAUCUCUUGCGAAGACCUAAUCCCAGAUAAAACCUUUCAAGGCUCGACUAUCGUGUCACGACCUUCUUCUGAUGGGCUGAGGGGAUAUUAGCGAUUGAGACAAGAUAUCCUCCGGGGGGAGUGAAUCCGGAGUACCGUCCCUACACUGGAUGUCCAGGUCCUAACACAAAGCAACUUGCACACAAAGAAGGGUGGAUCCUGAUAGUGACGUUGUGGUUGUGAUGCCUAUAAAGUUUUUCUUUGGUGACCACAUG
32	0.9169728755950928	0.9155555963516235	12	12	6	6	6	6	780	400	AGCGUAGAGUCACAUUCUUCUUUUCUUUACAAACCAUGUCACAGACAGUACGCGGACGUAAAGUUACUCCGUCGGCGUCGUACCCCCCCAUUGCAGCCGUGGUGAUAGAGAAGGGUACACACUCAUAUCCCGCUGGUCUAUCUGUGAAUCUCUUGCGAAGACCUAAUCCCAGAUAAAACCUUUCAAGGCUCGACUAUCGUGUCACGACCUUCUUCUGAUGGGCUGAGGGGAUAUUAGCGAUUGAGACAAGAUAUCCUCCGGGGGGAGUGAAUCCGGAGUACCGUCCCUACACUGGAUGUCCAGGUCCUAACACAAAGCAACUUGCACACAAAGAAGGGUGGAUCCUGAUAGUGACGUUGUGGUUGUGAUGCCUAUAAAGUUUUUCUUUGGUGACCACAUG
32	0.885959267616272	0.8831169009208679	13	12	6	6	6	6	780	400	AGCGUAGAGUCACAUUCUUCUUUUCUUUACAAACCAUGUCACAGACAGUACGCGGACGUAAAGUUACUCCGUCGGCGUCGUACCCCCCCAUUGCAGCCGUGGUGAUAGAGAAGGGUACACACUCAUAUCCCGCUGGUCUAUCUGUGAAUCUCUUGCGAAGACCUAAUCCCAGAUAAAACCUUUCAAGGCUCGACUAUCGUGUCACGACCUUCUUCUGAUGGGCUGAGGGGAUAUUAGCGAUUGAGACAAGAUAUCCUCCGGGGGGAGUGAAUCCGGAGUACCGUCCCUACACUGGAUGUCCAGGUCCUAACACAAAGCAACUUGCACACAAAGAAGGGUGGAUCCUGAUAGUGACGUUGUGGUUGUGAUGCCUAUAAAGUUUUUCUUUGGUGACCACAUG
32	0.8527732491493225	0.8508772253990173	13	12	6	6	6	6	780	400	AGCGUAGAGUCACAUUCUUCUUUUCUUUACAAACCAUGUCACAGACAGUACGCGGACGUAAAGUUACUCCGUCGGCGUCGUACCCCCCCAUUGCAGCCGUGGUGAUAGAGAAGGGUACACACUCAUAUCCCGCUGGUCUAUCUGUGAAUCUCUUGCGAAGACCUAAUCCCAGAUAAAACCUUUCAAGGCUCGACUAUCGUGUCACGACCUUCUUCUGAUGGGCUGAGGGGAUAUUAGCGAUUGAGACAAGAUAUCCUCCGGGGGGAGUGAAUCCGGAGUACCGUCCCUACACUGGAUGUCCAGGUCCUAACACAAAGCAACUUGCACACAAAGAAGGGUGGAUCCUGAUAGUGACGUUGUGGUUGUGAUGCCUAUAAAGUUUUUCUUUGGUGACCACAUG
32	0.8297688961029053	0.8281938433647156	14	12	6	6	6	6	780	400	AGCGUAGAGUCACAUUCUUCUUUUCUUUACAAACCAUGUCACAGACAGUACGCGGACGUAAAGUUACUCCGUCGGCGUCGUACCCCCCCAUUGCAGCCGUGGUGAUAGAGAAGGGUACACACUCAUAUCCCGCUGGUCUAUCUGUGAAUCUCUUGCGAAGACCUAAUCCCAGAUAAAACCUUUCAAGGCUCGACUAUCGUGUCACGACCUUCUUCUGAUGGGCUGAGGGGAUAUUAGCGAUUGAGACAAGAUAUCCUCCGGGGGGAGUGAAUCCGGAGUACCGUCCCUACACUGGAUGUCCAGGUCCUAACACAAAGCAACUUGCACACAAAGAAGGGUGGAUCCUGAUAGUGACGUUGUGGUUGUGAUGCCUAUAAAGUUUUUCUUUGGUGACCACAUG
32	0.779950737953186	0.7787610292434692	13	12	6	6	6	6	780	400	AGCGUAGAGUCACAUUCUUCUUUUCUUUACAAACCAUGUCACAGACAGUACGCGGACGUAAAGUUACUCCGUCGGCGUCGUACCCCCCCAUUGCAGCCGUGGUGAUAGAGAAGGGUACACACUCAUAUCCCGCUGGUCUAUCUGUGAAUCUCUUGCGAAGACCUAAUCCCAGAUAAAACCUUUCAAGGCUCGACUAUCGUGUCACGACCUUCUUCUGAUGGGCUGAGGGGAUAUUAGCGAUUGAGACAAGAUAUCCUCCGGGGGGAGUGAAUCCGGAGUACCGUCCCUACACUGGAUGUCCAGGUCCUAACACAAAGCAACUUGCACACAAAGAAGGGUGGAUCCUGAUAGUGACGUUGUGGUUGUGAUGCCUAUAAAGUUUUUCUUUGGUGACCACAUG
32	0.8456422090530396	0.8444443941116333	13	12	6	6	6	6	780	400	AGCGUAGAGUCACAUUCUUCUUUUCUUUACAAACCAUGUCACAGACAGUACGCGGACGUAAAGUUACUCCGUCGGCGUCGUACCCCCCCAUUGCAGCCGUGGUGAUAGAGAAGGGUACACACUCAUAUCCCGCUGGUCUAUCUGUGAAUCUCUUGCGAAGACCUAAUCCCAGAUAAAACCUUUCAAGGCUCGACUAUCGUGUCACGACCUUCUUCUGAUGGGCUGAGGGGAUAUUAGCGAUUGAGACAAGAUAUCCUCCGGGGGGAGUGAAUCCGGAGUACCGUCCCUACACUGGAUGUCCAGGUCCUAACACAAAGCAACUUGCACACAAAGAAGGGUGGAUCCUGAUAGUGACGUUGUGGUUGUGAUGCCUAUAAAGUUUUUCUUUGGUGACCACAUG
32	0.876086413860321	0.8749999403953552	13	12	6	6	6	6	780	400	AGCGUAGAGUCACAUUCUUCUUUUCUUUACAAACCAUGUCACAGACAGUACGCGGACGUAAAGUUACUCCGUCGGCGUCGUACCCCCCCAUUGCAGCCGUGGUGAUAGAGAAGGGUACACACUCAUAUCCCGCUGGUCUAUCUGUGAAUCUCUUGCGAAGACCUAAUCCCAGAUAAAACCUUUCAAGGCUCGACUAUCGUGUCACGACCUUCUUCUGAUGGGCUGAGGGGAUAUUAGCGAUUGAGACAAGAUAUCCUCCGGGGGGAGUGAAUCCGGAGUACCGUCCCUACACUGGAUGUCCAGGUCCUAACACAAAGCAACUUGCACACAAAGAAGGGUGGAUCCUGAUAGUGACGUUGUGGUUGUGAUGCCUAUAAAGUUUUUCUUUGGUGACCACAUG
32	0.8865006566047668	0.8849557042121887	14	12	6	6	6	6	780	400	AGCGUAGAGUCACAUUCUUCUUUUCUUUACAAACCAUGUCACAGACAGUACGCGGACGUAAAGUUACUCCGUCGGCGUCGUACCCCCCCAUUGCAGCCGUGGUGAUAGAGAAGGGUACACACUCAUAUCCCGCUGGUCUAUCUGUGAAUCUCUUGCGAAGACCUAAUCCCAGAUAAAACCUUUCAAGGCUCGACUAUCGUGUCACGACCUUCUUCUGAUGGGCUGAGGGGAUAUUAGCGAUUGAGACAAGAUAUCCUCCGGGGGGAGUGAAUCCGGAGUACCGUCCCUACACUGGAUGUCCAGGUCCUAACACAAAGCAACUUGCACACAAAGAAGGGUGGAUCCUGAUAGUGACGUUGUGGUUGUGAUGCCUAUAAAGUUUUUCUUUGGUGACCACAUG
33	0.6837587952613831	0.6842105388641357	1	12	6	6	6	6	780	400	UAACAGCCAUUUGAUGUAUAGUAUUUUCGUAAUACAGUUCCCUCUCUACCGCCUGGCACCUUUGACGAGGACGUUCAUUGCGCCAGCGUGAAUCCACCGCGCUGCUUGAUCGAGGUACCACCGGCCUAACAGAUAAUUACUUGACCCUGUUGAAGGGCCGUCACGAAUUCCCCCUAACUCGGACCAUUACCCUAAUACCAGUAUGGCGAUUCCGUGGACAGGGGGUUACGGAGCAAAAUUCAGUAAGCGAGAUCAAUGCACUCAUACACAACAUGCCAGAUUCUCACAGCUUCCCGAGCGAUGCAGUAGAGAUAGUGUCUAUGGGACGCGGCCCGCAUAGAAACAACCUAGGCCGUACUAAUCCUACCCUCGAGCGGAACAUAGUUAUUAUCGAGUUCUA
33	0.5783600807189941	0.5787233710289001	2	12	6	6	6	6	780	400	UAACAGCCAUUUGAUGUAUAGUAUUUUCGUAAUACAGUUCCCUCUCUACCGCCUGGCACCUUUGACGAGGACGUUCAUUGCGCCAGCGUGAAUCCACCGCGCUGCUUGAUCGAGGUACCACCGGCCUAACAGAUAAUUACUUGACCCUGUUGAAGGGCCGUCACGAAUUCCCCCUAACUCGGACCAUUACCCUAAUACCAGUAUGGCGAUUCCGUGGACAGGGGGUUACGGAGCAAAAUUCAGUAAGCGAGAUCAAUGCACUCAUACACAACAUGCCAGAUUCUCACAGCUUCCCGAGCGAUGCAGUAGAGAUAGUGUCUAUGGGACGCGGCCCGCAUAGAAACAACCUAGGCCGUACUAAUCCUACCCUCGAGCGGAACAUAGUUAUUAUCGAGUUCUA
33	0.5338848829269409	0.5344827771186829	3	12	6	6	6	6	780	400	UAACAGCCAUUUGAUGUAUAGUAUUUUCGUAAUACAGUUCCCUCUCUACCGCCUGGCACCUUUGACGAGGACGUUCAUUGCGCCAGCGUGAAUCCACCGCGCUGCUUGAUCGAGGUACCACCGGCCUAACAGAUAAUUACUUGACCCUGUUGAAGGGCCGUCACGAAUUCCCCCUAACUCGGACCAUUACCCUAAUACCAGUAUGGCGAUUCCGUGGACAGGGGGUUACGGAGCAAAAUUCAGUAAGCGAGAUCAAUGCACUCAUACACAACAUGCCAGAUUCUCACAGCUUCCCGAGCGAUGCAGUAGAGAUAGUGUCUAUGGGACGCGGCCCGCAUAGAAACAACCUAGGCCGUACUAAUCCUACCCUCGAGCGGAACAUAGUUAUUAUCGAGUUCUA
33	0.5660208463668823	0.5665236115455627	4	12	6	6	6	6	780	400	UAACAGCCAUUUGAUGUAUAGUAUUUUCGUAAUACAGUUCCCUCUCUACCGCCUGGCACCUUUGACGAGGACGUUCAUUGCGCCAGCGUGAAUCCACCGCGCUGCUUGAUCGAGGUACCACCGGCCUAACAGAUAAUUACUUGACCCUGUUGAAGGGCCGUCACGAAUUCCCCCUAACUCGGACCAUUACCCUAAUACCAGUAUGGCGAUUCCGUGGACAGGGGGUUACGGAGCAAAAUUCAGUAAGCGAGAUCAAUGCACUCAUACACAACAUGCCAGAUUCUCACAGCUUCCCGAGCGAUGCAGUAGAGAUAGUGUCUAUGGGACGCGGCCCGCAUAGAAACAACCUAGGCCGUACUAAUCCUACCCUCGAGCGGAACAUAGUUAUUAUCGAGUUCUA
33	0.5416576266288757	0.5416666865348816	5	12	6	6	6	6	780	400	UAACAGCCAUUUGAUGUAUAGUAUUUUCGUAAUACAGUUCCCUCUCUACCGCCUGGCACCUUUGACGAGGACGUUCAUUGCGCCAGCGUGAAUCCACCGCGCUGCUUGAUCGAGGUACCACCGGCCUAACAGAUAAUUACUUGACCCUGUUGAAGGGCCGUCACGAAUUCCCCCUAACUCGGACCAUUACCCUAAUACCAGUAUGGCGAUUCCGUGGACAGGGGGUUACGGAGCAAAAUUCAGUAAGCGAGAUCAAUGCACUCAUACACAACAUGCCAGAUUCUCACAGCUUCCCGAGCGAUGCAGUAGAGAUAGUGUCUAUGGGACGCGGCCCGCAUAGAAACAACCUAGGCCGUACUAAUCCUACCCUCGAGCGGAACAUAGUUAUUAUCGAGUUCUA
33	0.5583235621452332	0.5589519739151001	6	12	6	6	6	6	780	400	UAACAGCCAUUUGAUGUAUAGUAUUUUCGUAAUACAGUUCCCUCUCUACCGCCUGGCACCUUUGACGAGGACGUUCAUUGCGCCAGCGUGAAUCCACCGCGCUGCUUGAUCGAGGUACCACCGGCCUAACAGAUAAUUACUUGACCCUGUUGAAGGGCCGUCACGAAUUCCCCCUAACUCGGACCAUUACCCUAAUACCAGUAUGGCGAUUCCGUGGACAGGGGGUUACGGAGCAAAAUUCAGUAAGCGAGAUCAAUGCACUCAUACACAACAUGCCAGAUUCUCACAGCUUCCCGAGCGAUGCAGUAGAGAUAGUGUCUAUGGGACGCGGCCCGCAUAGAAACAACCUAGGCCGUACUAAUCCUACCCUCGAGCGGAACAUAGUUAUUAUCGAGUUCUA
33	0.6278162598609924	0.6283186078071594	7	12	6	6	6	6	780	400	UAACAGCCAUUUGAUGUAUAGUAUUUUCGUAAUACAGUUCCCUCUCUACCGCCUGGCACCUUUGACGAGGACGUUCAUUGCGCCAGCGUGAAUCCACCGCGCUGCUUGAUCGAGGUACCACCGGCCUAACAGAUAAUUACUUGACCCUGUUGAAGGGCCGUCACGAAUUCCCCCUAACUCGGACCAUUACCCUAAUACCAGUAUGGCGAUUCCGUGGACAGGGGGUUACGGAGCAAAAUUCAGUAAGCGAGAUCAAUGCACUCAUACACAACAUGCCAGAUUCUCACAGCUUCCCGAGCGAUGCAGUAGAGAUAGUGUCUAUGGGACGCGGCCCGCAUAGAAACAACCUAGGCCGUACUAAUCCUACCCUCGAGCGGAACAUAGUUAUUAUCGAGUUCUA
33	0.6348066926002502	0.6351932287216187	8	12	6	6	6	6	780	400	UAACAGCCAUUUGAUGUAUAGUAUUUUCGUAAUACAGUUCCCUCUCUACCGCCUGGCACCUUUGACGAGGACGUUCAUUGCGCCAGCGUGAAUCCACCGCGCUGCUUGAUCGAGGUACCACCGGCCUAACAGAUAAUUACUUGACCCUGUUGAAGGGCCGUCACGAAUUCCCCCUAACUCGGACCAUUACCCUAAUACCAGUAUGGCGAUUCCGUGGACAGGGGGUUACGGAGCAAAAUUCAGUAAGCGAGAUCAAUGCACUCAUACACAACAUGCCAGAUUCUCACAGCUUCCCGAGCGAUGCAGUAGAGAUAGUGUCUAUGGGACGCGGCCCGCAUAGAAACAACCUAGGCCGUACUAAUCCUACCCUCGAGCGGAACAUAGUUAUUAUCGAGUUCUA
33	0.777708113193512	0.7777777910232544	9	12	6	6	6	6	780	400	UAACAGCCAUUUGAUGUAUAGUAUUUUCGUAAUACAGUUCCCUCUCUACCGCCUGGCACCUUUGACGAGGACGUUCAUUGCGCCAGCGUGAAUCCACCGCGCUGCUUGAUCGAGGUACCACCGGCCUAACAGAUAAUUACUUGACCCUGUUGAAGGGCCGUCACGAAUUCCCCCUAACUCGGACCAUUACCCUAAUACCAGUAUGGCGAUUCCGUGGACAGGGGGUUACGGAGCAAAAUUCAGUAAGCGAGAUCAAUGCACUCAUACACAACAUGCCAGAUUCUCACAGCUUCCCGAGCGAUGCAGUAGAGAUAGUGUCUAUGGGACGCGGCCCGCAUAGAAACAACCUAGGCCGUACUAAUCCUACCCUCGAGCGGAACAUAGUUAUUAUCGAGUUCUA
33	0.7876379489898682	0.7878788113594055	10	12	6	6	6	6	780	400	UAACAGCCAUUUGAUGUAUAGUAUUUUCGUAAUACAGUUCCCUCUCUACCGCCUGGCACCUUUGACGAGGACGUUCAUUGCGCCAGCGUGAAUCCACCGCGCUGCUUGAUCGAGGUACCACCGGCCUAACAGAUAAUUACUUGACCCUGUUGAAGGGCCGUCACGAAUUCCCCCUAACUCGGACCAUUACCCUAAUACCAGUAUGGCGAUUCCGUGGACAGGGGGUUACGGAGCAAAAUUCAGUAAGCGAGAUCAAUGCACUCAUACACAACAUGCCAGAUUCUCACAGCUUCCCGAGCGAUGCAGUAGAGAUAGUGUCUAUGGGACGCGGCCCGCAUAGAAACAACCUAGGCCGUACUAAUCCUACCCUCGAGCGGAACAUAGUUAUUAUCGAGUUCUA
33	0.7756350636482239	0.7749999165534973	11	12	6	6	6	6	780	400	UAACAGCCAUUUGAUGUAUAGUAUUUUCGUAAUACAGUUCCCUCUCUACCGCCUGGCACCUUUGACGAGGACGUUCAUUGCGCCAGCGUGAAUCCACCGCGCUGCUUGAUCGAGGUACCACCGGCCUAACAGAUAAUUACUUGACCCUGUUGAAGGGCCGUCACGAAUUCCCCCUAACUCGGACCAUUACCCUAAUACCAGUAUGGCGAUUCCGUGGACAGGGGGUUACGGAGCAAAAUUCAGUAAGCGAGAUCAAUGCACUCAUACACAACAUGCCAGAUUCUCACAGCUUCCCGAGCGAUGCAGUAGAGAUAGUGUCUAUGGGACGCGGCCCGCAUAGAAACAACCUAGGCCGUACUAAUCCUACCCUCGAGCGGAACAUAGUUAUUAUCGAGUUCUA
33	0.7948328852653503	0.7948718070983887	12	12	6	6	6	6	780	400	UAACAGCCAUUUGAUGUAUAGUAUUUUCGUAAUACAGUUCCCUCUCUACCGCCUGGCACCUUUGACGAGGACGUUCAUUGCGCCAGCGUGAAUCCACCGCGCUGCUUGAUCGAGGUACCACCGGCCUAACAGAUAAUUACUUGACCCUGUUGAAGGGCCGUCACGAAUUCCCCCUAACUCGGACCAUUACCCUAAUACCAGUAUGGCGAUUCCGUGGACAGGGGGUUACGGAGCAAAAUUCAGUAAGCGAGAUCAAUGCACUCAUACACAACAUGCCAGAUUCUCACAGCUUCCCGAGCGAUGCAGUAGAGAUAGUGUCUAUGGGACGCGGCCCGCAUAGAAACAACCUAGGCCGUACUAAUCCUACCCUCGAGCGGAACAUAGUUAUUAUCGAGUUCUA
33	0.7967686057090759	0.7966101765632629	13	12	6	6	6	6	780	400	UAACAGCCAUUUGAUGUAUAGUAUUUUCGUAAUACAGUUCCCUCUCUACCGCCUGGCACCUUUGACGAGGACGUUCAUUGCGCCAGCGUGAAUCCACCGCGCUGCUUGAUCGAGGUACCACCGGCCUAACAGAUAAUUACUUGACCCUGUUGAAGGGCCGUCACGAAUUCCCCCUAACUCGGACCAUUACCCUAAUACCAGUAUGGCGAUUCCGUGGACAGGGGGUUACGGAGCAAAAUUCAGUAAGCGAGAUCAAUGCACUCAUACACAACAUGCCAGAUUCUCACAGCUUCCCGAGCGAUGCAGUAGAGAUAGUGUCUAUGGGACGCGGCCCGCAUAGAAACAACCUAGGCCGUACUAAUCCUACCCUCGAGCGGAACAUAGUUAUUAUCGAGUUCUA
33	0.7818794250488281	0.7815126180648804	14	12	6	6	6	6	780	400	UAACAGCCAUUUGAUGUAUAGUAUUUUCGUAAUACAGUUCCCUCUCUACCGCCUGGCACCUUUGACGAGGACGUUCAUUGCGCCAGCGUGAAUCCACCGCGCUGCUUGAUCGAGGUACCACCGGCCUAACAGAUAAUUACUUGACCCUGUUGAAGGGCCGUCACGAAUUCCCCCUAACUCGGACCAUUACCCUAAUACCAGUAUGGCGAUUCCGUGGACAGGGGGUUACGGAGCAAAAUUCAGUAAGCGAGAUCAAUGCACUCAUACACAACAUGCCAGAUUCUCACAGCUUCCCGAGCGAUGCAGUAGAGAUAGUGUCUAUGGGACGCGGCCCGCAUAGAAACAACCUAGGCCGUACUAAUCCUACCCUCGAGCGGAACAUAGUUAUUAUCGAGUUCUA
33	0.7903028130531311	0.7899159789085388	14	12	6	6	6	6	780	400	UAACAGCCAUUUGAUGUAUAGUAUUUUCGUAAUACAGUUCCCUCUCUACCGCCUGGCACCUUUGACGAGGACGUUCAUUGCGCCAGCGUGAAUCCACCGCGCUGCUUGAUCGAGGUACCACCGGCCUAACAGAUAAUUACUUGACCCUGUUGAAGGGCCGUCACGAAUUCCCCCUAACUCGGACCAUUACCCUAAUACCAGUAUGGCGAUUCCGUGGACAGGGGGUUACGGAGCAAAAUUCAGUAAGCGAGAUCAAUGCACUCAUACACAACAUGCCAGAUUCUCACAGCUUCCCGAGCGAUGCAGUAGAGAUAGUGUCUAUGGGACGCGGCCCGCAUAGAAACAACCUAGGCCGUACUAAUCCUACCCUCGAGCGGAACAUAGUUAUUAUCGAGUUCUA
33	0.7830074429512024	0.7829787731170654	14	12	6	6	6	6	780	400	UAACAGCCAUUUGAUGUAUAGUAUUUUCGUAAUACAGUUCCCUCUCUACCGCCUGGCACCUUUGACGAGGACGUUCAUUGCGCCAGCGUGAAUCCACCGCGCUGCUUGAUCGAGGUACCACCGGCCUAACAGAUAAUUACUUGACCCUGUUGAAGGGCCGUCACGAAUUCCCCCUAACUCGGACCAUUACCCUAAUACCAGUAUGGCGAUUCCGUGGACAGGGGGUUACGGAGCAAAAUUCAGUAAGCGAGAUCAAUGCACUCAUACACAACAUGCCAGAUUCUCACAGCUUCCCGAGCGAUGCAGUAGAGAUAGUGUCUAUGGGACGCGGCCCGCAUAGAAACAACCUAGGCCGUACUAAUCCUACCCUCGAGCGGAACAUAGUUAUUAUCGAGUUCUA
33	0.7397626042366028	0.7394957542419434	14	12	6	6	6	6	780	400	UAACAGCCAUUUGAUGUAUAGUAUUUUCGUAAUACAGUUCCCUCUCUACCGCCUGGCACCUUUGACGAGGACGUUCAUUGCGCCAGCGUGAAUCCACCGCGCUGCUUGAUCGAGGUACCACCGGCCUAACAGAUAAUUACUUGACCCUGUUGAAGGGCCGUCACGAAUUCCCCCUAACUCGGACCAUUACCCUAAUACCAGUAUGGCGAUUCCGUGGACAGGGGGUUACGGAGCAAAAUUCAGUAAGCGAGAUCAAUGCACUCAUACACAACAUGCCAGAUUCUCACAGCUUCCCGAGCGAUGCAGUAGAGAUAGUGUCUAUGGGACGCGGCCCGCAUAGAAACAACCUAGGCCGUACUAAUCCUACCCUCGAGCGGAACAUAGUUAUUAUCGAGUUCUA
33	0.7734560966491699	0.7731093168258667	14	12	6	6	6	6	780	400	UAACAGCCAUUUGAUGUAUAGUAUUUUCGUAAUACAGUUCCCUCUCUACCGCCUGGCACCUUUGACGAGGACGUUCAUUGCGCCAGCGUGAAUCCACCGCGCUGCUUGAUCGAGGUACCACCGGCCUAACAGAUAAUUACUUGACCCUGUUGAAGGGCCGUCACGAAUUCCCCCUAACUCGGACCAUUACCCUAAUACCAGUAUGGCGAUUCCGUGGACAGGGGGUUACGGAGCAAAAUUCAGUAAGCGAGAUCAAUGCACUCAUACACAACAUGCCAGAUUCUCACAGCUUCCCGAGCGAUGCAGUAGAGAUAGUGUCUAUGGGACGCGGCCCGCAUAGAAACAACCUAGGCCGUACUAAUCCUACCCUCGAGCGGAACAUAGUUAUUAUCGAGUUCUA
33	0.7417657971382141	0.7407407760620117	13	12	6	6	6	6	780	400	UAACAGCCAUUUGAUGUAUAGUAUUUUCGUAAUACAGUUCCCUCUCUACCGCCUGGCACCUUUGACGAGGACGUUCAUUGCGCCAGCGUGAAUCCACCGCGCUGCUUGAUCGAGGUACCACCGGCCUAACAGAUAAUUACUUGACCCUGUUGAAGGGCCGUCACGAAUUCCCCCUAACUCGGACCAUUACCCUAAUACCAGUAUGGCGAUUCCGUGGACAGGGGGUUACGGAGCAAAAUUCAGUAAGCGAGAUCAAUGCACUCAUACACAACAUGCCAGAUUCUCACAGCUUCCCGAGCGAUGCAGUAGAGAUAGUGUCUAUGGGACGCGGCCCGCAUAGAAACAACCUAGGCCGUACUAAUCCUACCCUCGAGCGGAACAUAGUUAUUAUCGAGUUCUA
33	0.7512286305427551	0.7510548233985901	14	12	6	6	6	6	780	400	UAACAGCCAUUUGAUGUAUAGUAUUUUCGUAAUACAGUUCCCUCUCUACCGCCUGGCACCUUUGACGAGGACGUUCAUUGCGCCAGCGUGAAUCCACCGCGCUGCUUGAUCGAGGUACCACCGGCCUAACAGAUAAUUACUUGACCCUGUUGAAGGGCCGUCACGAAUUCCCCCUAACUCGGACCAUUACCCUAAUACCAGUAUGGCGAUUCCGUGGACAGGGGGUUACGGAGCAAAAUUCAGUAAGCGAGAUCAAUGCACUCAUACACAACAUGCCAGAUUCUCACAGCUUCCCGAGCGAUGCAGUAGAGAUAGUGUCUAUGGGACGCGGCCCGCAUAGAAACAACCUAGGCCGUACUAAUCCUACCCUCGAGCGGAACAUAGUUAUUAUCGAGUUCUA
33	0.7903028130531311	0.7899159789085388	14	12	6	6	6	6	780	400	UAACAGCCAUUUGAUGUAUAGUAUUUUCGUAAUACAGUUCCCUCUCUACCGCCUGGCACCUUUGACGAGGACGUUCAUUGCGCCAGCGUGAAUCCACCGCGCUGCUUGAUCGAGGUACCACCGGCCUAACAGAUAAUUACUUGACCCUGUUGAAGGGCCGUCACGAAUUCCCCCUAACUCGGACCAUUACCCUAAUACCAGUAUGGCGAUUCCGUGGACAGGGGGUUACGGAGCAAAAUUCAGUAAGCGAGAUCAAUGCACUCAUACACAACAUGCCAGAUUCUCACAGCUUCCCGAGCGAUGCAGUAGAGAUAGUGUCUAUGGGACGCGGCCCGCAUAGAAACAACCUAGGCCGUACUAAUCCUACCCUCGAGCGGAACAUAGUUAUUAUCGAGUUCUA
33	0.7596861124038696	0.7594937086105347	14	12	6	6	6	6	780	400	UAACAGCCAUUUGAUGUAUAGUAUUUUCGUAAUACAGUUCCCUCUCUACCGCCUGGCACCUUUGACGAGGACGUUCAUUGCGCCAGCGUGAAUCCACCGCGCUGCUUGAUCGAGGUACCACCGGCCUAACAGAUAAUUACUUGACCCUGUUGAAGGGCCGUCACGAAUUCCCCCUAACUCGGACCAUUACCCUAAUACCAGUAUGGCGAUUCCGUGGACAGGGGGUUACGGAGCAAAAUUCAGUAAGCGAGAUCAAUGCACUCAUACACAACAUGCCAGAUUCUCACAGCUUCCCGAGCGAUGCAGUAGAGAUAGUGUCUAUGGGACGCGGCCCGCAUAGAAACAACCUAGGCCGUACUAAUCCUACCCUCGAGCGGAACAUAGUUAUUAUCGAGUUCUA
33	0.839228630065918	0.8389830589294434	14	12	6	6	6	6	780	400	UAACAGCCAUUUGAUGUAUAGUAUUUUCGUAAUACAGUUCCCUCUCUACCGCCUGGCACCUUUGACGAGGACGUUCAUUGCGCCAGCGUGAAUCCACCGCGCUGCUUGAUCGAGGUACCACCGGCCUAACAGAUAAUUACUUGACCCUGUUGAAGGGCCGUCACGAAUUCCCCCUAACUCGGACCAUUACCCUAAUACCAGUAUGGCGAUUCCGUGGACAGGGGGUUACGGAGCAAAAUUCAGUAAGCGAGAUCAAUGCACUCAUACACAACAUGCCAGAUUCUCACAGCUUCCCGAGCGAUGCAGUAGAGAUAGUGUCUAUGGGACGCGGCCCGCAUAGAAACAACCUAGGCCGUACUAAUCCUACCCUCGAGCGGAACAUAGUUAUUAUCGAGUUCUA
33	0.7903028130531311	0.7899159789085388	14	12	6	6	6	6	780	400	UAACAGCCAUUUGAUGUAUAGUAUUUUCGUAAUACAGUUCCCUCUCUACCGCCUGGCACCUUUGACGAGGACGUUCAUUGCGCCAGCGUGAAUCCACCGCGCUGCUUGAUCGAGGUACCACCGGCCUAACAGAUAAUUACUUGACCCUGUUGAAGGGCCGUCACGAAUUCCCCCUAACUCGGACCAUUACCCUAAUACCAGUAUGGCGAUUCCGUGGACAGGGGGUUACGGAGCAAAAUUCAGUAAGCGAGAUCAAUGCACUCAUACACAACAUGCCAGAUUCUCACAGCUUCCCGAGCGAUGCAGUAGAGAUAGUGUCUAUGGGACGCGGCCCGCAUAGAAACAACCUAGGCCGUACUAAUCCUACCCUCGAGCGGAACAUAGUUAUUAUCGAGUUCUA
33	0.7903028130531311	0.7899159789085388	14	12	6	6	6	6	780	400	UAACAGCCAUUUGAUGUAUAGUAUUUUCGUAAUACAGUUCCCUCUCUACCGCCUGGCACCUUUGACGAGGACGUUCAUUGCGCCAGCGUGAAUCCACCGCGCUGCUUGAUCGAGGUACCACCGGCCUAACAGAUAAUUACUUGACCCUGUUGAAGGGCCGUCACGAAUUCCCCCUAACUCGGACCAUUACCCUAAUACCAGUAUGGCGAUUCCGUGGACAGGGGGUUACGGAGCAAAAUUCAGUAAGCGAGAUCAAUGCACUCAUACACAACAUGCCAGAUUCUCACAGCUUCCCGAGCGAUGCAGUAGAGAUAGUGUCUAUGGGACGCGGCCCGCAUAGAAACAACCUAGGCCGUACUAAUCCUACCCUCGAGCGGAACAUAGUUAUUAUCGAGUUCUA
33	0.7830074429512024	0.7829787731170654	14	12	6	6	6	6	780	400	UAACAGCCAUUUGAUGUAUAGUAUUUUCGUAAUACAGUUCCCUCUCUACCGCCUGGCACCUUUGACGAGGACGUUCAUUGCGCCAGCGUGAAUCCACCGCGCUGCUUGAUCGAGGUACCACCGGCCUAACAGAUAAUUACUUGACCCUGUUGAAGGGCCGUCACGAAUUCCCCCUAACUCGGACCAUUACCCUAAUACCAGUAUGGCGAUUCCGUGGACAGGGGGUUACGGAGCAAAAUUCAGUAAGCGAGAUCAAUGCACUCAUACACAACAUGCCAGAUUCUCACAGCUUCCCGAGCGAUGCAGUAGAGAUAGUGUCUAUGGGACGCGGCCCGCAUAGAAACAACCUAGGCCGUACUAAUCCUACCCUCGAGCGGAACAUAGUUAUUAUCGAGUUCUA
33	0.7935159802436829	0.7932490110397339	14	12	6	6	6	6	780	400	UAACAGCCAUUUGAUGUAUAGUAUUUUCGUAAUACAGUUCCCUCUCUACCGCCUGGCACCUUUGACGAGGACGUUCAUUGCGCCAGCGUGAAUCCACCGCGCUGCUUGAUCGAGGUACCACCGGCCUAACAGAUAAUUACUUGACCCUGUUGAAGGGCCGUCACGAAUUCCCCCUAACUCGGACCAUUACCCUAAUACCAGUAUGGCGAUUCCGUGGACAGGGGGUUACGGAGCAAAAUUCAGUAAGCGAGAUCAAUGCACUCAUACACAACAUGCCAGAUUCUCACAGCUUCCCGAGCGAUGCAGUAGAGAUAGUGUCUAUGGGACGCGGCCCGCAUAGAAACAACCUAGGCCGUACUAAUCCUACCCUCGAGCGGAACAUAGUUAUUAUCGAGUUCUA
33	0.7605834007263184	0.7606837749481201	14	12	6	6	6	6	780	400	UAACAGCCAUUUGAUGUAUAGUAUUUUCGUAAUACAGUUCCCUCUCUACCGCCUGGCACCUUUGACGAGGACGUUCAUUGCGCCAGCGUGAAUCCACCGCGCUGCUUGAUCGAGGUACCACCGGCCUAACAGAUAAUUACUUGACCCUGUUGAAGGGCCGUCACGAAUUCCCCCUAACUCGGACCAUUACCCUAAUACCAGUAUGGCGAUUCCGUGGACAGGGGGUUACGGAGCAAAAUUCAGUAAGCGAGAUCAAUGCACUCAUACACAACAUGCCAGAUUCUCACAGCUUCCCGAGCGAUGCAGUAGAGAUAGUGUCUAUGGGACGCGGCCCGCAUAGAAACAACCUAGGCCGUACUAAUCCUACCCUCGAGCGGAACAUAGUUAUUAUCGAGUUCUA
33	0.7373245358467102	0.7372881174087524	14	12	6	6	6	6	780	400	UAACAGCCAUUUGAUGUAUAGUAUUUUCGUAAUACAGUUCCCUCUCUACCGCCUGGCACCUUUGACGAGGACGUUCAUUGCGCCAGCGUGAAUCCACCGCGCUGCUUGAUCGAGGUACCACCGGCCUAACAGAUAAUUACUUGACCCUGUUGAAGGGCCGUCACGAAUUCCCCCUAACUCGGACCAUUACCCUAAUACCAGUAUGGCGAUUCCGUGGACAGGGGGUUACGGAGCAAAAUUCAGUAAGCGAGAUCAAUGCACUCAUACACAACAUGCCAGAUUCUCACAGCUUCCCGAGCGAUGCAGUAGAGAUAGUGUCUAUGGGACGCGGCCCGCAUAGAAACAACCUAGGCCGUACUAAUCCUACCCUCGAGCGGAACAUAGUUAUUAUCGAGUUCUA
34	0.7438616752624512	0.7441860437393188	1	12	6	6	6	6	780	400	CAAAGGACUGCCCUGCGCGACGUCAGGACCCUGUUAGCUGAUCGCAUAAGCCGCGGUCAUGCCGUGUAUGUAAUCAUAUGUUGGUGGUCCAUGCUGAUCACCACAACUCUUCCAGACAAACAUGGAUGCGAUUUGGGCCUUUAAAGCACAGGUACAGCUGUGGUAAGCGUAAGGAAAUACCGGUCAUAUUAAUAAUAUACUGCUUUAAUAGGCGAGCACAUCGGACUAUAUACUGGUUCAACCCUAUAUAGGACGGUCAUUACGCAUGGAUCCGUGCCCAUAUCUGGUACGGUAACGCACUUUGUCUGCGCCUUUCGACGGCCAGGCCGGCGACGAACGAGGGUAUAGCGUGGAACAACGAACGGUCGUCGAUUGCUAAACUAGUCGUAGGUGGGACCAA
34	0.692158579826355	0.692607045173645	2	12	6	6	6	6	780	400	CAAAGGACUGCCCUGCGCGACGUCAGGACCCUGUUAGCUGAUCGCAUAAGCCGCGGUCAUGCCGUGUAUGUAAUCAUAUGUUGGUGGUCCAUGCUGAUCACCACAACUCUUCCAGACAAACAUGGAUGCGAUUUGGGCCUUUAAAGCACAGGUACAGCUGUGGUAAGCGUAAGGAAAUACCGGUCAUAUUAAUAAUAUACUGCUUUAAUAGGCGAGCACAUCGGACUAUAUACUGGUUCAACCCUAUAUAGGACGGUCAUUACGCAUGGAUCCGUGCCCAUAUCUGGUACGGUAACGCACUUUGUCUGCGCCUUUCGACGGCCAGGCCGGCGACGAACGAGGGUAUAGCGUGGAACAACGAACGGUCGUCGAUUGCUAAACUAGUCGUAGGUGGGACCAA
34	0.6662073731422424	0.6666666269302368	3	12	6	6	6	6	780	400	CAAAGGACUGCCCUGCGCGACGUCAGGACCCUGUUAGCUGAUCGCAUAAGCCGCGGUCAUGCCGUGUAUGUAAUCAUAUGUUGGUGGUCCAUGCUGAUCACCACAACUCUUCCAGACAAACAUGGAUGCGAUUUGGGCCUUUAAAGCACAGGUACAGCUGUGGUAAGCGUAAGGAAAUACCGGUCAUAUUAAUAAUAUACUGCUUUAAUAGGCGAGCACAUCGGACUAUAUACUGGUUCAACCCUAUAUAGGACGGUCAUUACGCAUGGAUCCGUGCCCAUAUCUGGUACGGUAACGCACUUUGUCUGCGCCUUUCGACGGCCAGGCCGGCGACGAACGAGGGUAUAGCGUGGAACAACGAACGGUCGUCGAUUGCUAAACUAGUCGUAGGUGGGACCAA
34	0.6557178497314453	0.65625	4	12	6	6	6	6	780	400	CAAAGGACUGCCCUGCGCGACGUCAGGACCCUGUUAGCUGAUCGCAUAAGCCGCGGUCAUGCCGUGUAUGUAAUCAUAUGUUGGUGGUCCAUGCUGAUCACCACAACUCUUCCAGACAAACAUGGAUGCGAUUUGGGCCUUUAAAGCACAGGUACAGCUGUGGUAAGCGUAAGGAAAUACCGGUCAUAUUAAUAAUAUACUGCUUUAAUAGGCGAGCACAUCGGACUAUAUACUGGUUCAACCCUAUAUAGGACGGUCAUUACGCAUGGAUCCGUGCCCAUAUCUGGUACGGUAACGCACUUUGUCUGCGCCUUUCGACGGCCAGGCCGGCGACGAACGAGGGUAUAGCGUGGAACAACGAACGGUCGUCGAUUGCUAAACUAGUCGUAGGUGGGACCAA
34	0.8122463822364807	0.8122605085372925	5	12	6	6	6	6	780	400	CAAAGGACUGCCCUGCGCGACGUCAGGACCCUGUUAGCUGAUCGCAUAAGCCGCGGUCAUGCCGUGUAUGUAAUCAUAUGUUGGUGGUCCAUGCUGAUCACCACAACUCUUCCAGACAAACAUGGAUGCGAUUUGGGCCUUUAAAGCACAGGUACAGCUGUGGUAAGCGUAAGGAAAUACCGGUCAUAUUAAUAAUAUACUGCUUUAAUAGGCGAGCACAUCGGACUAUAUACUGGUUCAACCCUAUAUAGGACGGUCAUUACGCAUGGAUCCGUGCCCAUAUCUGGUACGGUAACGCACUUUGUCUGCGCCUUUCGACGGCCAGGCCGGCGACGAACGAGGGUAUAGCGUGGAACAACGAACGGUCGUCGAUUGCUAAACUAGUCGUAGGUGGGACCAA
34	0.7417960166931152	0.7421875	6	12	6	6	6	6	780	400	CAAAGGACUGCCCUGCGCGACGUCAGGACCCUGUUAGCUGAUCGCAUAAGCCGCGGUCAUGCCGUGUAUGUAAUCAUAUGUUGGUGGUCCAUGCUGAUCACCACAACUCUUCCAGACAAACAUGGAUGCGAUUUGGGCCUUUAAAGCACAGGUACAGCUGUGGUAAGCGUAAGGAAAUACCGGUCAUAUUAAUAAUAUACUGCUUUAAUAGGCGAGCACAUCGGACUAUAUACUGGUUCAACCCUAUAUAGGACGGUCAUUACGCAUGGAUCCGUGCCCAUAUCUGGUACGGUAACGCACUUUGUCUGCGCCUUUCGACGGCCAGGCCGGCGACGAACGAGGGUAUAGCGUGGAACAACGAACGGUCGUCGAUUGCUAAACUAGUCGUAGGUGGGACCAA
34	0.8802789449691772	0.8803088665008545	7	12	6	6	6	6	780	400	CAAAGGACUGCCCUGCGCGACGUCAGGACCCUGUUAGCUGAUCGCAUAAGCCGCGGUCAUGCCGUGUAUGUAAUCAUAUGUUGGUGGUCCAUGCUGAUCACCACAACUCUUCCAGACAAACAUGGAUGCGAUUUGGGCCUUUAAAGCACAGGUACAGCUGUGGUAAGCGUAAGGAAAUACCGGUCAUAUUAAUAAUAUACUGCUUUAAUAGGCGAGCACAUCGGACUAUAUACUGGUUCAACCCUAUAUAGGACGGUCAUUACGCAUGGAUCCGUGCCCAUAUCUGGUACGGUAACGCACUUUGUCUGCGCCUUUCGACGGCCAGGCCGGCGACGAACGAGGGUAUAGCGUGGAACAACGAACGGUCGUCGAUUGCUAAACUAGUCGUAGGUGGGACCAA
34	0.8352808356285095	0.8352490663528442	8	12	6	6	6	6	780	400	CAAAGGACUGCCCUGCGCGACGUCAGGACCCUGUUAGCUGAUCGCAUAAGCCGCGGUCAUGCCGUGUAUGUAAUCAUAUGUUGGUGGUCCAUGCUGAUCACCACAACUCUUCCAGACAAACAUGGAUGCGAUUUGGGCCUUUAAAGCACAGGUACAGCUGUGGUAAGCGUAAGGAAAUACCGGUCAUAUUAAUAAUAUACUGCUUUAAUAGGCGAGCACAUCGGACUAUAUACUGGUUCAACCCUAUAUAGGACGGUCAUUACGCAUGGAUCCGUGCCCAUAUCUGGUACGGUAACGCACUUUGUCUGCGCCUUUCGACGGCCAGGCCGGCGACGAACGAGGGUAUAGCGUGGAACAACGAACGGUCGUCGAUUGCUAAACUAGUCGUAGGUGGGACCAA
34	0.8324718475341797	0.8326848149299622	9	12	6	6	6	6	780	400	CAAAGGACUGCCCUGCGCGACGUCAGGACCCUGUUAGCUGAUCGCAUAAGCCGCGGUCAUGCCGUGUAUGUAAUCAUAUGUUGGUGGUCCAUGCUGAUCACCACAACUCUUCCAGACAAACAUGGAUGCGAUUUGGGCCUUUAAAGCACAGGUACAGCUGUGGUAAGCGUAAGGAAAUACCGGUCAUAUUAAUAAUAUACUGCUUUAAUAGGCGAGCACAUCGGACUAUAUACUGGUUCAACCCUAUAUAGGACGGUCAUUACGCAUGGAUCCGUGCCCAUAUCUGGUACGGUAACGCACUUUGUCUGCGCCUUUCGACGGCCAGGCCGGCGACGAACGAGGGUAUAGCGUGGAACAACGAACGGUCGUCGAUUGCUAAACUAGUCGUAGGUGGGACCAA
34	0.9053182005882263	0.9049429297447205	10	12	6	6	6	6	780	400	CAAAGGACUGCCCUGCGCGACGUCAGGACCCUGUUAGCUGAUCGCAUAAGCCGCGGUCAUGCCGUGUAUGUAAUCAUAUGUUGGUGGUCCAUGCUGAUCACCACAACUCUUCCAGACAAACAUGGAUGCGAUUUGGGCCUUUAAAGCACAGGUACAGCUGUGGUAAGCGUAAGGAAAUACCGGUCAUAUUAAUAAUAUACUGCUUUAAUAGGCGAGCACAUCGGACUAUAUACUGGUUCAACCCUAUAUAGGACGGUCAUUACGCAUGGAUCCGUGCCCAUAUCUGGUACGGUAACGCACUUUGUCUGCGCCUUUCGACGGCCAGGCCGGCGACGAACGAGGGUAUAGCGUGGAACAACGAACGGUCGUCGAUUGCUAAACUAGUCGUAGGUGGGACCAA
34	0.8933721780776978	0.893129825592041	11	12	6	6	6	6	780	400	CAAAGGACUGCCCUGCGCGACGUCAGGACCCUGUUAGCUGAUCGCAUAAGCCGCGGUCAUGCCGUGUAUGUAAUCAUAUGUUGGUGGUCCAUGCUGAUCACCACAACUCUUCCAGACAAACAUGGAUGCGAUUUGGGCCUUUAAAGCACAGGUACAGCUGUGGUAAGCGUAAGGAAAUACCGGUCAUAUUAAUAAUAUACUGCUUUAAUAGGCGAGCACAUCGGACUAUAUACUGGUUCAACCCUAUAUAGGACGGUCAUUACGCAUGGAUCCGUGCCCAUAUCUGGUACGGUAACGCACUUUGUCUGCGCCUUUCGACGGCCAGGCCGGCGACGAACGAGGGUAUAGCGUGGAACAACGAACGGUCGUCGAUUGCUAAACUAGUCGUAGGUGGGACCAA
34	0.8603429794311523	0.8604651093482971	12	12	6	6	6	6	780	400	CAAAGGACUGCCCUGCGCGACGUCAGGACCCUGUUAGCUGAUCGCAUAAGCCGCGGUCAUGCCGUGUAUGUAAUCAUAUGUUGGUGGUCCAUGCUGAUCACCACAACUCUUCCAGACAAACAUGGAUGCGAUUUGGGCCUUUAAAGCACAGGUACAGCUGUGGUAAGCGUAAGGAAAUACCGGUCAUAUUAAUAAUAUACUGCUUUAAUAGGCGAGCACAUCGGACUAUAUACUGGUUCAACCCUAUAUAGGACGGUCAUUACGCAUGGAUCCGUGCCCAUAUCUGGUACGGUAACGCACUUUGUCUGCGCCUUUCGACGGCCAGGCCGGCGACGAACGAGGGUAUAGCGUGGAACAACGAACGGUCGUCGAUUGCUAAACUAGUCGUAGGUGGGACCAA
34	0.902001678943634	0.9015151858329773	13	12	6	6	6	6	780	400	CAAAGGACUGCCCUGCGCGACGUCAGGACCCUGUUAGCUGAUCGCAUAAGCCGCGGUCAUGCCGUGUAUGUAAUCAUAUGUUGGUGGUCCAUGCUGAUCACCACAACUCUUCCAGACAAACAUGGAUGCGAUUUGGGCCUUUAAAGCACAGGUACAGCUGUGGUAAGCGUAAGGAAAUACCGGUCAUAUUAAUAAUAUACUGCUUUAAUAGGCGAGCACAUCGGACUAUAUACUGGUUCAACCCUAUAUAGGACGGUCAUUACGCAUGGAUCCGUGCCCAUAUCUGGUACGGUAACGCACUUUGUCUGCGCCUUUCGACGGCCAGGCCGGCGACGAACGAGGGUAUAGCGUGGAACAACGAACGGUCGUCGAUUGCUAAACUAGUCGUAGGUGGGACCAA
34	0.8443456292152405	0.8441064357757568	14	12	6	6	6	6	780	400	CAAAGGACUGCCCUGCGCGACGUCAGGACCCUGUUAGCUGAUCGCAUAAGCCGCGGUCAUGCCGUGUAUGUAAUCAUAUGUUGGUGGUCCAUGCUGAUCACCACAACUCUUCCAGACAAACAUGGAUGCGAUUUGGGCCUUUAAAGCACAGGUACAGCUGUGGUAAGCGUAAGGAAAUACCGGUCAUAUUAAUAAUAUACUGCUUUAAUAGGCGAGCACAUCGGACUAUAUACUGGUUCAACCCUAUAUAGGACGGUCAUUACGCAUGGAUCCGUGCCCAUAUCUGGUACGGUAACGCACUUUGUCUGCGCCUUUCGACGGCCAGGCCGGCGACGAACGAGGGUAUAGCGUGGAACAACGAACGGUCGUCGAUUGCUAAACUAGUCGUAGGUGGGACCAA
34	0.8681083917617798	0.8682170510292053	15	12	6	6	6	6	780	400	CAAAGGACUGCCCUGCGCGACGUCAGGACCCUGUUAGCUGAUCGCAUAAGCCGCGGUCAUGCCGUGUAUGUAAUCAUAUGUUGGUGGUCCAUGCUGAUCACCACAACUCUUCCAGACAAACAUGGAUGCGAUUUGGGCCUUUAAAGCACAGGUACAGCUGUGGUAAGCGUAAGGAAAUACCGGUCAUAUUAAUAAUAUACUGCUUUAAUAGGCGAGCACAUCGGACUAUAUACUGGUUCAACCCUAUAUAGGACGGUCAUUACGCAUGGAUCCGUGCCCAUAUCUGGUACGGUAACGCACUUUGUCUGCGCCUUUCGACGGCCAGGCCGGCGACGAACGAGGGUAUAGCGUGGAACAACGAACGGUCGUCGAUUGCUAAACUAGUCGUAGGUGGGACCAA
34	0.8525775671005249	0.8527132272720337	14	12	6	6	6	6	780	400	CAAAGGACUGCCCUGCGCGACGUCAGGACCCUGUUAGCUGAUCGCAUAAGCCGCGGUCAUGCCGUGUAUGUAAUCAUAUGUUGGUGGUCCAUGCUGAUCACCACAACUCUUCCAGACAAACAUGGAUGCGAUUUGGGCCUUUAAAGCACAGGUACAGCUGUGGUAAGCGUAAGGAAAUACCGGUCAUAUUAAUAAUAUACUGCUUUAAUAGGCGAGCACAUCGGACUAUAUACUGGUUCAACCCUAUAUAGGACGGUCAUUACGCAUGGAUCCGUGCCCAUAUCUGGUACGGUAACGCACUUUGUCUGCGCCUUUCGACGGCCAGGCCGGCGACGAACGAGGGUAUAGCGUGGAACAACGAACGGUCGUCGAUUGCUAAACUAGUCGUAGGUGGGACCAA
34	0.836724042892456	0.8365018963813782	14	12	6	6	6	6	780	400	CAAAGGACUGCCCUGCGCGACGUCAGGACCCUGUUAGCUGAUCGCAUAAGCCGCGGUCAUGCCGUGUAUGUAAUCAUAUGUUGGUGGUCCAUGCUGAUCACCACAACUCUUCCAGACAAACAUGGAUGCGAUUUGGGCCUUUAAAGCACAGGUACAGCUGUGGUAAGCGUAAGGAAAUACCGGUCAUAUUAAUAAUAUACUGCUUUAAUAGGCGAGCACAUCGGACUAUAUACUGGUUCAACCCUAUAUAGGACGGUCAUUACGCAUGGAUCCGUGCCCAUAUCUGGUACGGUAACGCACUUUGUCUGCGCCUUUCGACGGCCAGGCCGGCGACGAACGAGGGUAUAGCGUGGAACAACGAACGGUCGUCGAUUGCUAAACUAGUCGUAGGUGGGACCAA
34	0.902001678943634	0.9015151858329773	15	12	6	6	6	6	780	400	CAAAGGACUGCCCUGCGCGACGUCAGGACCCUGUUAGCUGAUCGCAUAAGCCGCGGUCAUGCCGUGUAUGUAAUCAUAUGUUGGUGGUCCAUGCUGAUCACCACAACUCUUCCAGACAAACAUGGAUGCGAUUUGGGCCUUUAAAGCACAGGUACAGCUGUGGUAAGCGUAAGGAAAUACCGGUCAUAUUAAUAAUAUACUGCUUUAAUAGGCGAGCACAUCGGACUAUAUACUGGUUCAACCCUAUAUAGGACGGUCAUUACGCAUGGAUCCGUGCCCAUAUCUGGUACGGUAACGCACUUUGUCUGCGCCUUUCGACGGCCAGGCCGGCGACGAACGAGGGUAUAGCGUGGAACAACGAACGGUCGUCGAUUGCUAAACUAGUCGUAGGUGGGACCAA
34	0.8659934401512146	0.8659003973007202	14	12	6	6	6	6	780	400	CAAAGGACUGCCCUGCGCGACGUCAGGACCCUGUUAGCUGAUCGCAUAAGCCGCGGUCAUGCCGUGUAUGUAAUCAUAUGUUGGUGGUCCAUGCUGAUCACCACAACUCUUCCAGACAAACAUGGAUGCGAUUUGGGCCUUUAAAGCACAGGUACAGCUGUGGUAAGCGUAAGGAAAUACCGGUCAUAUUAAUAAUAUACUGCUUUAAUAGGCGAGCACAUCGGACUAUAUACUGGUUCAACCCUAUAUAGGACGGUCAUUACGCAUGGAUCCGUGCCCAUAUCUGGUACGGUAACGCACUUUGUCUGCGCCUUUCGACGGCCAGGCCGGCGACGAACGAGGGUAUAGCGUGGAACAACGAACGGUCGUCGAUUGCUAAACUAGUCGUAGGUGGGACCAA
34	0.8474739193916321	0.847328245639801	14	12	6	6	6	6	780	400	CAAAGGACUGCCCUGCGCGACGUCAGGACCCUGUUAGCUGAUCGCAUAAGCCGCGGUCAUGCCGUGUAUGUAAUCAUAUGUUGGUGGUCCAUGCUGAUCACCACAACUCUUCCAGACAAACAUGGAUGCGAUUUGGGCCUUUAAAGCACAGGUACAGCUGUGGUAAGCGUAAGGAAAUACCGGUCAUAUUAAUAAUAUACUGCUUUAAUAGGCGAGCACAUCGGACUAUAUACUGGUUCAACCCUAUAUAGGACGGUCAUUACGCAUGGAUCCGUGCCCAUAUCUGGUACGGUAACGCACUUUGUCUGCGCCUUUCGACGGCCAGGCCGGCGACGAACGAGGGUAUAGCGUGGAACAACGAACGGUCGUCGAUUGCUAAACUAGUCGUAGGUGGGACCAA
34	0.9120622873306274	0.9118773341178894	15	12	6	6	6	6	780	400	CAAAGGACUGCCCUGCGCGACGUCAGGACCCUGUUAGCUGAUCGCAUAAGCCGCGGUCAUGCCGUGUAUGUAAUCAUAUGUUGGUGGUCCAUGCUGAUCACCACAACUCUUCCAGACAAACAUGGAUGCGAUUUGGGCCUUUAAAGCACAGGUACAGCUGUGGUAAGCGUAAGGAAAUACCGGUCAUAUUAAUAAUAUACUGCUUUAAUAGGCGAGCACAUCGGACUAUAUACUGGUUCAACCCUAUAUAGGACGGUCAUUACGCAUGGAUCCGUGCCCAUAUCUGGUACGGUAACGCACUUUGUCUGCGCCUUUCGACGGCCAGGCCGGCGACGAACGAGGGUAUAGCGUGGAACAACGAACGGUCGUCGAUUGCUAAACUAGUCGUAGGUGGGACCAA
34	0.9197404980659485	0.919540286064148	14	12	6	6	6	6	780	400	CAAAGGACUGCCCUGCGCGACGUCAGGACCCUGUUAGCUGAUCGCAUAAGCCGCGGUCAUGCCGUGUAUGUAAUCAUAUGUUGGUGGUCCAUGCUGAUCACCACAACUCUUCCAGACAAACAUGGAUGCGAUUUGGGCCUUUAAAGCACAGGUACAGCUGUGGUAAGCGUAAGGAAAUACCGGUCAUAUUAAUAAUAUACUGCUUUAAUAGGCGAGCACAUCGGACUAUAUACUGGUUCAACCCUAUAUAGGACGGUCAUUACGCAUGGAUCCGUGCCCAUAUCUGGUACGGUAACGCACUUUGUCUGCGCCUUUCGACGGCCAGGCCGGCGACGAACGAGGGUAUAGCGUGGAACAACGAACGGUCGUCGAUUGCUAAACUAGUCGUAGGUGGGACCAA
34	0.8276026844978333	0.8275862336158752	14	12	6	6	6	6	780	400	CAAAGGACUGCCCUGCGCGACGUCAGGACCCUGUUAGCUGAUCGCAUAAGCCGCGGUCAUGCCGUGUAUGUAAUCAUAUGUUGGUGGUCCAUGCUGAUCACCACAACUCUUCCAGACAAACAUGGAUGCGAUUUGGGCCUUUAAAGCACAGGUACAGCUGUGGUAAGCGUAAGGAAAUACCGGUCAUAUUAAUAAUAUACUGCUUUAAUAGGCGAGCACAUCGGACUAUAUACUGGUUCAACCCUAUAUAGGACGGUCAUUACGCAUGGAUCCGUGCCCAUAUCUGGUACGGUAACGCACUUUGUCUGCGCCUUUCGACGGCCAGGCCGGCGACGAACGAGGGUAUAGCGUGGAACAACGAACGGUCGUCGAUUGCUAAACUAGUCGUAGGUGGGACCAA
34	0.9386119246482849	0.9384614825248718	14	12	6	6	6	6	780	400	CAAAGGACUGCCCUGCGCGACGUCAGGACCCUGUUAGCUGAUCGCAUAAGCCGCGGUCAUGCCGUGUAUGUAAUCAUAUGUUGGUGGUCCAUGCUGAUCACCACAACUCUUCCAGACAAACAUGGAUGCGAUUUGGGCCUUUAAAGCACAGGUACAGCUGUGGUAAGCGUAAGGAAAUACCGGUCAUAUUAAUAAUAUACUGCUUUAAUAGGCGAGCACAUCGGACUAUAUACUGGUUCAACCCUAUAUAGGACGGUCAUUACGCAUGGAUCCGUGCCCAUAUCUGGUACGGUAACGCACUUUGUCUGCGCCUUUCGACGGCCAGGCCGGCGACGAACGAGGGUAUAGCGUGGAACAACGAACGGUCGUCGAUUGCUAAACUAGUCGUAGGUGGGACCAA
34	0.9421669840812683	0.9420849084854126	15	12	6	6	6	6	780	400	CAAAGGACUGCCCUGCGCGACGUCAGGACCCUGUUAGCUGAUCGCAUAAGCCGCGGUCAUGCCGUGUAUGUAAUCAUAUGUUGGUGGUCCAUGCUGAUCACCACAACUCUUCCAGACAAACAUGGAUGCGAUUUGGGCCUUUAAAGCACAGGUACAGCUGUGGUAAGCGUAAGGAAAUACCGGUCAUAUUAAUAAUAUACUGCUUUAAUAGGCGAGCACAUCGGACUAUAUACUGGUUCAACCCUAUAUAGGACGGUCAUUACGCAUGGAUCCGUGCCCAUAUCUGGUACGGUAACGCACUUUGUCUGCGCCUUUCGACGGCCAGGCCGGCGACGAACGAGGGUAUAGCGUGGAACAACGAACGGUCGUCGAUUGCUAAACUAGUCGUAGGUGGGACCAA
34	0.9197404980659485	0.919540286064148	14	12	6	6	6	6	780	400	CAAAGGACUGCCCUGCGCGACGUCAGGACCCUGUUAGCUGAUCGCAUAAGCCGCGGUCAUGCCGUGUAUGUAAUCAUAUGUUGGUGGUCCAUGCUGAUCACCACAACUCUUCCAGACAAACAUGGAUGCGAUUUGGGCCUUUAAAGCACAGGUACAGCUGUGGUAAGCGUAAGGAAAUACCGGUCAUAUUAAUAAUAUACUGCUUUAAUAGGCGAGCACAUCGGACUAUAUACUGGUUCAACCCUAUAUAGGACGGUCAUUACGCAUGGAUCCGUGCCCAUAUCUGGUACGGUAACGCACUUUGUCUGCGCCUUUCGACGGCCAGGCCGGCGACGAACGAGGGUAUAGCGUGGAACAACGAACGGUCGUCGAUUGCUAAACUAGUCGUAGGUGGGACCAA
34	0.902001678943634	0.9015151858329773	15	12	6	6	6	6	780	400	CAAAGGACUGCCCUGCGCGACGUCAGGACCCUGUUAGCUGAUCGCAUAAGCCGCGGUCAUGCCGUGUAUGUAAUCAUAUGUUGGUGGUCCAUGCUGAUCACCACAACUCUUCCAGACAAACAUGGAUGCGAUUUGGGCCUUUAAAGCACAGGUACAGCUGUGGUAAGCGUAAGGAAAUACCGGUCAUAUUAAUAAUAUACUGCUUUAAUAGGCGAGCACAUCGGACUAUAUACUGGUUCAACCCUAUAUAGGACGGUCAUUACGCAUGGAUCCGUGCCCAUAUCUGGUACGGUAACGCACUUUGUCUGCGCCUUUCGACGGCCAGGCCGGCGACGAACGAGGGUAUAGCGUGGAACAACGAACGGUCGUCGAUUGCUAAACUAGUCGUAGGUGGGACCAA
34	0.842958927154541	0.8429118394851685	14	12	6	6	6	6	780	400	CAAAGGACUGCCCUGCGCGACGUCAGGACCCUGUUAGCUGAUCGCAUAAGCCGCGGUCAUGCCGUGUAUGUAAUCAUAUGUUGGUGGUCCAUGCUGAUCACCACAACUCUUCCAGACAAACAUGGAUGCGAUUUGGGCCUUUAAAGCACAGGUACAGCUGUGGUAAGCGUAAGGAAAUACCGGUCAUAUUAAUAAUAUACUGCUUUAAUAGGCGAGCACAUCGGACUAUAUACUGGUUCAACCCUAUAUAGGACGGUCAUUACGCAUGGAUCCGUGCCCAUAUCUGGUACGGUAACGCACUUUGUCUGCGCCUUUCGACGGCCAGGCCGGCGACGAACGAGGGUAUAGCGUGGAACAACGAACGGUCGUCGAUUGCUAAACUAGUCGUAGGUGGGACCAA
34	0.869249701499939	0.8692308068275452	15	12	6	6	6	6	780	400	CAAAGGACUGCCCUGCGCGACGUCAGGACCCUGUUAGCUGAUCGCAUAAGCCGCGGUCAUGCCGUGUAUGUAAUCAUAUGUUGGUGGUCCAUGCUGAUCACCACAACUCUUCCAGACAAACAUGGAUGCGAUUUGGGCCUUUAAAGCACAGGUACAGCUGUGGUAAGCGUAAGGAAAUACCGGUCAUAUUAAUAAUAUACUGCUUUAAUAGGCGAGCACAUCGGACUAUAUACUGGUUCAACCCUAUAUAGGACGGUCAUUACGCAUGGAUCCGUGCCCAUAUCUGGUACGGUAACGCACUUUGUCUGCGCCUUUCGACGGCCAGGCCGGCGACGAACGAGGGUAUAGCGUGGAACAACGAACGGUCGUCGAUUGCUAAACUAGUCGUAGGUGGGACCAA
35	0.6455411314964294	0.6460176706314087	1	12	6	6	6	6	780	400	UGGGGGUACGAUUUCUUGGCUACAUUUUACCUUAGCCAGACCUCAAGCGGCCUAUGUGUGGCUGUCCUAGUCCUGAGAUCGGAAUGCACGACCUUUCAAGUUCAGGAAAAGAGUCACCUUCACUGGGAAGUCGCUUAGACGCAUGUGUGCCCACAAUGUGUAUGCCACGCGGUAGGCGCUCCAACAAUUACCUUCAUUAUGAGCAGCACCGGCGUGUCUGAACACCCUGUACGGGAGGCCAUUACUGUAGCGCCCGGCCCCCCAUCUGGUUUCAUAAGACCCUCCAUCUUUGUCGUUGCCACCUCUGUCGUAAAUCCGCGGUUCGAAAACCACUUACAGAGGAUCGAGCGUCGUGAUAUGUCCCCUGUUGUGAGUACUCUGAAUUGAUUGUUAGGAAUGG
35	0.5450473427772522	0.5454545617103577	2	12	6	6	6	6	780	400	UGGGGGUACGAUUUCUUGGCUACAUUUUACCUUAGCCAGACCUCAAGCGGCCUAUGUGUGGCUGUCCUAGUCCUGAGAUCGGAAUGCACGACCUUUCAAGUUCAGGAAAAGAGUCACCUUCACUGGGAAGUCGCUUAGACGCAUGUGUGCCCACAAUGUGUAUGCCACGCGGUAGGCGCUCCAACAAUUACCUUCAUUAUGAGCAGCACCGGCGUGUCUGAACACCCUGUACGGGAGGCCAUUACUGUAGCGCCCGGCCCCCCAUCUGGUUUCAUAAGACCCUCCAUCUUUGUCGUUGCCACCUCUGUCGUAAAUCCGCGGUUCGAAAACCACUUACAGAGGAUCGAGCGUCGUGAUAUGUCCCCUGUUGUGAGUACUCUGAAUUGAUUGUUAGGAAUGG
35	0.686739444732666	0.686956524848938	3	12	6	6	6	6	780	400	UGGGGGUACGAUUUCUUGGCUACAUUUUACCUUAGCCAGACCUCAAGCGGCCUAUGUGUGGCUGUCCUAGUCCUGAGAUCGGAAUGCACGACCUUUCAAGUUCAGGAAAAGAGUCACCUUCACUGGGAAGUCGCUUAGACGCAUGUGUGCCCACAAUGUGUAUGCCACGCGGUAGGCGCUCCAACAAUUACCUUCAUUAUGAGCAGCACCGGCGUGUCUGAACACCCUGUACGGGAGGCCAUUACUGUAGCGCCCGGCCCCCCAUCUGGUUUCAUAAGACCCUCCAUCUUUGUCGUUGCCACCUCUGUCGUAAAUCCGCGGUUCGAAAACCACUUACAGAGGAUCGAGCGUCGUGAUAUGUCCCCUGUUGUGAGUACUCUGAAUUGAUUGUUAGGAAUGG
35	0.5656105279922485	0.5654008388519287	4	12	6	6	6	6	780	400	UGGGGGUACGAUUUCUUGGCUACAUUUUACCUUAGCCAGACCUCAAGCGGCCUAUGUGUGGCUGUCCUAGUCCUGAGAUCGGAAUGCACGACCUUUCAAGUUCAGGAAAAGAGUCACCUUCACUGGGAAGUCGCUUAGACGCAUGUGUGCCCACAAUGUGUAUGCCACGCGGUAGGCGCUCCAACAAUUACCUUCAUUAUGAGCAGCACCGGCGUGUCUGAACACCCUGUACGGGAGGCCAUUACUGUAGCGCCCGGCCCCCCAUCUGGUUUCAUAAGACCCUCCAUCUUUGUCGUUGCCACCUCUGUCGUAAAUCCGCGGUUCGAAAACCACUUACAGAGGAUCGAGCGUCGUGAUAUGUCCCCUGUUGUGAGUACUCUGAAUUGAUUGUUAGGAAUGG
35	0.675644040107727	0.6751055121421814	5	12	6	6	6	6	780	400	UGGGGGUACGAUUUCUUGGCUACAUUUUACCUUAGCCAGACCUCAAGCGGCCUAUGUGUGGCUGUCCUAGUCCUGAGAUCGGAAUGCACGACCUUUCAAGUUCAGGAAAAGAGUCACCUUCACUGGGAAGUCGCUUAGACGCAUGUGUGCCCACAAUGUGUAUGCCACGCGGUAGGCGCUCCAACAAUUACCUUCAUUAUGAGCAGCACCGGCGUGUCUGAACACCCUGUACGGGAGGCCAUUACUGUAGCGCCCGGCCCCCCAUCUGGUUUCAUAAGACCCUCCAUCUUUGUCGUUGCCACCUCUGUCGUAAAUCCGCGGUUCGAAAACCACUUACAGAGGAUCGAGCGUCGUGAUAUGUCCCCUGUUGUGAGUACUCUGAAUUGAUUGUUAGGAAUGG
35	0.6366984248161316	0.6359832286834717	6	12	6	6	6	6	780	400	UGGGGGUACGAUUUCUUGGCUACAUUUUACCUUAGCCAGACCUCAAGCGGCCUAUGUGUGGCUGUCCUAGUCCUGAGAUCGGAAUGCACGACCUUUCAAGUUCAGGAAAAGAGUCACCUUCACUGGGAAGUCGCUUAGACGCAUGUGUGCCCACAAUGUGUAUGCCACGCGGUAGGCGCUCCAACAAUUACCUUCAUUAUGAGCAGCACCGGCGUGUCUGAACACCCUGUACGGGAGGCCAUUACUGUAGCGCCCGGCCCCCCAUCUGGUUUCAUAAGACCCUCCAUCUUUGUCGUUGCCACCUCUGUCGUAAAUCCGCGGUUCGAAAACCACUUACAGAGGAUCGAGCGUCGUGAUAUGUCCCCUGUUGUGAGUACUCUGAAUUGAUUGUUAGGAAUGG
35	0.591002881526947	0.5907173156738281	7	12	6	6	6	6	780	400	UGGGGGUACGAUUUCUUGGCUACAUUUUACCUUAGCCAGACCUCAAGCGGCCUAUGUGUGGCUGUCCUAGUCCUGAGAUCGGAAUGCACGACCUUUCAAGUUCAGGAAAAGAGUCACCUUCACUGGGAAGUCGCUUAGACGCAUGUGUGCCCACAAUGUGUAUGCCACGCGGUAGGCGCUCCAACAAUUACCUUCAUUAUGAGCAGCACCGGCGUGUCUGAACACCCUGUACGGGAGGCCAUUACUGUAGCGCCCGGCCCCCCAUCUGGUUUCAUAAGACCCUCCAUCUUUGUCGUUGCCACCUCUGUCGUAAAUCCGCGGUUCGAAAACCACUUACAGAGGAUCGAGCGUCGUGAUAUGUCCCCUGUUGUGAGUACUCUGAAUUGAUUGUUAGGAAUGG
35	0.8110697269439697	0.8101266026496887	8	12	6	6	6	6	780	400	UGGGGGUACGAUUUCUUGGCUACAUUUUACCUUAGCCAGACCUCAAGCGGCCUAUGUGUGGCUGUCCUAGUCCUGAGAUCGGAAUGCACGACCUUUCAAGUUCAGGAAAAGAGUCACCUUCACUGGGAAGUCGCUUAGACGCAUGUGUGCCCACAAUGUGUAUGCCACGCGGUAGGCGCUCCAACAAUUACCUUCAUUAUGAGCAGCACCGGCGUGUCUGAACACCCUGUACGGGAGGCCAUUACUGUAGCGCCCGGCCCCCCAUCUGGUUUCAUAAGACCCUCCAUCUUUGUCGUUGCCACCUCUGUCGUAAAUCCGCGGUUCGAAAACCACUUACAGAGGAUCGAGCGUCGUGAUAUGUCCCCUGUUGUGAGUACUCUGAAUUGAUUGUUAGGAAUGG
35	0.6896152496337891	0.6896552443504333	9	12	6	6	6	6	780	400	UGGGGGUACGAUUUCUUGGCUACAUUUUACCUUAGCCAGACCUCAAGCGGCCUAUGUGUGGCUGUCCUAGUCCUGAGAUCGGAAUGCACGACCUUUCAAGUUCAGGAAAAGAGUCACCUUCACUGGGAAGUCGCUUAGACGCAUGUGUGCCCACAAUGUGUAUGCCACGCGGUAGGCGCUCCAACAAUUACCUUCAUUAUGAGCAGCACCGGCGUGUCUGAACACCCUGUACGGGAGGCCAUUACUGUAGCGCCCGGCCCCCCAUCUGGUUUCAUAAGACCCUCCAUCUUUGUCGUUGCCACCUCUGUCGUAAAUCCGCGGUUCGAAAACCACUUACAGAGGAUCGAGCGUCGUGAUAUGUCCCCUGUUGUGAGUACUCUGAAUUGAUUGUUAGGAAUGG
35	0.882137656211853	0.8820961117744446	10	12	6	6	6	6	780	400	UGGGGGUACGAUUUCUUGGCUACAUUUUACCUUAGCCAGACCUCAAGCGGCCUAUGUGUGGCUGUCCUAGUCCUGAGAUCGGAAUGCACGACCUUUCAAGUUCAGGAAAAGAGUCACCUUCACUGGGAAGUCGCUUAGACGCAUGUGUGCCCACAAUGUGUAUGCCACGCGGUAGGCGCUCCAACAAUUACCUUCAUUAUGAGCAGCACCGGCGUGUCUGAACACCCUGUACGGGAGGCCAUUACUGUAGCGCCCGGCCCCCCAUCUGGUUUCAUAAGACCCUCCAUCUUUGUCGUUGCCACCUCUGUCGUAAAUCCGCGGUUCGAAAACCACUUACAGAGGAUCGAGCGUCGUGAUAUGUCCCCUGUUGUGAGUACUCUGAAUUGAUUGUUAGGAAUGG
35	0.8451060056686401	0.8448276519775391	11	12	6	6	6	6	780	400	UGGGGGUACGAUUUCUUGGCUACAUUUUACCUUAGCCAGACCUCAAGCGGCCUAUGUGUGGCUGUCCUAGUCCUGAGAUCGGAAUGCACGACCUUUCAAGUUCAGGAAAAGAGUCACCUUCACUGGGAAGUCGCUUAGACGCAUGUGUGCCCACAAUGUGUAUGCCACGCGGUAGGCGCUCCAACAAUUACCUUCAUUAUGAGCAGCACCGGCGUGUCUGAACACCCUGUACGGGAGGCCAUUACUGUAGCGCCCGGCCCCCCAUCUGGUUUCAUAAGACCCUCCAUCUUUGUCGUUGCCACCUCUGUCGUAAAUCCGCGGUUCGAAAACCACUUACAGAGGAUCGAGCGUCGUGAUAUGUCCCCUGUUGUGAGUACUCUGAAUUGAUUGUUAGGAAUGG
35	0.8261181116104126	0.8260869383811951	12	12	6	6	6	6	780	400	UGGGGGUACGAUUUCUUGGCUACAUUUUACCUUAGCCAGACCUCAAGCGGCCUAUGUGUGGCUGUCCUAGUCCUGAGAUCGGAAUGCACGACCUUUCAAGUUCAGGAAAAGAGUCACCUUCACUGGGAAGUCGCUUAGACGCAUGUGUGCCCACAAUGUGUAUGCCACGCGGUAGGCGCUCCAACAAUUACCUUCAUUAUGAGCAGCACCGGCGUGUCUGAACACCCUGUACGGGAGGCCAUUACUGUAGCGCCCGGCCCCCCAUCUGGUUUCAUAAGACCCUCCAUCUUUGUCGUUGCCACCUCUGUCGUAAAUCCGCGGUUCGAAAACCACUUACAGAGGAUCGAGCGUCGUGAUAUGUCCCCUGUUGUGAGUACUCUGAAUUGAUUGUUAGGAAUGG
35	0.8760104179382324	0.8755364418029785	13	12	6	6	6	6	780	400	UGGGGGUACGAUUUCUUGGCUACAUUUUACCUUAGCCAGACCUCAAGCGGCCUAUGUGUGGCUGUCCUAGUCCUGAGAUCGGAAUGCACGACCUUUCAAGUUCAGGAAAAGAGUCACCUUCACUGGGAAGUCGCUUAGACGCAUGUGUGCCCACAAUGUGUAUGCCACGCGGUAGGCGCUCCAACAAUUACCUUCAUUAUGAGCAGCACCGGCGUGUCUGAACACCCUGUACGGGAGGCCAUUACUGUAGCGCCCGGCCCCCCAUCUGGUUUCAUAAGACCCUCCAUCUUUGUCGUUGCCACCUCUGUCGUAAAUCCGCGGUUCGAAAACCACUUACAGAGGAUCGAGCGUCGUGAUAUGUCCCCUGUUGUGAGUACUCUGAAUUGAUUGUUAGGAAUGG
35	0.8261181116104126	0.8260869383811951	14	12	6	6	6	6	780	400	UGGGGGUACGAUUUCUUGGCUACAUUUUACCUUAGCCAGACCUCAAGCGGCCUAUGUGUGGCUGUCCUAGUCCUGAGAUCGGAAUGCACGACCUUUCAAGUUCAGGAAAAGAGUCACCUUCACUGGGAAGUCGCUUAGACGCAUGUGUGCCCACAAUGUGUAUGCCACGCGGUAGGCGCUCCAACAAUUACCUUCAUUAUGAGCAGCACCGGCGUGUCUGAACACCCUGUACGGGAGGCCAUUACUGUAGCGCCCGGCCCCCCAUCUGGUUUCAUAAGACCCUCCAUCUUUGUCGUUGCCACCUCUGUCGUAAAUCCGCGGUUCGAAAACCACUUACAGAGGAUCGAGCGUCGUGAUAUGUCCCCUGUUGUGAGUACUCUGAAUUGAUUGUUAGGAAUGG
35	0.8595810532569885	0.8596490621566772	13	12	6	6	6	6	780	400	UGGGGGUACGAUUUCUUGGCUACAUUUUACCUUAGCCAGACCUCAAGCGGCCUAUGUGUGGCUGUCCUAGUCCUGAGAUCGGAAUGCACGACCUUUCAAGUUCAGGAAAAGAGUCACCUUCACUGGGAAGUCGCUUAGACGCAUGUGUGCCCACAAUGUGUAUGCCACGCGGUAGGCGCUCCAACAAUUACCUUCAUUAUGAGCAGCACCGGCGUGUCUGAACACCCUGUACGGGAGGCCAUUACUGUAGCGCCCGGCCCCCCAUCUGGUUUCAUAAGACCCUCCAUCUUUGUCGUUGCCACCUCUGUCGUAAAUCCGCGGUUCGAAAACCACUUACAGAGGAUCGAGCGUCGUGAUAUGUCCCCUGUUGUGAGUACUCUGAAUUGAUUGUUAGGAAUGG
35	0.8796595335006714	0.8793103694915771	13	12	6	6	6	6	780	400	UGGGGGUACGAUUUCUUGGCUACAUUUUACCUUAGCCAGACCUCAAGCGGCCUAUGUGUGGCUGUCCUAGUCCUGAGAUCGGAAUGCACGACCUUUCAAGUUCAGGAAAAGAGUCACCUUCACUGGGAAGUCGCUUAGACGCAUGUGUGCCCACAAUGUGUAUGCCACGCGGUAGGCGCUCCAACAAUUACCUUCAUUAUGAGCAGCACCGGCGUGUCUGAACACCCUGUACGGGAGGCCAUUACUGUAGCGCCCGGCCCCCCAUCUGGUUUCAUAAGACCCUCCAUCUUUGUCGUUGCCACCUCUGUCGUAAAUCCGCGGUUCGAAAACCACUUACAGAGGAUCGAGCGUCGUGAUAUGUCCCCUGUUGUGAGUACUCUGAAUUGAUUGUUAGGAAUGG
35	0.8415997624397278	0.841201663017273	13	12	6	6	6	6	780	400	UGGGGGUACGAUUUCUUGGCUACAUUUUACCUUAGCCAGACCUCAAGCGGCCUAUGUGUGGCUGUCCUAGUCCUGAGAUCGGAAUGCACGACCUUUCAAGUUCAGGAAAAGAGUCACCUUCACUGGGAAGUCGCUUAGACGCAUGUGUGCCCACAAUGUGUAUGCCACGCGGUAGGCGCUCCAACAAUUACCUUCAUUAUGAGCAGCACCGGCGUGUCUGAACACCCUGUACGGGAGGCCAUUACUGUAGCGCCCGGCCCCCCAUCUGGUUUCAUAAGACCCUCCAUCUUUGUCGUUGCCACCUCUGUCGUAAAUCCGCGGUUCGAAAACCACUUACAGAGGAUCGAGCGUCGUGAUAUGUCCCCUGUUGUGAGUACUCUGAAUUGAUUGUUAGGAAUGG
35	0.8157917857170105	0.8154506087303162	14	12	6	6	6	6	780	400	UGGGGGUACGAUUUCUUGGCUACAUUUUACCUUAGCCAGACCUCAAGCGGCCUAUGUGUGGCUGUCCUAGUCCUGAGAUCGGAAUGCACGACCUUUCAAGUUCAGGAAAAGAGUCACCUUCACUGGGAAGUCGCUUAGACGCAUGUGUGCCCACAAUGUGUAUGCCACGCGGUAGGCGCUCCAACAAUUACCUUCAUUAUGAGCAGCACCGGCGUGUCUGAACACCCUGUACGGGAGGCCAUUACUGUAGCGCCCGGCCCCCCAUCUGGUUUCAUAAGACCCUCCAUCUUUGUCGUUGCCACCUCUGUCGUAAAUCCGCGGUUCGAAAACCACUUACAGAGGAUCGAGCGUCGUGAUAUGUCCCCUGUUGUGAGUACUCUGAAUUGAUUGUUAGGAAUGG
35	0.8432486057281494	0.8425532579421997	14	12	6	6	6	6	780	400	UGGGGGUACGAUUUCUUGGCUACAUUUUACCUUAGCCAGACCUCAAGCGGCCUAUGUGUGGCUGUCCUAGUCCUGAGAUCGGAAUGCACGACCUUUCAAGUUCAGGAAAAGAGUCACCUUCACUGGGAAGUCGCUUAGACGCAUGUGUGCCCACAAUGUGUAUGCCACGCGGUAGGCGCUCCAACAAUUACCUUCAUUAUGAGCAGCACCGGCGUGUCUGAACACCCUGUACGGGAGGCCAUUACUGUAGCGCCCGGCCCCCCAUCUGGUUUCAUAAGACCCUCCAUCUUUGUCGUUGCCACCUCUGUCGUAAAUCCGCGGUUCGAAAACCACUUACAGAGGAUCGAGCGUCGUGAUAUGUCCCCUGUUGUGAGUACUCUGAAUUGAUUGUUAGGAAUGG
35	0.8296480774879456	0.8296943306922913	13	12	6	6	6	6	780	400	UGGGGGUACGAUUUCUUGGCUACAUUUUACCUUAGCCAGACCUCAAGCGGCCUAUGUGUGGCUGUCCUAGUCCUGAGAUCGGAAUGCACGACCUUUCAAGUUCAGGAAAAGAGUCACCUUCACUGGGAAGUCGCUUAGACGCAUGUGUGCCCACAAUGUGUAUGCCACGCGGUAGGCGCUCCAACAAUUACCUUCAUUAUGAGCAGCACCGGCGUGUCUGAACACCCUGUACGGGAGGCCAUUACUGUAGCGCCCGGCCCCCCAUCUGGUUUCAUAAGACCCUCCAUCUUUGUCGUUGCCACCUCUGUCGUAAAUCCGCGGUUCGAAAACCACUUACAGAGGAUCGAGCGUCGUGAUAUGUCCCCUGUUGUGAGUACUCUGAAUUGAUUGUUAGGAAUGG
35	0.8522515892982483	0.852173924446106	14	12	6	6	6	6	780	400	UGGGGGUACGAUUUCUUGGCUACAUUUUACCUUAGCCAGACCUCAAGCGGCCUAUGUGUGGCUGUCCUAGUCCUGAGAUCGGAAUGCACGACCUUUCAAGUUCAGGAAAAGAGUCACCUUCACUGGGAAGUCGCUUAGACGCAUGUGUGCCCACAAUGUGUAUGCCACGCGGUAGGCGCUCCAACAAUUACCUUCAUUAUGAGCAGCACCGGCGUGUCUGAACACCCUGUACGGGAGGCCAUUACUGUAGCGCCCGGCCCCCCAUCUGGUUUCAUAAGACCCUCCAUCUUUGUCGUUGCCACCUCUGUCGUAAAUCCGCGGUUCGAAAACCACUUACAGAGGAUCGAGCGUCGUGAUAUGUCCCCUGUUGUGAGUACUCUGAAUUGAUUGUUAGGAAUGG
35	0.8451060056686401	0.8448276519775391	13	12	6	6	6	6	780	400	UGGGGGUACGAUUUCUUGGCUACAUUUUACCUUAGCCAGACCUCAAGCGGCCUAUGUGUGGCUGUCCUAGUCCUGAGAUCGGAAUGCACGACCUUUCAAGUUCAGGAAAAGAGUCACCUUCACUGGGAAGUCGCUUAGACGCAUGUGUGCCCACAAUGUGUAUGCCACGCGGUAGGCGCUCCAACAAUUACCUUCAUUAUGAGCAGCACCGGCGUGUCUGAACACCCUGUACGGGAGGCCAUUACUGUAGCGCCCGGCCCCCCAUCUGGUUUCAUAAGACCCUCCAUCUUUGUCGUUGCCACCUCUGUCGUAAAUCCGCGGUUCGAAAACCACUUACAGAGGAUCGAGCGUCGUGAUAUGUCCCCUGUUGUGAGUACUCUGAAUUGAUUGUUAGGAAUGG
35	0.8552715182304382	0.8547008633613586	15	12	6	6	6	6	780	400	UGGGGGUACGAUUUCUUGGCUACAUUUUACCUUAGCCAGACCUCAAGCGGCCUAUGUGUGGCUGUCCUAGUCCUGAGAUCGGAAUGCACGACCUUUCAAGUUCAGGAAAAGAGUCACCUUCACUGGGAAGUCGCUUAGACGCAUGUGUGCCCACAAUGUGUAUGCCACGCGGUAGGCGCUCCAACAAUUACCUUCAUUAUGAGCAGCACCGGCGUGUCUGAACACCCUGUACGGGAGGCCAUUACUGUAGCGCCCGGCCCCCCAUCUGGUUUCAUAAGACCCUCCAUCUUUGUCGUUGCCACCUCUGUCGUAAAUCCGCGGUUCGAAAACCACUUACAGAGGAUCGAGCGUCGUGAUAUGUCCCCUGUUGUGAGUACUCUGAAUUGAUUGUUAGGAAUGG
35	0.8996341824531555	0.8995633125305176	14	12	6	6	6	6	780	400	UGGGGGUACGAUUUCUUGGCUACAUUUUACCUUAGCCAGACCUCAAGCGGCCUAUGUGUGGCUGUCCUAGUCCUGAGAUCGGAAUGCACGACCUUUCAAGUUCAGGAAAAGAGUCACCUUCACUGGGAAGUCGCUUAGACGCAUGUGUGCCCACAAUGUGUAUGCCACGCGGUAGGCGCUCCAACAAUUACCUUCAUUAUGAGCAGCACCGGCGUGUCUGAACACCCUGUACGGGAGGCCAUUACUGUAGCGCCCGGCCCCCCAUCUGGUUUCAUAAGACCCUCCAUCUUUGUCGUUGCCACCUCUGUCGUAAAUCCGCGGUUCGAAAACCACUUACAGAGGAUCGAGCGUCGUGAUAUGUCCCCUGUUGUGAGUACUCUGAAUUGAUUGUUAGGAAUGG
35	0.8486563563346863	0.8484848737716675	13	12	6	6	6	6	780	400	UGGGGGUACGAUUUCUUGGCUACAUUUUACCUUAGCCAGACCUCAAGCGGCCUAUGUGUGGCUGUCCUAGUCCUGAGAUCGGAAUGCACGACCUUUCAAGUUCAGGAAAAGAGUCACCUUCACUGGGAAGUCGCUUAGACGCAUGUGUGCCCACAAUGUGUAUGCCACGCGGUAGGCGCUCCAACAAUUACCUUCAUUAUGAGCAGCACCGGCGUGUCUGAACACCCUGUACGGGAGGCCAUUACUGUAGCGCCCGGCCCCCCAUCUGGUUUCAUAAGACCCUCCAUCUUUGUCGUUGCCACCUCUGUCGUAAAUCCGCGGUUCGAAAACCACUUACAGAGGAUCGAGCGUCGUGAUAUGUCCCCUGUUGUGAGUACUCUGAAUUGAUUGUUAGGAAUGG
35	0.8026056289672852	0.8016877174377441	13	12	6	6	6	6	780	400	UGGGGGUACGAUUUCUUGGCUACAUUUUACCUUAGCCAGACCUCAAGCGGCCUAUGUGUGGCUGUCCUAGUCCUGAGAUCGGAAUGCACGACCUUUCAAGUUCAGGAAAAGAGUCACCUUCACUGGGAAGUCGCUUAGACGCAUGUGUGCCCACAAUGUGUAUGCCACGCGGUAGGCGCUCCAACAAUUACCUUCAUUAUGAGCAGCACCGGCGUGUCUGAACACCCUGUACGGGAGGCCAUUACUGUAGCGCCCGGCCCCCCAUCUGGUUUCAUAAGACCCUCCAUCUUUGUCGUUGCCACCUCUGUCGUAAAUCCGCGGUUCGAAAACCACUUACAGAGGAUCGAGCGUCGUGAUAUGUCCCCUGUUGUGAGUACUCUGAAUUGAUUGUUAGGAAUGG
35	0.917130708694458	0.9170305728912354	14	12	6	6	6	6	780	400	UGGGGGUACGAUUUCUUGGCUACAUUUUACCUUAGCCAGACCUCAAGCGGCCUAUGUGUGGCUGUCCUAGUCCUGAGAUCGGAAUGCACGACCUUUCAAGUUCAGGAAAAGAGUCACCUUCACUGGGAAGUCGCUUAGACGCAUGUGUGCCCACAAUGUGUAUGCCACGCGGUAGGCGCUCCAACAAUUACCUUCAUUAUGAGCAGCACCGGCGUGUCUGAACACCCUGUACGGGAGGCCAUUACUGUAGCGCCCGGCCCCCCAUCUGGUUUCAUAAGACCCUCCAUCUUUGUCGUUGCCACCUCUGUCGUAAAUCCGCGGUUCGAAAACCACUUACAGAGGAUCGAGCGUCGUGAUAUGUCCCCUGUUGUGAGUACUCUGAAUUGAUUGUUAGGAAUGG
35	0.8773787021636963	0.8765957951545715	13	12	6	6	6	6	780	400	UGGGGGUACGAUUUCUUGGCUACAUUUUACCUUAGCCAGACCUCAAGCGGCCUAUGUGUGGCUGUCCUAGUCCUGAGAUCGGAAUGCACGACCUUUCAAGUUCAGGAAAAGAGUCACCUUCACUGGGAAGUCGCUUAGACGCAUGUGUGCCCACAAUGUGUAUGCCACGCGGUAGGCGCUCCAACAAUUACCUUCAUUAUGAGCAGCACCGGCGUGUCUGAACACCCUGUACGGGAGGCCAUUACUGUAGCGCCCGGCCCCCCAUCUGGUUUCAUAAGACCCUCCAUCUUUGUCGUUGCCACCUCUGUCGUAAAUCCGCGGUUCGAAAACCACUUACAGAGGAUCGAGCGUCGUGAUAUGUCCCCUGUUGUGAGUACUCUGAAUUGAUUGUUAGGAAUGG
35	0.8724062442779541	0.8717948198318481	13	12	6	6	6	6	780	400	UGGGGGUACGAUUUCUUGGCUACAUUUUACCUUAGCCAGACCUCAAGCGGCCUAUGUGUGGCUGUCCUAGUCCUGAGAUCGGAAUGCACGACCUUUCAAGUUCAGGAAAAGAGUCACCUUCACUGGGAAGUCGCUUAGACGCAUGUGUGCCCACAAUGUGUAUGCCACGCGGUAGGCGCUCCAACAAUUACCUUCAUUAUGAGCAGCACCGGCGUGUCUGAACACCCUGUACGGGAGGCCAUUACUGUAGCGCCCGGCCCCCCAUCUGGUUUCAUAAGACCCUCCAUCUUUGUCGUUGCCACCUCUGUCGUAAAUCCGCGGUUCGAAAACCACUUACAGAGGAUCGAGCGUCGUGAUAUGUCCCCUGUUGUGAGUACUCUGAAUUGAUUGUUAGGAAUGG
36	0.5753533244132996	0.5760000348091125	1	12	6	6	6	6	780	400	UCGAGAAAGGACCCCCUAUUGUGUGGGCCGUACGCCCGAGGGAAAUUUGUCGCUGUGCCCUAUGCGCUUCUGGGGGACUUUCCGUGGUUCUAGCCCUGUAUAUCGUUCCUUAGGGAGGGUGGGGAUGAGUUAAUCCAAGUUGAUUUCAUUUCAGCUAAGCAAUAGGGUUCGUUAAUAACCCACAGGCGCCCUGGCAACUCGACCAGAUGGCGGGCCGGGGAACCUAGUGCUCACCUGGUGAGGUCGAUCGAGCCCUAUGUCUAUUGUAUACCGGAGGGCACCUAACGGUUUUUCAUUCACUCUAGCCGUCACAGCCUGCGCCAUAAUUAUCGCUAGGAUACGUACUAAAGAGGGAGCUCGCCUAGUUCUUAUAAUAUAGGGGAUAGGUAAGACAAGCCUG
36	0.7725568413734436	0.7729084491729736	2	12	6	6	6	6	780	400	UCGAGAAAGGACCCCCUAUUGUGUGGGCCGUACGCCCGAGGGAAAUUUGUCGCUGUGCCCUAUGCGCUUCUGGGGGACUUUCCGUGGUUCUAGCCCUGUAUAUCGUUCCUUAGGGAGGGUGGGGAUGAGUUAAUCCAAGUUGAUUUCAUUUCAGCUAAGCAAUAGGGUUCGUUAAUAACCCACAGGCGCCCUGGCAACUCGACCAGAUGGCGGGCCGGGGAACCUAGUGCUCACCUGGUGAGGUCGAUCGAGCCCUAUGUCUAUUGUAUACCGGAGGGCACCUAACGGUUUUUCAUUCACUCUAGCCGUCACAGCCUGCGCCAUAAUUAUCGCUAGGAUACGUACUAAAGAGGGAGCUCGCCUAGUUCUUAUAAUAUAGGGGAUAGGUAAGACAAGCCUG
36	0.7725568413734436	0.7729084491729736	3	12	6	6	6	6	780	400	UCGAGAAAGGACCCCCUAUUGUGUGGGCCGUACGCCCGAGGGAAAUUUGUCGCUGUGCCCUAUGCGCUUCUGGGGGACUUUCCGUGGUUCUAGCCCUGUAUAUCGUUCCUUAGGGAGGGUGGGGAUGAGUUAAUCCAAGUUGAUUUCAUUUCAGCUAAGCAAUAGGGUUCGUUAAUAACCCACAGGCGCCCUGGCAACUCGACCAGAUGGCGGGCCGGGGAACCUAGUGCUCACCUGGUGAGGUCGAUCGAGCCCUAUGUCUAUUGUAUACCGGAGGGCACCUAACGGUUUUUCAUUCACUCUAGCCGUCACAGCCUGCGCCAUAAUUAUCGCUAGGAUACGUACUAAAGAGGGAGCUCGCCUAGUUCUUAUAAUAUAGGGGAUAGGUAAGACAAGCCUG
36	0.4689103066921234	0.46963563561439514	4	12	6	6	6	6	780	400	UCGAGAAAGGACCCCCUAUUGUGUGGGCCGUACGCCCGAGGGAAAUUUGUCGCUGUGCCCUAUGCGCUUCUGGGGGACUUUCCGUGGUUCUAGCCCUGUAUAUCGUUCCUUAGGGAGGGUGGGGAUGAGUUAAUCCAAGUUGAUUUCAUUUCAGCUAAGCAAUAGGGUUCGUUAAUAACCCACAGGCGCCCUGGCAACUCGACCAGAUGGCGGGCCGGGGAACCUAGUGCUCACCUGGUGAGGUCGAUCGAGCCCUAUGUCUAUUGUAUACCGGAGGGCACCUAACGGUUUUUCAUUCACUCUAGCCGUCACAGCCUGCGCCAUAAUUAUCGCUAGGAUACGUACUAAAGAGGGAGCUCGCCUAGUUCUUAUAAUAUAGGGGAUAGGUAAGACAAGCCUG
36	0.7725568413734436	0.7729084491729736	5	12	6	6	6	6	780	400	UCGAGAAAGGACCCCCUAUUGUGUGGGCCGUACGCCCGAGGGAAAUUUGUCGCUGUGCCCUAUGCGCUUCUGGGGGACUUUCCGUGGUUCUAGCCCUGUAUAUCGUUCCUUAGGGAGGGUGGGGAUGAGUUAAUCCAAGUUGAUUUCAUUUCAGCUAAGCAAUAGGGUUCGUUAAUAACCCACAGGCGCCCUGGCAACUCGACCAGAUGGCGGGCCGGGGAACCUAGUGCUCACCUGGUGAGGUCGAUCGAGCCCUAUGUCUAUUGUAUACCGGAGGGCACCUAACGGUUUUUCAUUCACUCUAGCCGUCACAGCCUGCGCCAUAAUUAUCGCUAGGAUACGUACUAAAGAGGGAGCUCGCCUAGUUCUUAUAAUAUAGGGGAUAGGUAAGACAAGCCUG
36	0.7297320365905762	0.7301587462425232	6	12	6	6	6	6	780	400	UCGAGAAAGGACCCCCUAUUGUGUGGGCCGUACGCCCGAGGGAAAUUUGUCGCUGUGCCCUAUGCGCUUCUGGGGGACUUUCCGUGGUUCUAGCCCUGUAUAUCGUUCCUUAGGGAGGGUGGGGAUGAGUUAAUCCAAGUUGAUUUCAUUUCAGCUAAGCAAUAGGGUUCGUUAAUAACCCACAGGCGCCCUGGCAACUCGACCAGAUGGCGGGCCGGGGAACCUAGUGCUCACCUGGUGAGGUCGAUCGAGCCCUAUGUCUAUUGUAUACCGGAGGGCACCUAACGGUUUUUCAUUCACUCUAGCCGUCACAGCCUGCGCCAUAAUUAUCGCUAGGAUACGUACUAAAGAGGGAGCUCGCCUAGUUCUUAUAAUAUAGGGGAUAGGUAAGACAAGCCUG
36	0.8028607964515686	0.8031495809555054	7	12	6	6	6	6	780	400	UCGAGAAAGGACCCCCUAUUGUGUGGGCCGUACGCCCGAGGGAAAUUUGUCGCUGUGCCCUAUGCGCUUCUGGGGGACUUUCCGUGGUUCUAGCCCUGUAUAUCGUUCCUUAGGGAGGGUGGGGAUGAGUUAAUCCAAGUUGAUUUCAUUUCAGCUAAGCAAUAGGGUUCGUUAAUAACCCACAGGCGCCCUGGCAACUCGACCAGAUGGCGGGCCGGGGAACCUAGUGCUCACCUGGUGAGGUCGAUCGAGCCCUAUGUCUAUUGUAUACCGGAGGGCACCUAACGGUUUUUCAUUCACUCUAGCCGUCACAGCCUGCGCCAUAAUUAUCGCUAGGAUACGUACUAAAGAGGGAGCUCGCCUAGUUCUUAUAAUAUAGGGGAUAGGUAAGACAAGCCUG
36	0.823750376701355	0.8240000605583191	8	12	6	6	6	6	780	400	UCGAGAAAGGACCCCCUAUUGUGUGGGCCGUACGCCCGAGGGAAAUUUGUCGCUGUGCCCUAUGCGCUUCUGGGGGACUUUCCGUGGUUCUAGCCCUGUAUAUCGUUCCUUAGGGAGGGUGGGGAUGAGUUAAUCCAAGUUGAUUUCAUUUCAGCUAAGCAAUAGGGUUCGUUAAUAACCCACAGGCGCCCUGGCAACUCGACCAGAUGGCGGGCCGGGGAACCUAGUGCUCACCUGGUGAGGUCGAUCGAGCCCUAUGUCUAUUGUAUACCGGAGGGCACCUAACGGUUUUUCAUUCACUCUAGCCGUCACAGCCUGCGCCAUAAUUAUCGCUAGGAUACGUACUAAAGAGGGAGCUCGCCUAGUUCUUAUAAUAUAGGGGAUAGGUAAGACAAGCCUG
36	0.7853754162788391	0.7857142090797424	9	12	6	6	6	6	780	400	UCGAGAAAGGACCCCCUAUUGUGUGGGCCGUACGCCCGAGGGAAAUUUGUCGCUGUGCCCUAUGCGCUUCUGGGGGACUUUCCGUGGUUCUAGCCCUGUAUAUCGUUCCUUAGGGAGGGUGGGGAUGAGUUAAUCCAAGUUGAUUUCAUUUCAGCUAAGCAAUAGGGUUCGUUAAUAACCCACAGGCGCCCUGGCAACUCGACCAGAUGGCGGGCCGGGGAACCUAGUGCUCACCUGGUGAGGUCGAUCGAGCCCUAUGUCUAUUGUAUACCGGAGGGCACCUAACGGUUUUUCAUUCACUCUAGCCGUCACAGCCUGCGCCAUAAUUAUCGCUAGGAUACGUACUAAAGAGGGAGCUCGCCUAGUUCUUAUAAUAUAGGGGAUAGGUAAGACAAGCCUG
36	0.7774263620376587	0.7777777314186096	10	12	6	6	6	6	780	400	UCGAGAAAGGACCCCCUAUUGUGUGGGCCGUACGCCCGAGGGAAAUUUGUCGCUGUGCCCUAUGCGCUUCUGGGGGACUUUCCGUGGUUCUAGCCCUGUAUAUCGUUCCUUAGGGAGGGUGGGGAUGAGUUAAUCCAAGUUGAUUUCAUUUCAGCUAAGCAAUAGGGUUCGUUAAUAACCCACAGGCGCCCUGGCAACUCGACCAGAUGGCGGGCCGGGGAACCUAGUGCUCACCUGGUGAGGUCGAUCGAGCCCUAUGUCUAUUGUAUACCGGAGGGCACCUAACGGUUUUUCAUUCACUCUAGCCGUCACAGCCUGCGCCAUAAUUAUCGCUAGGAUACGUACUAAAGAGGGAGCUCGCCUAGUUCUUAUAAUAUAGGGGAUAGGUAAGACAAGCCUG
36	0.7426809072494507	0.7430830597877502	11	12	6	6	6	6	780	400	UCGAGAAAGGACCCCCUAUUGUGUGGGCCGUACGCCCGAGGGAAAUUUGUCGCUGUGCCCUAUGCGCUUCUGGGGGACUUUCCGUGGUUCUAGCCCUGUAUAUCGUUCCUUAGGGAGGGUGGGGAUGAGUUAAUCCAAGUUGAUUUCAUUUCAGCUAAGCAAUAGGGUUCGUUAAUAACCCACAGGCGCCCUGGCAACUCGACCAGAUGGCGGGCCGGGGAACCUAGUGCUCACCUGGUGAGGUCGAUCGAGCCCUAUGUCUAUUGUAUACCGGAGGGCACCUAACGGUUUUUCAUUCACUCUAGCCGUCACAGCCUGCGCCAUAAUUAUCGCUAGGAUACGUACUAAAGAGGGAGCUCGCCUAGUUCUUAUAAUAUAGGGGAUAGGUAAGACAAGCCUG
36	0.8390166759490967	0.8392156958580017	12	12	6	6	6	6	780	400	UCGAGAAAGGACCCCCUAUUGUGUGGGCCGUACGCCCGAGGGAAAUUUGUCGCUGUGCCCUAUGCGCUUCUGGGGGACUUUCCGUGGUUCUAGCCCUGUAUAUCGUUCCUUAGGGAGGGUGGGGAUGAGUUAAUCCAAGUUGAUUUCAUUUCAGCUAAGCAAUAGGGUUCGUUAAUAACCCACAGGCGCCCUGGCAACUCGACCAGAUGGCGGGCCGGGGAACCUAGUGCUCACCUGGUGAGGUCGAUCGAGCCCUAUGUCUAUUGUAUACCGGAGGGCACCUAACGGUUUUUCAUUCACUCUAGCCGUCACAGCCUGCGCCAUAAUUAUCGCUAGGAUACGUACUAAAGAGGGAGCUCGCCUAGUUCUUAUAAUAUAGGGGAUAGGUAAGACAAGCCUG
36	0.9527102112770081	0.9527559280395508	13	12	6	6	6	6	780	400	UCGAGAAAGGACCCCCUAUUGUGUGGGCCGUACGCCCGAGGGAAAUUUGUCGCUGUGCCCUAUGCGCUUCUGGGGGACUUUCCGUGGUUCUAGCCCUGUAUAUCGUUCCUUAGGGAGGGUGGGGAUGAGUUAAUCCAAGUUGAUUUCAUUUCAGCUAAGCAAUAGGGUUCGUUAAUAACCCACAGGCGCCCUGGCAACUCGACCAGAUGGCGGGCCGGGGAACCUAGUGCUCACCUGGUGAGGUCGAUCGAGCCCUAUGUCUAUUGUAUACCGGAGGGCACCUAACGGUUUUUCAUUCACUCUAGCCGUCACAGCCUGCGCCAUAAUUAUCGCUAGGAUACGUACUAAAGAGGGAGCUCGCCUAGUUCUUAUAAUAUAGGGGAUAGGUAAGACAAGCCUG
36	0.8449395895004272	0.8449612259864807	14	12	6	6	6	6	780	400	UCGAGAAAGGACCCCCUAUUGUGUGGGCCGUACGCCCGAGGGAAAUUUGUCGCUGUGCCCUAUGCGCUUCUGGGGGACUUUCCGUGGUUCUAGCCCUGUAUAUCGUUCCUUAGGGAGGGUGGGGAUGAGUUAAUCCAAGUUGAUUUCAUUUCAGCUAAGCAAUAGGGUUCGUUAAUAACCCACAGGCGCCCUGGCAACUCGACCAGAUGGCGGGCCGGGGAACCUAGUGCUCACCUGGUGAGGUCGAUCGAGCCCUAUGUCUAUUGUAUACCGGAGGGCACCUAACGGUUUUUCAUUCACUCUAGCCGUCACAGCCUGCGCCAUAAUUAUCGCUAGGAUACGUACUAAAGAGGGAGCUCGCCUAGUUCUUAUAAUAUAGGGGAUAGGUAAGACAAGCCUG
36	0.8186344504356384	0.8188976645469666	14	12	6	6	6	6	780	400	UCGAGAAAGGACCCCCUAUUGUGUGGGCCGUACGCCCGAGGGAAAUUUGUCGCUGUGCCCUAUGCGCUUCUGGGGGACUUUCCGUGGUUCUAGCCCUGUAUAUCGUUCCUUAGGGAGGGUGGGGAUGAGUUAAUCCAAGUUGAUUUCAUUUCAGCUAAGCAAUAGGGUUCGUUAAUAACCCACAGGCGCCCUGGCAACUCGACCAGAUGGCGGGCCGGGGAACCUAGUGCUCACCUGGUGAGGUCGAUCGAGCCCUAUGUCUAUUGUAUACCGGAGGGCACCUAACGGUUUUUCAUUCACUCUAGCCGUCACAGCCUGCGCCAUAAUUAUCGCUAGGAUACGUACUAAAGAGGGAGCUCGCCUAGUUCUUAUAAUAUAGGGGAUAGGUAAGACAAGCCUG
36	0.7468157410621643	0.7470816969871521	16	12	6	6	6	6	780	400	UCGAGAAAGGACCCCCUAUUGUGUGGGCCGUACGCCCGAGGGAAAUUUGUCGCUGUGCCCUAUGCGCUUCUGGGGGACUUUCCGUGGUUCUAGCCCUGUAUAUCGUUCCUUAGGGAGGGUGGGGAUGAGUUAAUCCAAGUUGAUUUCAUUUCAGCUAAGCAAUAGGGUUCGUUAAUAACCCACAGGCGCCCUGGCAACUCGACCAGAUGGCGGGCCGGGGAACCUAGUGCUCACCUGGUGAGGUCGAUCGAGCCCUAUGUCUAUUGUAUACCGGAGGGCACCUAACGGUUUUUCAUUCACUCUAGCCGUCACAGCCUGCGCCAUAAUUAUCGCUAGGAUACGUACUAAAGAGGGAGCUCGCCUAGUUCUUAUAAUAUAGGGGAUAGGUAAGACAAGCCUG
36	0.846872866153717	0.8470588326454163	15	12	6	6	6	6	780	400	UCGAGAAAGGACCCCCUAUUGUGUGGGCCGUACGCCCGAGGGAAAUUUGUCGCUGUGCCCUAUGCGCUUCUGGGGGACUUUCCGUGGUUCUAGCCCUGUAUAUCGUUCCUUAGGGAGGGUGGGGAUGAGUUAAUCCAAGUUGAUUUCAUUUCAGCUAAGCAAUAGGGUUCGUUAAUAACCCACAGGCGCCCUGGCAACUCGACCAGAUGGCGGGCCGGGGAACCUAGUGCUCACCUGGUGAGGUCGAUCGAGCCCUAUGUCUAUUGUAUACCGGAGGGCACCUAACGGUUUUUCAUUCACUCUAGCCGUCACAGCCUGCGCCAUAAUUAUCGCUAGGAUACGUACUAAAGAGGGAGCUCGCCUAGUUCUUAUAAUAUAGGGGAUAGGUAAGACAAGCCUG
36	0.8122983574867249	0.8125	14	12	6	6	6	6	780	400	UCGAGAAAGGACCCCCUAUUGUGUGGGCCGUACGCCCGAGGGAAAUUUGUCGCUGUGCCCUAUGCGCUUCUGGGGGACUUUCCGUGGUUCUAGCCCUGUAUAUCGUUCCUUAGGGAGGGUGGGGAUGAGUUAAUCCAAGUUGAUUUCAUUUCAGCUAAGCAAUAGGGUUCGUUAAUAACCCACAGGCGCCCUGGCAACUCGACCAGAUGGCGGGCCGGGGAACCUAGUGCUCACCUGGUGAGGUCGAUCGAGCCCUAUGUCUAUUGUAUACCGGAGGGCACCUAACGGUUUUUCAUUCACUCUAGCCGUCACAGCCUGCGCCAUAAUUAUCGCUAGGAUACGUACUAAAGAGGGAGCUCGCCUAGUUCUUAUAAUAUAGGGGAUAGGUAAGACAAGCCUG
36	0.8311604261398315	0.8313724994659424	16	12	6	6	6	6	780	400	UCGAGAAAGGACCCCCUAUUGUGUGGGCCGUACGCCCGAGGGAAAUUUGUCGCUGUGCCCUAUGCGCUUCUGGGGGACUUUCCGUGGUUCUAGCCCUGUAUAUCGUUCCUUAGGGAGGGUGGGGAUGAGUUAAUCCAAGUUGAUUUCAUUUCAGCUAAGCAAUAGGGUUCGUUAAUAACCCACAGGCGCCCUGGCAACUCGACCAGAUGGCGGGCCGGGGAACCUAGUGCUCACCUGGUGAGGUCGAUCGAGCCCUAUGUCUAUUGUAUACCGGAGGGCACCUAACGGUUUUUCAUUCACUCUAGCCGUCACAGCCUGCGCCAUAAUUAUCGCUAGGAUACGUACUAAAGAGGGAGCUCGCCUAGUUCUUAUAAUAUAGGGGAUAGGUAAGACAAGCCUG
36	0.936936616897583	0.9370078444480896	16	12	6	6	6	6	780	400	UCGAGAAAGGACCCCCUAUUGUGUGGGCCGUACGCCCGAGGGAAAUUUGUCGCUGUGCCCUAUGCGCUUCUGGGGGACUUUCCGUGGUUCUAGCCCUGUAUAUCGUUCCUUAGGGAGGGUGGGGAUGAGUUAAUCCAAGUUGAUUUCAUUUCAGCUAAGCAAUAGGGUUCGUUAAUAACCCACAGGCGCCCUGGCAACUCGACCAGAUGGCGGGCCGGGGAACCUAGUGCUCACCUGGUGAGGUCGAUCGAGCCCUAUGUCUAUUGUAUACCGGAGGGCACCUAACGGUUUUUCAUUCACUCUAGCCGUCACAGCCUGCGCCAUAAUUAUCGCUAGGAUACGUACUAAAGAGGGAGCUCGCCUAGUUCUUAUAAUAUAGGGGAUAGGUAAGACAAGCCUG
36	0.7496902942657471	0.75	16	12	6	6	6	6	780	400	UCGAGAAAGGACCCCCUAUUGUGUGGGCCGUACGCCCGAGGGAAAUUUGUCGCUGUGCCCUAUGCGCUUCUGGGGGACUUUCCGUGGUUCUAGCCCUGUAUAUCGUUCCUUAGGGAGGGUGGGGAUGAGUUAAUCCAAGUUGAUUUCAUUUCAGCUAAGCAAUAGGGUUCGUUAAUAACCCACAGGCGCCCUGGCAACUCGACCAGAUGGCGGGCCGGGGAACCUAGUGCUCACCUGGUGAGGUCGAUCGAGCCCUAUGUCUAUUGUAUACCGGAGGGCACCUAACGGUUUUUCAUUCACUCUAGCCGUCACAGCCUGCGCCAUAAUUAUCGCUAGGAUACGUACUAAAGAGGGAGCUCGCCUAGUUCUUAUAAUAUAGGGGAUAGGUAAGACAAGCCUG
36	0.8481653928756714	0.8482489585876465	16	12	6	6	6	6	780	400	UCGAGAAAGGACCCCCUAUUGUGUGGGCCGUACGCCCGAGGGAAAUUUGUCGCUGUGCCCUAUGCGCUUCUGGGGGACUUUCCGUGGUUCUAGCCCUGUAUAUCGUUCCUUAGGGAGGGUGGGGAUGAGUUAAUCCAAGUUGAUUUCAUUUCAGCUAAGCAAUAGGGUUCGUUAAUAACCCACAGGCGCCCUGGCAACUCGACCAGAUGGCGGGCCGGGGAACCUAGUGCUCACCUGGUGAGGUCGAUCGAGCCCUAUGUCUAUUGUAUACCGGAGGGCACCUAACGGUUUUUCAUUCACUCUAGCCGUCACAGCCUGCGCCAUAAUUAUCGCUAGGAUACGUACUAAAGAGGGAGCUCGCCUAGUUCUUAUAAUAUAGGGGAUAGGUAAGACAAGCCUG
36	0.9523056745529175	0.9523809552192688	16	12	6	6	6	6	780	400	UCGAGAAAGGACCCCCUAUUGUGUGGGCCGUACGCCCGAGGGAAAUUUGUCGCUGUGCCCUAUGCGCUUCUGGGGGACUUUCCGUGGUUCUAGCCCUGUAUAUCGUUCCUUAGGGAGGGUGGGGAUGAGUUAAUCCAAGUUGAUUUCAUUUCAGCUAAGCAAUAGGGUUCGUUAAUAACCCACAGGCGCCCUGGCAACUCGACCAGAUGGCGGGCCGGGGAACCUAGUGCUCACCUGGUGAGGUCGAUCGAGCCCUAUGUCUAUUGUAUACCGGAGGGCACCUAACGGUUUUUCAUUCACUCUAGCCGUCACAGCCUGCGCCAUAAUUAUCGCUAGGAUACGUACUAAAGAGGGAGCUCGCCUAGUUCUUAUAAUAUAGGGGAUAGGUAAGACAAGCCUG
36	0.7805375456809998	0.7808764576911926	16	12	6	6	6	6	780	400	UCGAGAAAGGACCCCCUAUUGUGUGGGCCGUACGCCCGAGGGAAAUUUGUCGCUGUGCCCUAUGCGCUUCUGGGGGACUUUCCGUGGUUCUAGCCCUGUAUAUCGUUCCUUAGGGAGGGUGGGGAUGAGUUAAUCCAAGUUGAUUUCAUUUCAGCUAAGCAAUAGGGUUCGUUAAUAACCCACAGGCGCCCUGGCAACUCGACCAGAUGGCGGGCCGGGGAACCUAGUGCUCACCUGGUGAGGUCGAUCGAGCCCUAUGUCUAUUGUAUACCGGAGGGCACCUAACGGUUUUUCAUUCACUCUAGCCGUCACAGCCUGCGCCAUAAUUAUCGCUAGGAUACGUACUAAAGAGGGAGCUCGCCUAGUUCUUAUAAUAUAGGGGAUAGGUAAGACAAGCCUG
36	0.8569169640541077	0.8571428656578064	14	12	6	6	6	6	780	400	UCGAGAAAGGACCCCCUAUUGUGUGGGCCGUACGCCCGAGGGAAAUUUGUCGCUGUGCCCUAUGCGCUUCUGGGGGACUUUCCGUGGUUCUAGCCCUGUAUAUCGUUCCUUAGGGAGGGUGGGGAUGAGUUAAUCCAAGUUGAUUUCAUUUCAGCUAAGCAAUAGGGUUCGUUAAUAACCCACAGGCGCCCUGGCAACUCGACCAGAUGGCGGGCCGGGGAACCUAGUGCUCACCUGGUGAGGUCGAUCGAGCCCUAUGUCUAUUGUAUACCGGAGGGCACCUAACGGUUUUUCAUUCACUCUAGCCGUCACAGCCUGCGCCAUAAUUAUCGCUAGGAUACGUACUAAAGAGGGAGCUCGCCUAGUUCUUAUAAUAUAGGGGAUAGGUAAGACAAGCCUG
36	0.8682394623756409	0.8682170510292053	16	12	6	6	6	6	780	400	UCGAGAAAGGACCCCCUAUUGUGUGGGCCGUACGCCCGAGGGAAAUUUGUCGCUGUGCCCUAUGCGCUUCUGGGGGACUUUCCGUGGUUCUAGCCCUGUAUAUCGUUCCUUAGGGAGGGUGGGGAUGAGUUAAUCCAAGUUGAUUUCAUUUCAGCUAAGCAAUAGGGUUCGUUAAUAACCCACAGGCGCCCUGGCAACUCGACCAGAUGGCGGGCCGGGGAACCUAGUGCUCACCUGGUGAGGUCGAUCGAGCCCUAUGUCUAUUGUAUACCGGAGGGCACCUAACGGUUUUUCAUUCACUCUAGCCGUCACAGCCUGCGCCAUAAUUAUCGCUAGGAUACGUACUAAAGAGGGAGCUCGCCUAGUUCUUAUAAUAUAGGGGAUAGGUAAGACAAGCCUG
36	0.9018665552139282	0.9019607305526733	15	12	6	6	6	6	780	400	UCGAGAAAGGACCCCCUAUUGUGUGGGCCGUACGCCCGAGGGAAAUUUGUCGCUGUGCCCUAUGCGCUUCUGGGGGACUUUCCGUGGUUCUAGCCCUGUAUAUCGUUCCUUAGGGAGGGUGGGGAUGAGUUAAUCCAAGUUGAUUUCAUUUCAGCUAAGCAAUAGGGUUCGUUAAUAACCCACAGGCGCCCUGGCAACUCGACCAGAUGGCGGGCCGGGGAACCUAGUGCUCACCUGGUGAGGUCGAUCGAGCCCUAUGUCUAUUGUAUACCGGAGGGCACCUAACGGUUUUUCAUUCACUCUAGCCGUCACAGCCUGCGCCAUAAUUAUCGCUAGGAUACGUACUAAAGAGGGAGCUCGCCUAGUUCUUAUAAUAUAGGGGAUAGGUAAGACAAGCCUG
36	0.8896157145500183	0.8897638320922852	15	12	6	6	6	6	780	400	UCGAGAAAGGACCCCCUAUUGUGUGGGCCGUACGCCCGAGGGAAAUUUGUCGCUGUGCCCUAUGCGCUUCUGGGGGACUUUCCGUGGUUCUAGCCCUGUAUAUCGUUCCUUAGGGAGGGUGGGGAUGAGUUAAUCCAAGUUGAUUUCAUUUCAGCUAAGCAAUAGGGUUCGUUAAUAACCCACAGGCGCCCUGGCAACUCGACCAGAUGGCGGGCCGGGGAACCUAGUGCUCACCUGGUGAGGUCGAUCGAGCCCUAUGUCUAUUGUAUACCGGAGGGCACCUAACGGUUUUUCAUUCACUCUAGCCGUCACAGCCUGCGCCAUAAUUAUCGCUAGGAUACGUACUAAAGAGGGAGCUCGCCUAGUUCUUAUAAUAUAGGGGAUAGGUAAGACAAGCCUG
36	0.9523056745529175	0.9523809552192688	16	12	6	6	6	6	780	400	UCGAGAAAGGACCCCCUAUUGUGUGGGCCGUACGCCCGAGGGAAAUUUGUCGCUGUGCCCUAUGCGCUUCUGGGGGACUUUCCGUGGUUCUAGCCCUGUAUAUCGUUCCUUAGGGAGGGUGGGGAUGAGUUAAUCCAAGUUGAUUUCAUUUCAGCUAAGCAAUAGGGUUCGUUAAUAACCCACAGGCGCCCUGGCAACUCGACCAGAUGGCGGGCCGGGGAACCUAGUGCUCACCUGGUGAGGUCGAUCGAGCCCUAUGUCUAUUGUAUACCGGAGGGCACCUAACGGUUUUUCAUUCACUCUAGCCGUCACAGCCUGCGCCAUAAUUAUCGCUAGGAUACGUACUAAAGAGGGAGCUCGCCUAGUUCUUAUAAUAUAGGGGAUAGGUAAGACAAGCCUG
37	0.44800809025764465	0.447761207818985	1	12	6	6	6	6	780	400	AACUUAUGUUACUCGCCGUUUUCAAUGACUUCCCGACAAGGUCCAUUAUUAGGCGUCCACGCAAAAGUAUUCCUAACGCGAGGCGAGCCUUCGAAUCAACCGAGAUUUAUUGCCUAGUAAAUUCGGGUCUUAUUUACAAUAGAUCAAAUGAUAAUACCCAUUGUGAUUCUCGGGGUUCCAAACCAAUUUGAUAUCUACUGACGUGAUCACCACAUGGCCCGACGUCAGACCACGGGACACUGUGUGGUUUUUUCUGCGUACACUUAAUGUAUCCAGGCCCUCUUACCACCCCCCGAUUAACCCUUAACCCAGCGUCUAAAUCCCACACGGGAGGGGUGCCGCUCUUGCAGAGACAUGCUACCCUAGAGUUCGCCUACGAUUCCUCCACCACACGGGCCUA
37	0.4956074357032776	0.49504950642585754	2	12	6	6	6	6	780	400	AACUUAUGUUACUCGCCGUUUUCAAUGACUUCCCGACAAGGUCCAUUAUUAGGCGUCCACGCAAAAGUAUUCCUAACGCGAGGCGAGCCUUCGAAUCAACCGAGAUUUAUUGCCUAGUAAAUUCGGGUCUUAUUUACAAUAGAUCAAAUGAUAAUACCCAUUGUGAUUCUCGGGGUUCCAAACCAAUUUGAUAUCUACUGACGUGAUCACCACAUGGCCCGACGUCAGACCACGGGACACUGUGUGGUUUUUUCUGCGUACACUUAAUGUAUCCAGGCCCUCUUACCACCCCCCGAUUAACCCUUAACCCAGCGUCUAAAUCCCACACGGGAGGGGUGCCGCUCUUGCAGAGACAUGCUACCCUAGAGUUCGCCUACGAUUCCUCCACCACACGGGCCUA
37	0.7603989839553833	0.7586207389831543	3	12	6	6	6	6	780	400	AACUUAUGUUACUCGCCGUUUUCAAUGACUUCCCGACAAGGUCCAUUAUUAGGCGUCCACGCAAAAGUAUUCCUAACGCGAGGCGAGCCUUCGAAUCAACCGAGAUUUAUUGCCUAGUAAAUUCGGGUCUUAUUUACAAUAGAUCAAAUGAUAAUACCCAUUGUGAUUCUCGGGGUUCCAAACCAAUUUGAUAUCUACUGACGUGAUCACCACAUGGCCCGACGUCAGACCACGGGACACUGUGUGGUUUUUUCUGCGUACACUUAAUGUAUCCAGGCCCUCUUACCACCCCCCGAUUAACCCUUAACCCAGCGUCUAAAUCCCACACGGGAGGGGUGCCGCUCUUGCAGAGACAUGCUACCCUAGAGUUCGCCUACGAUUCCUCCACCACACGGGCCUA
37	0.7603989839553833	0.7586207389831543	4	12	6	6	6	6	780	400	AACUUAUGUUACUCGCCGUUUUCAAUGACUUCCCGACAAGGUCCAUUAUUAGGCGUCCACGCAAAAGUAUUCCUAACGCGAGGCGAGCCUUCGAAUCAACCGAGAUUUAUUGCCUAGUAAAUUCGGGUCUUAUUUACAAUAGAUCAAAUGAUAAUACCCAUUGUGAUUCUCGGGGUUCCAAACCAAUUUGAUAUCUACUGACGUGAUCACCACAUGGCCCGACGUCAGACCACGGGACACUGUGUGGUUUUUUCUGCGUACACUUAAUGUAUCCAGGCCCUCUUACCACCCCCCGAUUAACCCUUAACCCAGCGUCUAAAUCCCACACGGGAGGGGUGCCGCUCUUGCAGAGACAUGCUACCCUAGAGUUCGCCUACGAUUCCUCCACCACACGGGCCUA
37	0.6206459403038025	0.6200000047683716	5	12	6	6	6	6	780	400	AACUUAUGUUACUCGCCGUUUUCAAUGACUUCCCGACAAGGUCCAUUAUUAGGCGUCCACGCAAAAGUAUUCCUAACGCGAGGCGAGCCUUCGAAUCAACCGAGAUUUAUUGCCUAGUAAAUUCGGGUCUUAUUUACAAUAGAUCAAAUGAUAAUACCCAUUGUGAUUCUCGGGGUUCCAAACCAAUUUGAUAUCUACUGACGUGAUCACCACAUGGCCCGACGUCAGACCACGGGACACUGUGUGGUUUUUUCUGCGUACACUUAAUGUAUCCAGGCCCUCUUACCACCCCCCGAUUAACCCUUAACCCAGCGUCUAAAUCCCACACGGGAGGGGUGCCGCUCUUGCAGAGACAUGCUACCCUAGAGUUCGCCUACGAUUCCUCCACCACACGGGCCUA
37	0.7610746026039124	0.7600000500679016	6	12	6	6	6	6	780	400	AACUUAUGUUACUCGCCGUUUUCAAUGACUUCCCGACAAGGUCCAUUAUUAGGCGUCCACGCAAAAGUAUUCCUAACGCGAGGCGAGCCUUCGAAUCAACCGAGAUUUAUUGCCUAGUAAAUUCGGGUCUUAUUUACAAUAGAUCAAAUGAUAAUACCCAUUGUGAUUCUCGGGGUUCCAAACCAAUUUGAUAUCUACUGACGUGAUCACCACAUGGCCCGACGUCAGACCACGGGACACUGUGUGGUUUUUUCUGCGUACACUUAAUGUAUCCAGGCCCUCUUACCACCCCCCGAUUAACCCUUAACCCAGCGUCUAAAUCCCACACGGGAGGGGUGCCGCUCUUGCAGAGACAUGCUACCCUAGAGUUCGCCUACGAUUCCUCCACCACACGGGCCUA
37	0.7797215580940247	0.7794871926307678	7	12	6	6	6	6	780	400	AACUUAUGUUACUCGCCGUUUUCAAUGACUUCCCGACAAGGUCCAUUAUUAGGCGUCCACGCAAAAGUAUUCCUAACGCGAGGCGAGCCUUCGAAUCAACCGAGAUUUAUUGCCUAGUAAAUUCGGGUCUUAUUUACAAUAGAUCAAAUGAUAAUACCCAUUGUGAUUCUCGGGGUUCCAAACCAAUUUGAUAUCUACUGACGUGAUCACCACAUGGCCCGACGUCAGACCACGGGACACUGUGUGGUUUUUUCUGCGUACACUUAAUGUAUCCAGGCCCUCUUACCACCCCCCGAUUAACCCUUAACCCAGCGUCUAAAUCCCACACGGGAGGGGUGCCGCUCUUGCAGAGACAUGCUACCCUAGAGUUCGCCUACGAUUCCUCCACCACACGGGCCUA
37	0.7452073693275452	0.7448980212211609	8	12	6	6	6	6	780	400	AACUUAUGUUACUCGCCGUUUUCAAUGACUUCCCGACAAGGUCCAUUAUUAGGCGUCCACGCAAAAGUAUUCCUAACGCGAGGCGAGCCUUCGAAUCAACCGAGAUUUAUUGCCUAGUAAAUUCGGGUCUUAUUUACAAUAGAUCAAAUGAUAAUACCCAUUGUGAUUCUCGGGGUUCCAAACCAAUUUGAUAUCUACUGACGUGAUCACCACAUGGCCCGACGUCAGACCACGGGACACUGUGUGGUUUUUUCUGCGUACACUUAAUGUAUCCAGGCCCUCUUACCACCCCCCGAUUAACCCUUAACCCAGCGUCUAAAUCCCACACGGGAGGGGUGCCGCUCUUGCAGAGACAUGCUACCCUAGAGUUCGCCUACGAUUCCUCCACCACACGGGCCUA
37	0.7758828401565552	0.7755102515220642	9	12	6	6	6	6	780	400	AACUUAUGUUACUCGCCGUUUUCAAUGACUUCCCGACAAGGUCCAUUAUUAGGCGUCCACGCAAAAGUAUUCCUAACGCGAGGCGAGCCUUCGAAUCAACCGAGAUUUAUUGCCUAGUAAAUUCGGGUCUUAUUUACAAUAGAUCAAAUGAUAAUACCCAUUGUGAUUCUCGGGGUUCCAAACCAAUUUGAUAUCUACUGACGUGAUCACCACAUGGCCCGACGUCAGACCACGGGACACUGUGUGGUUUUUUCUGCGUACACUUAAUGUAUCCAGGCCCUCUUACCACCCCCCGAUUAACCCUUAACCCAGCGUCUAAAUCCCACACGGGAGGGGUGCCGCUCUUGCAGAGACAUGCUACCCUAGAGUUCGCCUACGAUUCCUCCACCACACGGGCCUA
37	0.8074212670326233	0.8059701323509216	9	12	6	6	6	6	780	400	AACUUAUGUUACUCGCCGUUUUCAAUGACUUCCCGACAAGGUCCAUUAUUAGGCGUCCACGCAAAAGUAUUCCUAACGCGAGGCGAGCCUUCGAAUCAACCGAGAUUUAUUGCCUAGUAAAUUCGGGUCUUAUUUACAAUAGAUCAAAUGAUAAUACCCAUUGUGAUUCUCGGGGUUCCAAACCAAUUUGAUAUCUACUGACGUGAUCACCACAUGGCCCGACGUCAGACCACGGGACACUGUGUGGUUUUUUCUGCGUACACUUAAUGUAUCCAGGCCCUCUUACCACCCCCCGAUUAACCCUUAACCCAGCGUCUAAAUCCCACACGGGAGGGGUGCCGCUCUUGCAGAGACAUGCUACCCUAGAGUUCGCCUACGAUUCCUCCACCACACGGGCCUA
37	0.8535037040710449	0.8527919054031372	9	12	6	6	6	6	780	400	AACUUAUGUUACUCGCCGUUUUCAAUGACUUCCCGACAAGGUCCAUUAUUAGGCGUCCACGCAAAAGUAUUCCUAACGCGAGGCGAGCCUUCGAAUCAACCGAGAUUUAUUGCCUAGUAAAUUCGGGUCUUAUUUACAAUAGAUCAAAUGAUAAUACCCAUUGUGAUUCUCGGGGUUCCAAACCAAUUUGAUAUCUACUGACGUGAUCACCACAUGGCCCGACGUCAGACCACGGGACACUGUGUGGUUUUUUCUGCGUACACUUAAUGUAUCCAGGCCCUCUUACCACCCCCCGAUUAACCCUUAACCCAGCGUCUAAAUCCCACACGGGAGGGGUGCCGCUCUUGCAGAGACAUGCUACCCUAGAGUUCGCCUACGAUUCCUCCACCACACGGGCCUA
37	0.7309827208518982	0.7299999594688416	9	12	6	6	6	6	780	400	AACUUAUGUUACUCGCCGUUUUCAAUGACUUCCCGACAAGGUCCAUUAUUAGGCGUCCACGCAAAAGUAUUCCUAACGCGAGGCGAGCCUUCGAAUCAACCGAGAUUUAUUGCCUAGUAAAUUCGGGUCUUAUUUACAAUAGAUCAAAUGAUAAUACCCAUUGUGAUUCUCGGGGUUCCAAACCAAUUUGAUAUCUACUGACGUGAUCACCACAUGGCCCGACGUCAGACCACGGGACACUGUGUGGUUUUUUCUGCGUACACUUAAUGUAUCCAGGCCCUCUUACCACCCCCCGAUUAACCCUUAACCCAGCGUCUAAAUCCCACACGGGAGGGGUGCCGCUCUUGCAGAGACAUGCUACCCUAGAGUUCGCCUACGAUUCCUCCACCACACGGGCCUA
37	0.7797215580940247	0.7794871926307678	9	12	6	6	6	6	780	400	AACUUAUGUUACUCGCCGUUUUCAAUGACUUCCCGACAAGGUCCAUUAUUAGGCGUCCACGCAAAAGUAUUCCUAACGCGAGGCGAGCCUUCGAAUCAACCGAGAUUUAUUGCCUAGUAAAUUCGGGUCUUAUUUACAAUAGAUCAAAUGAUAAUACCCAUUGUGAUUCUCGGGGUUCCAAACCAAUUUGAUAUCUACUGACGUGAUCACCACAUGGCCCGACGUCAGACCACGGGACACUGUGUGGUUUUUUCUGCGUACACUUAAUGUAUCCAGGCCCUCUUACCACCCCCCGAUUAACCCUUAACCCAGCGUCUAAAUCCCACACGGGAGGGGUGCCGCUCUUGCAGAGACAUGCUACCCUAGAGUUCGCCUACGAUUCCUCCACCACACGGGCCUA
37	0.7488948106765747	0.7487179636955261	9	12	6	6	6	6	780	400	AACUUAUGUUACUCGCCGUUUUCAAUGACUUCCCGACAAGGUCCAUUAUUAGGCGUCCACGCAAAAGUAUUCCUAACGCGAGGCGAGCCUUCGAAUCAACCGAGAUUUAUUGCCUAGUAAAUUCGGGUCUUAUUUACAAUAGAUCAAAUGAUAAUACCCAUUGUGAUUCUCGGGGUUCCAAACCAAUUUGAUAUCUACUGACGUGAUCACCACAUGGCCCGACGUCAGACCACGGGACACUGUGUGGUUUUUUCUGCGUACACUUAAUGUAUCCAGGCCCUCUUACCACCCCCCGAUUAACCCUUAACCCAGCGUCUAAAUCCCACACGGGAGGGGUGCCGCUCUUGCAGAGACAUGCUACCCUAGAGUUCGCCUACGAUUCCUCCACCACACGGGCCUA
37	0.8576840162277222	0.8571428656578064	9	12	6	6	6	6	780	400	AACUUAUGUUACUCGCCGUUUUCAAUGACUUCCCGACAAGGUCCAUUAUUAGGCGUCCACGCAAAAGUAUUCCUAACGCGAGGCGAGCCUUCGAAUCAACCGAGAUUUAUUGCCUAGUAAAUUCGGGUCUUAUUUACAAUAGAUCAAAUGAUAAUACCCAUUGUGAUUCUCGGGGUUCCAAACCAAUUUGAUAUCUACUGACGUGAUCACCACAUGGCCCGACGUCAGACCACGGGACACUGUGUGGUUUUUUCUGCGUACACUUAAUGUAUCCAGGCCCUCUUACCACCCCCCGAUUAACCCUUAACCCAGCGUCUAAAUCCCACACGGGAGGGGUGCCGCUCUUGCAGAGACAUGCUACCCUAGAGUUCGCCUACGAUUCCUCCACCACACGGGCCUA
37	0.7797215580940247	0.7794871926307678	9	12	6	6	6	6	780	400	AACUUAUGUUACUCGCCGUUUUCAAUGACUUCCCGACAAGGUCCAUUAUUAGGCGUCCACGCAAAAGUAUUCCUAACGCGAGGCGAGCCUUCGAAUCAACCGAGAUUUAUUGCCUAGUAAAUUCGGGUCUUAUUUACAAUAGAUCAAAUGAUAAUACCCAUUGUGAUUCUCGGGGUUCCAAACCAAUUUGAUAUCUACUGACGUGAUCACCACAUGGCCCGACGUCAGACCACGGGACACUGUGUGGUUUUUUCUGCGUACACUUAAUGUAUCCAGGCCCUCUUACCACCCCCCGAUUAACCCUUAACCCAGCGUCUAAAUCCCACACGGGAGGGGUGCCGCUCUUGCAGAGACAUGCUACCCUAGAGUUCGCCUACGAUUCCUCCACCACACGGGCCUA
37	0.7811358571052551	0.7800000309944153	9	12	6	6	6	6	780	400	AACUUAUGUUACUCGCCGUUUUCAAUGACUUCCCGACAAGGUCCAUUAUUAGGCGUCCACGCAAAAGUAUUCCUAACGCGAGGCGAGCCUUCGAAUCAACCGAGAUUUAUUGCCUAGUAAAUUCGGGUCUUAUUUACAAUAGAUCAAAUGAUAAUACCCAUUGUGAUUCUCGGGGUUCCAAACCAAUUUGAUAUCUACUGACGUGAUCACCACAUGGCCCGACGUCAGACCACGGGACACUGUGUGGUUUUUUCUGCGUACACUUAAUGUAUCCAGGCCCUCUUACCACCCCCCGAUUAACCCUUAACCCAGCGUCUAAAUCCCACACGGGAGGGGUGCCGCUCUUGCAGAGACAUGCUACCCUAGAGUUCGCCUACGAUUCCUCCACCACACGGGCCUA
37	0.7275516986846924	0.7263681888580322	9	12	6	6	6	6	780	400	AACUUAUGUUACUCGCCGUUUUCAAUGACUUCCCGACAAGGUCCAUUAUUAGGCGUCCACGCAAAAGUAUUCCUAACGCGAGGCGAGCCUUCGAAUCAACCGAGAUUUAUUGCCUAGUAAAUUCGGGUCUUAUUUACAAUAGAUCAAAUGAUAAUACCCAUUGUGAUUCUCGGGGUUCCAAACCAAUUUGAUAUCUACUGACGUGAUCACCACAUGGCCCGACGUCAGACCACGGGACACUGUGUGGUUUUUUCUGCGUACACUUAAUGUAUCCAGGCCCUCUUACCACCCCCCGAUUAACCCUUAACCCAGCGUCUAAAUCCCACACGGGAGGGGUGCCGCUCUUGCAGAGACAUGCUACCCUAGAGUUCGCCUACGAUUCCUCCACCACACGGGCCUA
37	0.7313982248306274	0.7309645414352417	9	12	6	6	6	6	780	400	AACUUAUGUUACUCGCCGUUUUCAAUGACUUCCCGACAAGGUCCAUUAUUAGGCGUCCACGCAAAAGUAUUCCUAACGCGAGGCGAGCCUUCGAAUCAACCGAGAUUUAUUGCCUAGUAAAUUCGGGUCUUAUUUACAAUAGAUCAAAUGAUAAUACCCAUUGUGAUUCUCGGGGUUCCAAACCAAUUUGAUAUCUACUGACGUGAUCACCACAUGGCCCGACGUCAGACCACGGGACACUGUGUGGUUUUUUCUGCGUACACUUAAUGUAUCCAGGCCCUCUUACCACCCCCCGAUUAACCCUUAACCCAGCGUCUAAAUCCCACACGGGAGGGGUGCCGCUCUUGCAGAGACAUGCUACCCUAGAGUUCGCCUACGAUUCCUCCACCACACGGGCCUA
37	0.772100031375885	0.7715736031532288	9	12	6	6	6	6	780	400	AACUUAUGUUACUCGCCGUUUUCAAUGACUUCCCGACAAGGUCCAUUAUUAGGCGUCCACGCAAAAGUAUUCCUAACGCGAGGCGAGCCUUCGAAUCAACCGAGAUUUAUUGCCUAGUAAAUUCGGGUCUUAUUUACAAUAGAUCAAAUGAUAAUACCCAUUGUGAUUCUCGGGGUUCCAAACCAAUUUGAUAUCUACUGACGUGAUCACCACAUGGCCCGACGUCAGACCACGGGACACUGUGUGGUUUUUUCUGCGUACACUUAAUGUAUCCAGGCCCUCUUACCACCCCCCGAUUAACCCUUAACCCAGCGUCUAAAUCCCACACGGGAGGGGUGCCGCUCUUGCAGAGACAUGCUACCCUAGAGUUCGCCUACGAUUCCUCCACCACACGGGCCUA
37	0.7797215580940247	0.7794871926307678	9	12	6	6	6	6	780	400	AACUUAUGUUACUCGCCGUUUUCAAUGACUUCCCGACAAGGUCCAUUAUUAGGCGUCCACGCAAAAGUAUUCCUAACGCGAGGCGAGCCUUCGAAUCAACCGAGAUUUAUUGCCUAGUAAAUUCGGGUCUUAUUUACAAUAGAUCAAAUGAUAAUACCCAUUGUGAUUCUCGGGGUUCCAAACCAAUUUGAUAUCUACUGACGUGAUCACCACAUGGCCCGACGUCAGACCACGGGACACUGUGUGGUUUUUUCUGCGUACACUUAAUGUAUCCAGGCCCUCUUACCACCCCCCGAUUAACCCUUAACCCAGCGUCUAAAUCCCACACGGGAGGGGUGCCGCUCUUGCAGAGACAUGCUACCCUAGAGUUCGCCUACGAUUCCUCCACCACACGGGCCUA
37	0.7575027942657471	0.7562189102172852	9	12	6	6	6	6	780	400	AACUUAUGUUACUCGCCGUUUUCAAUGACUUCCCGACAAGGUCCAUUAUUAGGCGUCCACGCAAAAGUAUUCCUAACGCGAGGCGAGCCUUCGAAUCAACCGAGAUUUAUUGCCUAGUAAAUUCGGGUCUUAUUUACAAUAGAUCAAAUGAUAAUACCCAUUGUGAUUCUCGGGGUUCCAAACCAAUUUGAUAUCUACUGACGUGAUCACCACAUGGCCCGACGUCAGACCACGGGACACUGUGUGGUUUUUUCUGCGUACACUUAAUGUAUCCAGGCCCUCUUACCACCCCCCGAUUAACCCUUAACCCAGCGUCUAAAUCCCACACGGGAGGGGUGCCGCUCUUGCAGAGACAUGCUACCCUAGAGUUCGCCUACGAUUCCUCCACCACACGGGCCUA
37	0.7758828401565552	0.7755102515220642	9	12	6	6	6	6	780	400	AACUUAUGUUACUCGCCGUUUUCAAUGACUUCCCGACAAGGUCCAUUAUUAGGCGUCCACGCAAAAGUAUUCCUAACGCGAGGCGAGCCUUCGAAUCAACCGAGAUUUAUUGCCUAGUAAAUUCGGGUCUUAUUUACAAUAGAUCAAAUGAUAAUACCCAUUGUGAUUCUCGGGGUUCCAAACCAAUUUGAUAUCUACUGACGUGAUCACCACAUGGCCCGACGUCAGACCACGGGACACUGUGUGGUUUUUUCUGCGUACACUUAAUGUAUCCAGGCCCUCUUACCACCCCCCGAUUAACCCUUAACCCAGCGUCUAAAUCCCACACGGGAGGGGUGCCGCUCUUGCAGAGACAUGCUACCCUAGAGUUCGCCUACGAUUCCUCCACCACACGGGCCUA
37	0.7797215580940247	0.7794871926307678	9	12	6	6	6	6	780	400	AACUUAUGUUACUCGCCGUUUUCAAUGACUUCCCGACAAGGUCCAUUAUUAGGCGUCCACGCAAAAGUAUUCCUAACGCGAGGCGAGCCUUCGAAUCAACCGAGAUUUAUUGCCUAGUAAAUUCGGGUCUUAUUUACAAUAGAUCAAAUGAUAAUACCCAUUGUGAUUCUCGGGGUUCCAAACCAAUUUGAUAUCUACUGACGUGAUCACCACAUGGCCCGACGUCAGACCACGGGACACUGUGUGGUUUUUUCUGCGUACACUUAAUGUAUCCAGGCCCUCUUACCACCCCCCGAUUAACCCUUAACCCAGCGUCUAAAUCCCACACGGGAGGGGUGCCGCUCUUGCAGAGACAUGCUACCCUAGAGUUCGCCUACGAUUCCUCCACCACACGGGCCUA
37	0.7797215580940247	0.7794871926307678	9	12	6	6	6	6	780	400	AACUUAUGUUACUCGCCGUUUUCAAUGACUUCCCGACAAGGUCCAUUAUUAGGCGUCCACGCAAAAGUAUUCCUAACGCGAGGCGAGCCUUCGAAUCAACCGAGAUUUAUUGCCUAGUAAAUUCGGGUCUUAUUUACAAUAGAUCAAAUGAUAAUACCCAUUGUGAUUCUCGGGGUUCCAAACCAAUUUGAUAUCUACUGACGUGAUCACCACAUGGCCCGACGUCAGACCACGGGACACUGUGUGGUUUUUUCUGCGUACACUUAAUGUAUCCAGGCCCUCUUACCACCCCCCGAUUAACCCUUAACCCAGCGUCUAAAUCCCACACGGGAGGGGUGCCGCUCUUGCAGAGACAUGCUACCCUAGAGUUCGCCUACGAUUCCUCCACCACACGGGCCUA
37	0.7275516986846924	0.7263681888580322	9	12	6	6	6	6	780	400	AACUUAUGUUACUCGCCGUUUUCAAUGACUUCCCGACAAGGUCCAUUAUUAGGCGUCCACGCAAAAGUAUUCCUAACGCGAGGCGAGCCUUCGAAUCAACCGAGAUUUAUUGCCUAGUAAAUUCGGGUCUUAUUUACAAUAGAUCAAAUGAUAAUACCCAUUGUGAUUCUCGGGGUUCCAAACCAAUUUGAUAUCUACUGACGUGAUCACCACAUGGCCCGACGUCAGACCACGGGACACUGUGUGGUUUUUUCUGCGUACACUUAAUGUAUCCAGGCCCUCUUACCACCCCCCGAUUAACCCUUAACCCAGCGUCUAAAUCCCACACGGGAGGGGUGCCGCUCUUGCAGAGACAUGCUACCCUAGAGUUCGCCUACGAUUCCUCCACCACACGGGCCUA
37	0.7575027942657471	0.7562189102172852	9	12	6	6	6	6	780	400	AACUUAUGUUACUCGCCGUUUUCAAUGACUUCCCGACAAGGUCCAUUAUUAGGCGUCCACGCAAAAGUAUUCCUAACGCGAGGCGAGCCUUCGAAUCAACCGAGAUUUAUUGCCUAGUAAAUUCGGGUCUUAUUUACAAUAGAUCAAAUGAUAAUACCCAUUGUGAUUCUCGGGGUUCCAAACCAAUUUGAUAUCUACUGACGUGAUCACCACAUGGCCCGACGUCAGACCACGGGACACUGUGUGGUUUUUUCUGCGUACACUUAAUGUAUCCAGGCCCUCUUACCACCCCCCGAUUAACCCUUAACCCAGCGUCUAAAUCCCACACGGGAGGGGUGCCGCUCUUGCAGAGACAUGCUACCCUAGAGUUCGCCUACGAUUCCUCCACCACACGGGCCUA
37	0.7275516986846924	0.7263681888580322	9	12	6	6	6	6	780	400	AACUUAUGUUACUCGCCGUUUUCAAUGACUUCCCGACAAGGUCCAUUAUUAGGCGUCCACGCAAAAGUAUUCCUAACGCGAGGCGAGCCUUCGAAUCAACCGAGAUUUAUUGCCUAGUAAAUUCGGGUCUUAUUUACAAUAGAUCAAAUGAUAAUACCCAUUGUGAUUCUCGGGGUUCCAAACCAAUUUGAUAUCUACUGACGUGAUCACCACAUGGCCCGACGUCAGACCACGGGACACUGUGUGGUUUUUUCUGCGUACACUUAAUGUAUCCAGGCCCUCUUACCACCCCCCGAUUAACCCUUAACCCAGCGUCUAAAUCCCACACGGGAGGGGUGCCGCUCUUGCAGAGACAUGCUACCCUAGAGUUCGCCUACGAUUCCUCCACCACACGGGCCUA
37	0.7758828401565552	0.7755102515220642	9	12	6	6	6	6	780	400	AACUUAUGUUACUCGCCGUUUUCAAUGACUUCCCGACAAGGUCCAUUAUUAGGCGUCCACGCAAAAGUAUUCCUAACGCGAGGCGAGCCUUCGAAUCAACCGAGAUUUAUUGCCUAGUAAAUUCGGGUCUUAUUUACAAUAGAUCAAAUGAUAAUACCCAUUGUGAUUCUCGGGGUUCCAAACCAAUUUGAUAUCUACUGACGUGAUCACCACAUGGCCCGACGUCAGACCACGGGACACUGUGUGGUUUUUUCUGCGUACACUUAAUGUAUCCAGGCCCUCUUACCACCCCCCGAUUAACCCUUAACCCAGCGUCUAAAUCCCACACGGGAGGGGUGCCGCUCUUGCAGAGACAUGCUACCCUAGAGUUCGCCUACGAUUCCUCCACCACACGGGCCUA
38	0.8538508415222168	0.8537549376487732	1	12	6	6	6	6	780	400	CCGGUAAUUUUCAUUUAGAGAUAUCGGGAGAUCCCUGGCGUGGCACUUACGCGUAUUCUUAUAAACACCUAGUGCCUGGCGUAUACCCGCCCCGCUUUAACAUAGGCCCUUACCACCUGUGAGCACGGUACACGUCGGCUAAACAAAUCUCAAUUAGUGUGUAGGUUUACGAAAGUUCGGAAUGGGGGGUUUGCCGCUUACCUGGUCCUCAUUUUCGUCUCAAAUAGAUGUGGGCUGUGGCUGGUUGCCUUACCCUAGGUUAAUUCACGUUUAUCGCGGCACAGGACUGGCUACAGUCAAGGAUCUGCAAAGCUAUGUAAGGCGGCCUCAGUCACUAUAAGUAAAUGGGAGCCGGUCCUAAGAGCUGCUAACUCCUGAAUCUGAGUAAUAGUGUAGAUGA
38	0.9187939763069153	0.9189189076423645	2	12	6	6	6	6	780	400	CCGGUAAUUUUCAUUUAGAGAUAUCGGGAGAUCCCUGGCGUGGCACUUACGCGUAUUCUUAUAAACACCUAGUGCCUGGCGUAUACCCGCCCCGCUUUAACAUAGGCCCUUACCACCUGUGAGCACGGUACACGUCGGCUAAACAAAUCUCAAUUAGUGUGUAGGUUUACGAAAGUUCGGAAUGGGGGGUUUGCCGCUUACCUGGUCCUCAUUUUCGUCUCAAAUAGAUGUGGGCUGUGGCUGGUUGCCUUACCCUAGGUUAAUUCACGUUUAUCGCGGCACAGGACUGGCUACAGUCAAGGAUCUGCAAAGCUAUGUAAGGCGGCCUCAGUCACUAUAAGUAAAUGGGAGCCGGUCCUAAGAGCUGCUAACUCCUGAAUCUGAGUAAUAGUGUAGAUGA
38	0.914618194103241	0.9147287011146545	3	12	6	6	6	6	780	400	CCGGUAAUUUUCAUUUAGAGAUAUCGGGAGAUCCCUGGCGUGGCACUUACGCGUAUUCUUAUAAACACCUAGUGCCUGGCGUAUACCCGCCCCGCUUUAACAUAGGCCCUUACCACCUGUGAGCACGGUACACGUCGGCUAAACAAAUCUCAAUUAGUGUGUAGGUUUACGAAAGUUCGGAAUGGGGGGUUUGCCGCUUACCUGGUCCUCAUUUUCGUCUCAAAUAGAUGUGGGCUGUGGCUGGUUGCCUUACCCUAGGUUAAUUCACGUUUAUCGCGGCACAGGACUGGCUACAGUCAAGGAUCUGCAAAGCUAUGUAAGGCGGCCUCAGUCACUAUAAGUAAAUGGGAGCCGGUCCUAAGAGCUGCUAACUCCUGAAUCUGAGUAAUAGUGUAGAUGA
38	0.9534417986869812	0.9534883499145508	4	12	6	6	6	6	780	400	CCGGUAAUUUUCAUUUAGAGAUAUCGGGAGAUCCCUGGCGUGGCACUUACGCGUAUUCUUAUAAACACCUAGUGCCUGGCGUAUACCCGCCCCGCUUUAACAUAGGCCCUUACCACCUGUGAGCACGGUACACGUCGGCUAAACAAAUCUCAAUUAGUGUGUAGGUUUACGAAAGUUCGGAAUGGGGGGUUUGCCGCUUACCUGGUCCUCAUUUUCGUCUCAAAUAGAUGUGGGCUGUGGCUGGUUGCCUUACCCUAGGUUAAUUCACGUUUAUCGCGGCACAGGACUGGCUACAGUCAAGGAUCUGCAAAGCUAUGUAAGGCGGCCUCAGUCACUAUAAGUAAAUGGGAGCCGGUCCUAAGAGCUGCUAACUCCUGAAUCUGAGUAAUAGUGUAGAUGA
38	0.8636525869369507	0.8638132214546204	5	12	6	6	6	6	780	400	CCGGUAAUUUUCAUUUAGAGAUAUCGGGAGAUCCCUGGCGUGGCACUUACGCGUAUUCUUAUAAACACCUAGUGCCUGGCGUAUACCCGCCCCGCUUUAACAUAGGCCCUUACCACCUGUGAGCACGGUACACGUCGGCUAAACAAAUCUCAAUUAGUGUGUAGGUUUACGAAAGUUCGGAAUGGGGGGUUUGCCGCUUACCUGGUCCUCAUUUUCGUCUCAAAUAGAUGUGGGCUGUGGCUGGUUGCCUUACCCUAGGUUAAUUCACGUUUAUCGCGGCACAGGACUGGCUACAGUCAAGGAUCUGCAAAGCUAUGUAAGGCGGCCUCAGUCACUAUAAGUAAAUGGGAGCCGGUCCUAAGAGCUGCUAACUCCUGAAUCUGAGUAAUAGUGUAGAUGA
38	0.8503934144973755	0.8503937125205994	6	12	6	6	6	6	780	400	CCGGUAAUUUUCAUUUAGAGAUAUCGGGAGAUCCCUGGCGUGGCACUUACGCGUAUUCUUAUAAACACCUAGUGCCUGGCGUAUACCCGCCCCGCUUUAACAUAGGCCCUUACCACCUGUGAGCACGGUACACGUCGGCUAAACAAAUCUCAAUUAGUGUGUAGGUUUACGAAAGUUCGGAAUGGGGGGUUUGCCGCUUACCUGGUCCUCAUUUUCGUCUCAAAUAGAUGUGGGCUGUGGCUGGUUGCCUUACCCUAGGUUAAUUCACGUUUAUCGCGGCACAGGACUGGCUACAGUCAAGGAUCUGCAAAGCUAUGUAAGGCGGCCUCAGUCACUAUAAGUAAAUGGGAGCCGGUCCUAAGAGCUGCUAACUCCUGAAUCUGAGUAAUAGUGUAGAUGA
38	0.9056652784347534	0.9056603908538818	7	12	6	6	6	6	780	400	CCGGUAAUUUUCAUUUAGAGAUAUCGGGAGAUCCCUGGCGUGGCACUUACGCGUAUUCUUAUAAACACCUAGUGCCUGGCGUAUACCCGCCCCGCUUUAACAUAGGCCCUUACCACCUGUGAGCACGGUACACGUCGGCUAAACAAAUCUCAAUUAGUGUGUAGGUUUACGAAAGUUCGGAAUGGGGGGUUUGCCGCUUACCUGGUCCUCAUUUUCGUCUCAAAUAGAUGUGGGCUGUGGCUGGUUGCCUUACCCUAGGUUAAUUCACGUUUAUCGCGGCACAGGACUGGCUACAGUCAAGGAUCUGCAAAGCUAUGUAAGGCGGCCUCAGUCACUAUAAGUAAAUGGGAGCCGGUCCUAAGAGCUGCUAACUCCUGAAUCUGAGUAAUAGUGUAGAUGA
38	0.8963888883590698	0.896551787853241	8	12	6	6	6	6	780	400	CCGGUAAUUUUCAUUUAGAGAUAUCGGGAGAUCCCUGGCGUGGCACUUACGCGUAUUCUUAUAAACACCUAGUGCCUGGCGUAUACCCGCCCCGCUUUAACAUAGGCCCUUACCACCUGUGAGCACGGUACACGUCGGCUAAACAAAUCUCAAUUAGUGUGUAGGUUUACGAAAGUUCGGAAUGGGGGGUUUGCCGCUUACCUGGUCCUCAUUUUCGUCUCAAAUAGAUGUGGGCUGUGGCUGGUUGCCUUACCCUAGGUUAAUUCACGUUUAUCGCGGCACAGGACUGGCUACAGUCAAGGAUCUGCAAAGCUAUGUAAGGCGGCCUCAGUCACUAUAAGUAAAUGGGAGCCGGUCCUAAGAGCUGCUAACUCCUGAAUCUGAGUAAUAGUGUAGAUGA
38	0.9110593795776367	0.9111968874931335	9	12	6	6	6	6	780	400	CCGGUAAUUUUCAUUUAGAGAUAUCGGGAGAUCCCUGGCGUGGCACUUACGCGUAUUCUUAUAAACACCUAGUGCCUGGCGUAUACCCGCCCCGCUUUAACAUAGGCCCUUACCACCUGUGAGCACGGUACACGUCGGCUAAACAAAUCUCAAUUAGUGUGUAGGUUUACGAAAGUUCGGAAUGGGGGGUUUGCCGCUUACCUGGUCCUCAUUUUCGUCUCAAAUAGAUGUGGGCUGUGGCUGGUUGCCUUACCCUAGGUUAAUUCACGUUUAUCGCGGCACAGGACUGGCUACAGUCAAGGAUCUGCAAAGCUAUGUAAGGCGGCCUCAGUCACUAUAAGUAAAUGGGAGCCGGUCCUAAGAGCUGCUAACUCCUGAAUCUGAGUAAUAGUGUAGAUGA
38	0.8656870722770691	0.8659003973007202	10	12	6	6	6	6	780	400	CCGGUAAUUUUCAUUUAGAGAUAUCGGGAGAUCCCUGGCGUGGCACUUACGCGUAUUCUUAUAAACACCUAGUGCCUGGCGUAUACCCGCCCCGCUUUAACAUAGGCCCUUACCACCUGUGAGCACGGUACACGUCGGCUAAACAAAUCUCAAUUAGUGUGUAGGUUUACGAAAGUUCGGAAUGGGGGGUUUGCCGCUUACCUGGUCCUCAUUUUCGUCUCAAAUAGAUGUGGGCUGUGGCUGGUUGCCUUACCCUAGGUUAAUUCACGUUUAUCGCGGCACAGGACUGGCUACAGUCAAGGAUCUGCAAAGCUAUGUAAGGCGGCCUCAGUCACUAUAAGUAAAUGGGAGCCGGUCCUAAGAGCUGCUAACUCCUGAAUCUGAGUAAUAGUGUAGAUGA
38	0.8646516799926758	0.8648648858070374	11	12	6	6	6	6	780	400	CCGGUAAUUUUCAUUUAGAGAUAUCGGGAGAUCCCUGGCGUGGCACUUACGCGUAUUCUUAUAAACACCUAGUGCCUGGCGUAUACCCGCCCCGCUUUAACAUAGGCCCUUACCACCUGUGAGCACGGUACACGUCGGCUAAACAAAUCUCAAUUAGUGUGUAGGUUUACGAAAGUUCGGAAUGGGGGGUUUGCCGCUUACCUGGUCCUCAUUUUCGUCUCAAAUAGAUGUGGGCUGUGGCUGGUUGCCUUACCCUAGGUUAAUUCACGUUUAUCGCGGCACAGGACUGGCUACAGUCAAGGAUCUGCAAAGCUAUGUAAGGCGGCCUCAGUCACUAUAAGUAAAUGGGAGCCGGUCCUAAGAGCUGCUAACUCCUGAAUCUGAGUAAUAGUGUAGAUGA
38	0.8767222762107849	0.8769230842590332	12	12	6	6	6	6	780	400	CCGGUAAUUUUCAUUUAGAGAUAUCGGGAGAUCCCUGGCGUGGCACUUACGCGUAUUCUUAUAAACACCUAGUGCCUGGCGUAUACCCGCCCCGCUUUAACAUAGGCCCUUACCACCUGUGAGCACGGUACACGUCGGCUAAACAAAUCUCAAUUAGUGUGUAGGUUUACGAAAGUUCGGAAUGGGGGGUUUGCCGCUUACCUGGUCCUCAUUUUCGUCUCAAAUAGAUGUGGGCUGUGGCUGGUUGCCUUACCCUAGGUUAAUUCACGUUUAUCGCGGCACAGGACUGGCUACAGUCAAGGAUCUGCAAAGCUAUGUAAGGCGGCCUCAGUCACUAUAAGUAAAUGGGAGCCGGUCCUAAGAGCUGCUAACUCCUGAAUCUGAGUAAUAGUGUAGAUGA
38	0.9223829507827759	0.922480583190918	13	12	6	6	6	6	780	400	CCGGUAAUUUUCAUUUAGAGAUAUCGGGAGAUCCCUGGCGUGGCACUUACGCGUAUUCUUAUAAACACCUAGUGCCUGGCGUAUACCCGCCCCGCUUUAACAUAGGCCCUUACCACCUGUGAGCACGGUACACGUCGGCUAAACAAAUCUCAAUUAGUGUGUAGGUUUACGAAAGUUCGGAAUGGGGGGUUUGCCGCUUACCUGGUCCUCAUUUUCGUCUCAAAUAGAUGUGGGCUGUGGCUGGUUGCCUUACCCUAGGUUAAUUCACGUUUAUCGCGGCACAGGACUGGCUACAGUCAAGGAUCUGCAAAGCUAUGUAAGGCGGCCUCAGUCACUAUAAGUAAAUGGGAGCCGGUCCUAAGAGCUGCUAACUCCUGAAUCUGAGUAAUAGUGUAGAUGA
38	0.9270906448364258	0.9272029995918274	13	12	6	6	6	6	780	400	CCGGUAAUUUUCAUUUAGAGAUAUCGGGAGAUCCCUGGCGUGGCACUUACGCGUAUUCUUAUAAACACCUAGUGCCUGGCGUAUACCCGCCCCGCUUUAACAUAGGCCCUUACCACCUGUGAGCACGGUACACGUCGGCUAAACAAAUCUCAAUUAGUGUGUAGGUUUACGAAAGUUCGGAAUGGGGGGUUUGCCGCUUACCUGGUCCUCAUUUUCGUCUCAAAUAGAUGUGGGCUGUGGCUGGUUGCCUUACCCUAGGUUAAUUCACGUUUAUCGCGGCACAGGACUGGCUACAGUCAAGGAUCUGCAAAGCUAUGUAAGGCGGCCUCAGUCACUAUAAGUAAAUGGGAGCCGGUCCUAAGAGCUGCUAACUCCUGAAUCUGAGUAAUAGUGUAGAUGA
38	0.8439042568206787	0.8441064357757568	13	12	6	6	6	6	780	400	CCGGUAAUUUUCAUUUAGAGAUAUCGGGAGAUCCCUGGCGUGGCACUUACGCGUAUUCUUAUAAACACCUAGUGCCUGGCGUAUACCCGCCCCGCUUUAACAUAGGCCCUUACCACCUGUGAGCACGGUACACGUCGGCUAAACAAAUCUCAAUUAGUGUGUAGGUUUACGAAAGUUCGGAAUGGGGGGUUUGCCGCUUACCUGGUCCUCAUUUUCGUCUCAAAUAGAUGUGGGCUGUGGCUGGUUGCCUUACCCUAGGUUAAUUCACGUUUAUCGCGGCACAGGACUGGCUACAGUCAAGGAUCUGCAAAGCUAUGUAAGGCGGCCUCAGUCACUAUAAGUAAAUGGGAGCCGGUCCUAAGAGCUGCUAACUCCUGAAUCUGAGUAAUAGUGUAGAUGA
38	0.9229514002799988	0.9230769276618958	12	12	6	6	6	6	780	400	CCGGUAAUUUUCAUUUAGAGAUAUCGGGAGAUCCCUGGCGUGGCACUUACGCGUAUUCUUAUAAACACCUAGUGCCUGGCGUAUACCCGCCCCGCUUUAACAUAGGCCCUUACCACCUGUGAGCACGGUACACGUCGGCUAAACAAAUCUCAAUUAGUGUGUAGGUUUACGAAAGUUCGGAAUGGGGGGUUUGCCGCUUACCUGGUCCUCAUUUUCGUCUCAAAUAGAUGUGGGCUGUGGCUGGUUGCCUUACCCUAGGUUAAUUCACGUUUAUCGCGGCACAGGACUGGCUACAGUCAAGGAUCUGCAAAGCUAUGUAAGGCGGCCUCAGUCACUAUAAGUAAAUGGGAGCCGGUCCUAAGAGCUGCUAACUCCUGAAUCUGAGUAAUAGUGUAGAUGA
38	0.8810380101203918	0.8812260627746582	14	12	6	6	6	6	780	400	CCGGUAAUUUUCAUUUAGAGAUAUCGGGAGAUCCCUGGCGUGGCACUUACGCGUAUUCUUAUAAACACCUAGUGCCUGGCGUAUACCCGCCCCGCUUUAACAUAGGCCCUUACCACCUGUGAGCACGGUACACGUCGGCUAAACAAAUCUCAAUUAGUGUGUAGGUUUACGAAAGUUCGGAAUGGGGGGUUUGCCGCUUACCUGGUCCUCAUUUUCGUCUCAAAUAGAUGUGGGCUGUGGCUGGUUGCCUUACCCUAGGUUAAUUCACGUUUAUCGCGGCACAGGACUGGCUACAGUCAAGGAUCUGCAAAGCUAUGUAAGGCGGCCUCAGUCACUAUAAGUAAAUGGGAGCCGGUCCUAAGAGCUGCUAACUCCUGAAUCUGAGUAAUAGUGUAGAUGA
38	0.8929800987243652	0.8931297659873962	13	12	6	6	6	6	780	400	CCGGUAAUUUUCAUUUAGAGAUAUCGGGAGAUCCCUGGCGUGGCACUUACGCGUAUUCUUAUAAACACCUAGUGCCUGGCGUAUACCCGCCCCGCUUUAACAUAGGCCCUUACCACCUGUGAGCACGGUACACGUCGGCUAAACAAAUCUCAAUUAGUGUGUAGGUUUACGAAAGUUCGGAAUGGGGGGUUUGCCGCUUACCUGGUCCUCAUUUUCGUCUCAAAUAGAUGUGGGCUGUGGCUGGUUGCCUUACCCUAGGUUAAUUCACGUUUAUCGCGGCACAGGACUGGCUACAGUCAAGGAUCUGCAAAGCUAUGUAAGGCGGCCUCAGUCACUAUAAGUAAAUGGGAGCCGGUCCUAAGAGCUGCUAACUCCUGAAUCUGAGUAAUAGUGUAGAUGA
38	0.8439042568206787	0.8441064357757568	12	12	6	6	6	6	780	400	CCGGUAAUUUUCAUUUAGAGAUAUCGGGAGAUCCCUGGCGUGGCACUUACGCGUAUUCUUAUAAACACCUAGUGCCUGGCGUAUACCCGCCCCGCUUUAACAUAGGCCCUUACCACCUGUGAGCACGGUACACGUCGGCUAAACAAAUCUCAAUUAGUGUGUAGGUUUACGAAAGUUCGGAAUGGGGGGUUUGCCGCUUACCUGGUCCUCAUUUUCGUCUCAAAUAGAUGUGGGCUGUGGCUGGUUGCCUUACCCUAGGUUAAUUCACGUUUAUCGCGGCACAGGACUGGCUACAGUCAAGGAUCUGCAAAGCUAUGUAAGGCGGCCUCAGUCACUAUAAGUAAAUGGGAGCCGGUCCUAAGAGCUGCUAACUCCUGAAUCUGAGUAAUAGUGUAGAUGA
38	0.8743746876716614	0.8745246529579163	13	12	6	6	6	6	780	400	CCGGUAAUUUUCAUUUAGAGAUAUCGGGAGAUCCCUGGCGUGGCACUUACGCGUAUUCUUAUAAACACCUAGUGCCUGGCGUAUACCCGCCCCGCUUUAACAUAGGCCCUUACCACCUGUGAGCACGGUACACGUCGGCUAAACAAAUCUCAAUUAGUGUGUAGGUUUACGAAAGUUCGGAAUGGGGGGUUUGCCGCUUACCUGGUCCUCAUUUUCGUCUCAAAUAGAUGUGGGCUGUGGCUGGUUGCCUUACCCUAGGUUAAUUCACGUUUAUCGCGGCACAGGACUGGCUACAGUCAAGGAUCUGCAAAGCUAUGUAAGGCGGCCUCAGUCACUAUAAGUAAAUGGGAGCCGGUCCUAAGAGCUGCUAACUCCUGAAUCUGAGUAAUAGUGUAGAUGA
38	0.9731433391571045	0.9731800556182861	14	12	6	6	6	6	780	400	CCGGUAAUUUUCAUUUAGAGAUAUCGGGAGAUCCCUGGCGUGGCACUUACGCGUAUUCUUAUAAACACCUAGUGCCUGGCGUAUACCCGCCCCGCUUUAACAUAGGCCCUUACCACCUGUGAGCACGGUACACGUCGGCUAAACAAAUCUCAAUUAGUGUGUAGGUUUACGAAAGUUCGGAAUGGGGGGUUUGCCGCUUACCUGGUCCUCAUUUUCGUCUCAAAUAGAUGUGGGCUGUGGCUGGUUGCCUUACCCUAGGUUAAUUCACGUUUAUCGCGGCACAGGACUGGCUACAGUCAAGGAUCUGCAAAGCUAUGUAAGGCGGCCUCAGUCACUAUAAGUAAAUGGGAGCCGGUCCUAAGAGCUGCUAACUCCUGAAUCUGAGUAAUAGUGUAGAUGA
38	0.8921319842338562	0.892307698726654	14	12	6	6	6	6	780	400	CCGGUAAUUUUCAUUUAGAGAUAUCGGGAGAUCCCUGGCGUGGCACUUACGCGUAUUCUUAUAAACACCUAGUGCCUGGCGUAUACCCGCCCCGCUUUAACAUAGGCCCUUACCACCUGUGAGCACGGUACACGUCGGCUAAACAAAUCUCAAUUAGUGUGUAGGUUUACGAAAGUUCGGAAUGGGGGGUUUGCCGCUUACCUGGUCCUCAUUUUCGUCUCAAAUAGAUGUGGGCUGUGGCUGGUUGCCUUACCCUAGGUUAAUUCACGUUUAUCGCGGCACAGGACUGGCUACAGUCAAGGAUCUGCAAAGCUAUGUAAGGCGGCCUCAGUCACUAUAAGUAAAUGGGAGCCGGUCCUAAGAGCUGCUAACUCCUGAAUCUGAGUAAUAGUGUAGAUGA
38	0.9235656261444092	0.9236640930175781	14	12	6	6	6	6	780	400	CCGGUAAUUUUCAUUUAGAGAUAUCGGGAGAUCCCUGGCGUGGCACUUACGCGUAUUCUUAUAAACACCUAGUGCCUGGCGUAUACCCGCCCCGCUUUAACAUAGGCCCUUACCACCUGUGAGCACGGUACACGUCGGCUAAACAAAUCUCAAUUAGUGUGUAGGUUUACGAAAGUUCGGAAUGGGGGGUUUGCCGCUUACCUGGUCCUCAUUUUCGUCUCAAAUAGAUGUGGGCUGUGGCUGGUUGCCUUACCCUAGGUUAAUUCACGUUUAUCGCGGCACAGGACUGGCUACAGUCAAGGAUCUGCAAAGCUAUGUAAGGCGGCCUCAGUCACUAUAAGUAAAUGGGAGCCGGUCCUAAGAGCUGCUAACUCCUGAAUCUGAGUAAUAGUGUAGAUGA
38	0.9194151759147644	0.9195401668548584	14	12	6	6	6	6	780	400	CCGGUAAUUUUCAUUUAGAGAUAUCGGGAGAUCCCUGGCGUGGCACUUACGCGUAUUCUUAUAAACACCUAGUGCCUGGCGUAUACCCGCCCCGCUUUAACAUAGGCCCUUACCACCUGUGAGCACGGUACACGUCGGCUAAACAAAUCUCAAUUAGUGUGUAGGUUUACGAAAGUUCGGAAUGGGGGGUUUGCCGCUUACCUGGUCCUCAUUUUCGUCUCAAAUAGAUGUGGGCUGUGGCUGGUUGCCUUACCCUAGGUUAAUUCACGUUUAUCGCGGCACAGGACUGGCUACAGUCAAGGAUCUGCAAAGCUAUGUAAGGCGGCCUCAGUCACUAUAAGUAAAUGGGAGCCGGUCCUAAGAGCUGCUAACUCCUGAAUCUGAGUAAUAGUGUAGAUGA
38	0.9541510343551636	0.9541984796524048	13	12	6	6	6	6	780	400	CCGGUAAUUUUCAUUUAGAGAUAUCGGGAGAUCCCUGGCGUGGCACUUACGCGUAUUCUUAUAAACACCUAGUGCCUGGCGUAUACCCGCCCCGCUUUAACAUAGGCCCUUACCACCUGUGAGCACGGUACACGUCGGCUAAACAAAUCUCAAUUAGUGUGUAGGUUUACGAAAGUUCGGAAUGGGGGGUUUGCCGCUUACCUGGUCCUCAUUUUCGUCUCAAAUAGAUGUGGGCUGUGGCUGGUUGCCUUACCCUAGGUUAAUUCACGUUUAUCGCGGCACAGGACUGGCUACAGUCAAGGAUCUGCAAAGCUAUGUAAGGCGGCCUCAGUCACUAUAAGUAAAUGGGAGCCGGUCCUAAGAGCUGCUAACUCCUGAAUCUGAGUAAUAGUGUAGAUGA
38	0.9419978260993958	0.9420849084854126	13	12	6	6	6	6	780	400	CCGGUAAUUUUCAUUUAGAGAUAUCGGGAGAUCCCUGGCGUGGCACUUACGCGUAUUCUUAUAAACACCUAGUGCCUGGCGUAUACCCGCCCCGCUUUAACAUAGGCCCUUACCACCUGUGAGCACGGUACACGUCGGCUAAACAAAUCUCAAUUAGUGUGUAGGUUUACGAAAGUUCGGAAUGGGGGGUUUGCCGCUUACCUGGUCCUCAUUUUCGUCUCAAAUAGAUGUGGGCUGUGGCUGGUUGCCUUACCCUAGGUUAAUUCACGUUUAUCGCGGCACAGGACUGGCUACAGUCAAGGAUCUGCAAAGCUAUGUAAGGCGGCCUCAGUCACUAUAAGUAAAUGGGAGCCGGUCCUAAGAGCUGCUAACUCCUGAAUCUGAGUAAUAGUGUAGAUGA
38	0.9075416922569275	0.9076923131942749	15	12	6	6	6	6	780	400	CCGGUAAUUUUCAUUUAGAGAUAUCGGGAGAUCCCUGGCGUGGCACUUACGCGUAUUCUUAUAAACACCUAGUGCCUGGCGUAUACCCGCCCCGCUUUAACAUAGGCCCUUACCACCUGUGAGCACGGUACACGUCGGCUAAACAAAUCUCAAUUAGUGUGUAGGUUUACGAAAGUUCGGAAUGGGGGGUUUGCCGCUUACCUGGUCCUCAUUUUCGUCUCAAAUAGAUGUGGGCUGUGGCUGGUUGCCUUACCCUAGGUUAAUUCACGUUUAUCGCGGCACAGGACUGGCUACAGUCAAGGAUCUGCAAAGCUAUGUAAGGCGGCCUCAGUCACUAUAAGUAAAUGGGAGCCGGUCCUAAGAGCUGCUAACUCCUGAAUCUGAGUAAUAGUGUAGAUGA
38	0.8439042568206787	0.8441064357757568	12	12	6	6	6	6	780	400	CCGGUAAUUUUCAUUUAGAGAUAUCGGGAGAUCCCUGGCGUGGCACUUACGCGUAUUCUUAUAAACACCUAGUGCCUGGCGUAUACCCGCCCCGCUUUAACAUAGGCCCUUACCACCUGUGAGCACGGUACACGUCGGCUAAACAAAUCUCAAUUAGUGUGUAGGUUUACGAAAGUUCGGAAUGGGGGGUUUGCCGCUUACCUGGUCCUCAUUUUCGUCUCAAAUAGAUGUGGGCUGUGGCUGGUUGCCUUACCCUAGGUUAAUUCACGUUUAUCGCGGCACAGGACUGGCUACAGUCAAGGAUCUGCAAAGCUAUGUAAGGCGGCCUCAGUCACUAUAAGUAAAUGGGAGCCGGUCCUAAGAGCUGCUAACUCCUGAAUCUGAGUAAUAGUGUAGAUGA
38	0.9075416922569275	0.9076923131942749	14	12	6	6	6	6	780	400	CCGGUAAUUUUCAUUUAGAGAUAUCGGGAGAUCCCUGGCGUGGCACUUACGCGUAUUCUUAUAAACACCUAGUGCCUGGCGUAUACCCGCCCCGCUUUAACAUAGGCCCUUACCACCUGUGAGCACGGUACACGUCGGCUAAACAAAUCUCAAUUAGUGUGUAGGUUUACGAAAGUUCGGAAUGGGGGGUUUGCCGCUUACCUGGUCCUCAUUUUCGUCUCAAAUAGAUGUGGGCUGUGGCUGGUUGCCUUACCCUAGGUUAAUUCACGUUUAUCGCGGCACAGGACUGGCUACAGUCAAGGAUCUGCAAAGCUAUGUAAGGCGGCCUCAGUCACUAUAAGUAAAUGGGAGCCGGUCCUAAGAGCUGCUAACUCCUGAAUCUGAGUAAUAGUGUAGAUGA
39	0.5748132467269897	0.5748987793922424	1	12	6	6	6	6	780	400	AACCGAACACGUUGGGAAAGAAAAUUAAUAUUACGUCAGACGGGUAUGUCUGUGUUGUUUCAACACAGAACGACAUCGUAGGACAGCUCCCAAGAAUUUUCCUAAUUGGGGUCAUCCACGCGAUCGUUGAGAUACCCCGUUAACACUAGCCGAAAUACGAGUGGCAUACCGAUACUCUUAUUUUGGGCAGGUAGGUCGGUGAGCUUUGGCGGGCCGGGUCAUUCCCGCAAUGUUUUUUUAGCCCCUGGGAUGGUGUUUUGUGUGACUGUCAUGAAGCGUUAUAAUCAGUGAGCUUAUUACGGUAGACACGGAUCGGCCGGCCUUUGCUGAGGAGGGAUCUAAAGUCUUUUGAUGGAGACGGCACGGCUCGGACCCAGUGCCAAGUAUCCGACUGCACCUU
39	0.6227099299430847	0.6229508519172668	2	12	6	6	6	6	780	400	AACCGAACACGUUGGGAAAGAAAAUUAAUAUUACGUCAGACGGGUAUGUCUGUGUUGUUUCAACACAGAACGACAUCGUAGGACAGCUCCCAAGAAUUUUCCUAAUUGGGGUCAUCCACGCGAUCGUUGAGAUACCCCGUUAACACUAGCCGAAAUACGAGUGGCAUACCGAUACUCUUAUUUUGGGCAGGUAGGUCGGUGAGCUUUGGCGGGCCGGGUCAUUCCCGCAAUGUUUUUUUAGCCCCUGGGAUGGUGUUUUGUGUGACUGUCAUGAAGCGUUAUAAUCAGUGAGCUUAUUACGGUAGACACGGAUCGGCCGGCCUUUGCUGAGGAGGGAUCUAAAGUCUUUUGAUGGAGACGGCACGGCUCGGACCCAGUGCCAAGUAUCCGACUGCACCUU
39	0.5748132467269897	0.5748987793922424	3	12	6	6	6	6	780	400	AACCGAACACGUUGGGAAAGAAAAUUAAUAUUACGUCAGACGGGUAUGUCUGUGUUGUUUCAACACAGAACGACAUCGUAGGACAGCUCCCAAGAAUUUUCCUAAUUGGGGUCAUCCACGCGAUCGUUGAGAUACCCCGUUAACACUAGCCGAAAUACGAGUGGCAUACCGAUACUCUUAUUUUGGGCAGGUAGGUCGGUGAGCUUUGGCGGGCCGGGUCAUUCCCGCAAUGUUUUUUUAGCCCCUGGGAUGGUGUUUUGUGUGACUGUCAUGAAGCGUUAUAAUCAGUGAGCUUAUUACGGUAGACACGGAUCGGCCGGCCUUUGCUGAGGAGGGAUCUAAAGUCUUUUGAUGGAGACGGCACGGCUCGGACCCAGUGCCAAGUAUCCGACUGCACCUU
39	0.8508174419403076	0.8502024412155151	4	12	6	6	6	6	780	400	AACCGAACACGUUGGGAAAGAAAAUUAAUAUUACGUCAGACGGGUAUGUCUGUGUUGUUUCAACACAGAACGACAUCGUAGGACAGCUCCCAAGAAUUUUCCUAAUUGGGGUCAUCCACGCGAUCGUUGAGAUACCCCGUUAACACUAGCCGAAAUACGAGUGGCAUACCGAUACUCUUAUUUUGGGCAGGUAGGUCGGUGAGCUUUGGCGGGCCGGGUCAUUCCCGCAAUGUUUUUUUAGCCCCUGGGAUGGUGUUUUGUGUGACUGUCAUGAAGCGUUAUAAUCAGUGAGCUUAUUACGGUAGACACGGAUCGGCCGGCCUUUGCUGAGGAGGGAUCUAAAGUCUUUUGAUGGAGACGGCACGGCUCGGACCCAGUGCCAAGUAUCCGACUGCACCUU
39	0.5645032525062561	0.5645161271095276	5	12	6	6	6	6	780	400	AACCGAACACGUUGGGAAAGAAAAUUAAUAUUACGUCAGACGGGUAUGUCUGUGUUGUUUCAACACAGAACGACAUCGUAGGACAGCUCCCAAGAAUUUUCCUAAUUGGGGUCAUCCACGCGAUCGUUGAGAUACCCCGUUAACACUAGCCGAAAUACGAGUGGCAUACCGAUACUCUUAUUUUGGGCAGGUAGGUCGGUGAGCUUUGGCGGGCCGGGUCAUUCCCGCAAUGUUUUUUUAGCCCCUGGGAUGGUGUUUUGUGUGACUGUCAUGAAGCGUUAUAAUCAGUGAGCUUAUUACGGUAGACACGGAUCGGCCGGCCUUUGCUGAGGAGGGAUCUAAAGUCUUUUGAUGGAGACGGCACGGCUCGGACCCAGUGCCAAGUAUCCGACUGCACCUU
39	0.47812575101852417	0.4780876338481903	6	12	6	6	6	6	780	400	AACCGAACACGUUGGGAAAGAAAAUUAAUAUUACGUCAGACGGGUAUGUCUGUGUUGUUUCAACACAGAACGACAUCGUAGGACAGCUCCCAAGAAUUUUCCUAAUUGGGGUCAUCCACGCGAUCGUUGAGAUACCCCGUUAACACUAGCCGAAAUACGAGUGGCAUACCGAUACUCUUAUUUUGGGCAGGUAGGUCGGUGAGCUUUGGCGGGCCGGGUCAUUCCCGCAAUGUUUUUUUAGCCCCUGGGAUGGUGUUUUGUGUGACUGUCAUGAAGCGUUAUAAUCAGUGAGCUUAUUACGGUAGACACGGAUCGGCCGGCCUUUGCUGAGGAGGGAUCUAAAGUCUUUUGAUGGAGACGGCACGGCUCGGACCCAGUGCCAAGUAUCCGACUGCACCUU
39	0.7858753204345703	0.7854251265525818	7	12	6	6	6	6	780	400	AACCGAACACGUUGGGAAAGAAAAUUAAUAUUACGUCAGACGGGUAUGUCUGUGUUGUUUCAACACAGAACGACAUCGUAGGACAGCUCCCAAGAAUUUUCCUAAUUGGGGUCAUCCACGCGAUCGUUGAGAUACCCCGUUAACACUAGCCGAAAUACGAGUGGCAUACCGAUACUCUUAUUUUGGGCAGGUAGGUCGGUGAGCUUUGGCGGGCCGGGUCAUUCCCGCAAUGUUUUUUUAGCCCCUGGGAUGGUGUUUUGUGUGACUGUCAUGAAGCGUUAUAAUCAGUGAGCUUAUUACGGUAGACACGGAUCGGCCGGCCUUUGCUGAGGAGGGAUCUAAAGUCUUUUGAUGGAGACGGCACGGCUCGGACCCAGUGCCAAGUAUCCGACUGCACCUU
39	0.7798390984535217	0.7791164517402649	8	12	6	6	6	6	780	400	AACCGAACACGUUGGGAAAGAAAAUUAAUAUUACGUCAGACGGGUAUGUCUGUGUUGUUUCAACACAGAACGACAUCGUAGGACAGCUCCCAAGAAUUUUCCUAAUUGGGGUCAUCCACGCGAUCGUUGAGAUACCCCGUUAACACUAGCCGAAAUACGAGUGGCAUACCGAUACUCUUAUUUUGGGCAGGUAGGUCGGUGAGCUUUGGCGGGCCGGGUCAUUCCCGCAAUGUUUUUUUAGCCCCUGGGAUGGUGUUUUGUGUGACUGUCAUGAAGCGUUAUAAUCAGUGAGCUUAUUACGGUAGACACGGAUCGGCCGGCCUUUGCUGAGGAGGGAUCUAAAGUCUUUUGAUGGAGACGGCACGGCUCGGACCCAGUGCCAAGUAUCCGACUGCACCUU
39	0.7878947854042053	0.7871485948562622	9	12	6	6	6	6	780	400	AACCGAACACGUUGGGAAAGAAAAUUAAUAUUACGUCAGACGGGUAUGUCUGUGUUGUUUCAACACAGAACGACAUCGUAGGACAGCUCCCAAGAAUUUUCCUAAUUGGGGUCAUCCACGCGAUCGUUGAGAUACCCCGUUAACACUAGCCGAAAUACGAGUGGCAUACCGAUACUCUUAUUUUGGGCAGGUAGGUCGGUGAGCUUUGGCGGGCCGGGUCAUUCCCGCAAUGUUUUUUUAGCCCCUGGGAUGGUGUUUUGUGUGACUGUCAUGAAGCGUUAUAAUCAGUGAGCUUAUUACGGUAGACACGGAUCGGCCGGCCUUUGCUGAGGAGGGAUCUAAAGUCUUUUGAUGGAGACGGCACGGCUCGGACCCAGUGCCAAGUAUCCGACUGCACCUU
39	0.7688474655151367	0.7680000066757202	10	12	6	6	6	6	780	400	AACCGAACACGUUGGGAAAGAAAAUUAAUAUUACGUCAGACGGGUAUGUCUGUGUUGUUUCAACACAGAACGACAUCGUAGGACAGCUCCCAAGAAUUUUCCUAAUUGGGGUCAUCCACGCGAUCGUUGAGAUACCCCGUUAACACUAGCCGAAAUACGAGUGGCAUACCGAUACUCUUAUUUUGGGCAGGUAGGUCGGUGAGCUUUGGCGGGCCGGGUCAUUCCCGCAAUGUUUUUUUAGCCCCUGGGAUGGUGUUUUGUGUGACUGUCAUGAAGCGUUAUAAUCAGUGAGCUUAUUACGGUAGACACGGAUCGGCCGGCCUUUGCUGAGGAGGGAUCUAAAGUCUUUUGAUGGAGACGGCACGGCUCGGACCCAGUGCCAAGUAUCCGACUGCACCUU
39	0.7688474655151367	0.7680000066757202	11	12	6	6	6	6	780	400	AACCGAACACGUUGGGAAAGAAAAUUAAUAUUACGUCAGACGGGUAUGUCUGUGUUGUUUCAACACAGAACGACAUCGUAGGACAGCUCCCAAGAAUUUUCCUAAUUGGGGUCAUCCACGCGAUCGUUGAGAUACCCCGUUAACACUAGCCGAAAUACGAGUGGCAUACCGAUACUCUUAUUUUGGGCAGGUAGGUCGGUGAGCUUUGGCGGGCCGGGUCAUUCCCGCAAUGUUUUUUUAGCCCCUGGGAUGGUGUUUUGUGUGACUGUCAUGAAGCGUUAUAAUCAGUGAGCUUAUUACGGUAGACACGGAUCGGCCGGCCUUUGCUGAGGAGGGAUCUAAAGUCUUUUGAUGGAGACGGCACGGCUCGGACCCAGUGCCAAGUAUCCGACUGCACCUU
39	0.7637277841567993	0.763052225112915	12	12	6	6	6	6	780	400	AACCGAACACGUUGGGAAAGAAAAUUAAUAUUACGUCAGACGGGUAUGUCUGUGUUGUUUCAACACAGAACGACAUCGUAGGACAGCUCCCAAGAAUUUUCCUAAUUGGGGUCAUCCACGCGAUCGUUGAGAUACCCCGUUAACACUAGCCGAAAUACGAGUGGCAUACCGAUACUCUUAUUUUGGGCAGGUAGGUCGGUGAGCUUUGGCGGGCCGGGUCAUUCCCGCAAUGUUUUUUUAGCCCCUGGGAUGGUGUUUUGUGUGACUGUCAUGAAGCGUUAUAAUCAGUGAGCUUAUUACGGUAGACACGGAUCGGCCGGCCUUUGCUGAGGAGGGAUCUAAAGUCUUUUGAUGGAGACGGCACGGCUCGGACCCAGUGCCAAGUAUCCGACUGCACCUU
39	0.7819344997406006	0.7808764576911926	13	12	6	6	6	6	780	400	AACCGAACACGUUGGGAAAGAAAAUUAAUAUUACGUCAGACGGGUAUGUCUGUGUUGUUUCAACACAGAACGACAUCGUAGGACAGCUCCCAAGAAUUUUCCUAAUUGGGGUCAUCCACGCGAUCGUUGAGAUACCCCGUUAACACUAGCCGAAAUACGAGUGGCAUACCGAUACUCUUAUUUUGGGCAGGUAGGUCGGUGAGCUUUGGCGGGCCGGGUCAUUCCCGCAAUGUUUUUUUAGCCCCUGGGAUGGUGUUUUGUGUGACUGUCAUGAAGCGUUAUAAUCAGUGAGCUUAUUACGGUAGACACGGAUCGGCCGGCCUUUGCUGAGGAGGGAUCUAAAGUCUUUUGAUGGAGACGGCACGGCUCGGACCCAGUGCCAAGUAUCCGACUGCACCUU
39	0.7768726348876953	0.7760000228881836	14	12	6	6	6	6	780	400	AACCGAACACGUUGGGAAAGAAAAUUAAUAUUACGUCAGACGGGUAUGUCUGUGUUGUUUCAACACAGAACGACAUCGUAGGACAGCUCCCAAGAAUUUUCCUAAUUGGGGUCAUCCACGCGAUCGUUGAGAUACCCCGUUAACACUAGCCGAAAUACGAGUGGCAUACCGAUACUCUUAUUUUGGGCAGGUAGGUCGGUGAGCUUUGGCGGGCCGGGUCAUUCCCGCAAUGUUUUUUUAGCCCCUGGGAUGGUGUUUUGUGUGACUGUCAUGAAGCGUUAUAAUCAGUGAGCUUAUUACGGUAGACACGGAUCGGCCGGCCUUUGCUGAGGAGGGAUCUAAAGUCUUUUGAUGGAGACGGCACGGCUCGGACCCAGUGCCAAGUAUCCGACUGCACCUU
39	0.7608223557472229	0.7600001096725464	15	12	6	6	6	6	780	400	AACCGAACACGUUGGGAAAGAAAAUUAAUAUUACGUCAGACGGGUAUGUCUGUGUUGUUUCAACACAGAACGACAUCGUAGGACAGCUCCCAAGAAUUUUCCUAAUUGGGGUCAUCCACGCGAUCGUUGAGAUACCCCGUUAACACUAGCCGAAAUACGAGUGGCAUACCGAUACUCUUAUUUUGGGCAGGUAGGUCGGUGAGCUUUGGCGGGCCGGGUCAUUCCCGCAAUGUUUUUUUAGCCCCUGGGAUGGUGUUUUGUGUGACUGUCAUGAAGCGUUAUAAUCAGUGAGCUUAUUACGGUAGACACGGAUCGGCCGGCCUUUGCUGAGGAGGGAUCUAAAGUCUUUUGAUGGAGACGGCACGGCUCGGACCCAGUGCCAAGUAUCCGACUGCACCUU
39	0.769639790058136	0.7692307233810425	14	12	6	6	6	6	780	400	AACCGAACACGUUGGGAAAGAAAAUUAAUAUUACGUCAGACGGGUAUGUCUGUGUUGUUUCAACACAGAACGACAUCGUAGGACAGCUCCCAAGAAUUUUCCUAAUUGGGGUCAUCCACGCGAUCGUUGAGAUACCCCGUUAACACUAGCCGAAAUACGAGUGGCAUACCGAUACUCUUAUUUUGGGCAGGUAGGUCGGUGAGCUUUGGCGGGCCGGGUCAUUCCCGCAAUGUUUUUUUAGCCCCUGGGAUGGUGUUUUGUGUGACUGUCAUGAAGCGUUAUAAUCAGUGAGCUUAUUACGGUAGACACGGAUCGGCCGGCCUUUGCUGAGGAGGGAUCUAAAGUCUUUUGAUGGAGACGGCACGGCUCGGACCCAGUGCCAAGUAUCCGACUGCACCUU
39	0.7523002028465271	0.7509881854057312	15	12	6	6	6	6	780	400	AACCGAACACGUUGGGAAAGAAAAUUAAUAUUACGUCAGACGGGUAUGUCUGUGUUGUUUCAACACAGAACGACAUCGUAGGACAGCUCCCAAGAAUUUUCCUAAUUGGGGUCAUCCACGCGAUCGUUGAGAUACCCCGUUAACACUAGCCGAAAUACGAGUGGCAUACCGAUACUCUUAUUUUGGGCAGGUAGGUCGGUGAGCUUUGGCGGGCCGGGUCAUUCCCGCAAUGUUUUUUUAGCCCCUGGGAUGGUGUUUUGUGUGACUGUCAUGAAGCGUUAUAAUCAGUGAGCUUAUUACGGUAGACACGGAUCGGCCGGCCUUUGCUGAGGAGGGAUCUAAAGUCUUUUGAUGGAGACGGCACGGCUCGGACCCAGUGCCAAGUAUCCGACUGCACCUU
39	0.7688474655151367	0.7680000066757202	14	12	6	6	6	6	780	400	AACCGAACACGUUGGGAAAGAAAAUUAAUAUUACGUCAGACGGGUAUGUCUGUGUUGUUUCAACACAGAACGACAUCGUAGGACAGCUCCCAAGAAUUUUCCUAAUUGGGGUCAUCCACGCGAUCGUUGAGAUACCCCGUUAACACUAGCCGAAAUACGAGUGGCAUACCGAUACUCUUAUUUUGGGCAGGUAGGUCGGUGAGCUUUGGCGGGCCGGGUCAUUCCCGCAAUGUUUUUUUAGCCCCUGGGAUGGUGUUUUGUGUGACUGUCAUGAAGCGUUAUAAUCAGUGAGCUUAUUACGGUAGACACGGAUCGGCCGGCCUUUGCUGAGGAGGGAUCUAAAGUCUUUUGAUGGAGACGGCACGGCUCGGACCCAGUGCCAAGUAUCCGACUGCACCUU
39	0.769639790058136	0.7692307233810425	14	12	6	6	6	6	780	400	AACCGAACACGUUGGGAAAGAAAAUUAAUAUUACGUCAGACGGGUAUGUCUGUGUUGUUUCAACACAGAACGACAUCGUAGGACAGCUCCCAAGAAUUUUCCUAAUUGGGGUCAUCCACGCGAUCGUUGAGAUACCCCGUUAACACUAGCCGAAAUACGAGUGGCAUACCGAUACUCUUAUUUUGGGCAGGUAGGUCGGUGAGCUUUGGCGGGCCGGGUCAUUCCCGCAAUGUUUUUUUAGCCCCUGGGAUGGUGUUUUGUGUGACUGUCAUGAAGCGUUAUAAUCAGUGAGCUUAUUACGGUAGACACGGAUCGGCCGGCCUUUGCUGAGGAGGGAUCUAAAGUCUUUUGAUGGAGACGGCACGGCUCGGACCCAGUGCCAAGUAUCCGACUGCACCUU
39	0.7637277841567993	0.763052225112915	13	12	6	6	6	6	780	400	AACCGAACACGUUGGGAAAGAAAAUUAAUAUUACGUCAGACGGGUAUGUCUGUGUUGUUUCAACACAGAACGACAUCGUAGGACAGCUCCCAAGAAUUUUCCUAAUUGGGGUCAUCCACGCGAUCGUUGAGAUACCCCGUUAACACUAGCCGAAAUACGAGUGGCAUACCGAUACUCUUAUUUUGGGCAGGUAGGUCGGUGAGCUUUGGCGGGCCGGGUCAUUCCCGCAAUGUUUUUUUAGCCCCUGGGAUGGUGUUUUGUGUGACUGUCAUGAAGCGUUAUAAUCAGUGAGCUUAUUACGGUAGACACGGAUCGGCCGGCCUUUGCUGAGGAGGGAUCUAAAGUCUUUUGAUGGAGACGGCACGGCUCGGACCCAGUGCCAAGUAUCCGACUGCACCUU
39	0.7339646816253662	0.7330677509307861	14	12	6	6	6	6	780	400	AACCGAACACGUUGGGAAAGAAAAUUAAUAUUACGUCAGACGGGUAUGUCUGUGUUGUUUCAACACAGAACGACAUCGUAGGACAGCUCCCAAGAAUUUUCCUAAUUGGGGUCAUCCACGCGAUCGUUGAGAUACCCCGUUAACACUAGCCGAAAUACGAGUGGCAUACCGAUACUCUUAUUUUGGGCAGGUAGGUCGGUGAGCUUUGGCGGGCCGGGUCAUUCCCGCAAUGUUUUUUUAGCCCCUGGGAUGGUGUUUUGUGUGACUGUCAUGAAGCGUUAUAAUCAGUGAGCUUAUUACGGUAGACACGGAUCGGCCGGCCUUUGCUGAGGAGGGAUCUAAAGUCUUUUGAUGGAGACGGCACGGCUCGGACCCAGUGCCAAGUAUCCGACUGCACCUU
39	0.7258029580116272	0.7244094014167786	14	12	6	6	6	6	780	400	AACCGAACACGUUGGGAAAGAAAAUUAAUAUUACGUCAGACGGGUAUGUCUGUGUUGUUUCAACACAGAACGACAUCGUAGGACAGCUCCCAAGAAUUUUCCUAAUUGGGGUCAUCCACGCGAUCGUUGAGAUACCCCGUUAACACUAGCCGAAAUACGAGUGGCAUACCGAUACUCUUAUUUUGGGCAGGUAGGUCGGUGAGCUUUGGCGGGCCGGGUCAUUCCCGCAAUGUUUUUUUAGCCCCUGGGAUGGUGUUUUGUGUGACUGUCAUGAAGCGUUAUAAUCAGUGAGCUUAUUACGGUAGACACGGAUCGGCCGGCCUUUGCUGAGGAGGGAUCUAAAGUCUUUUGAUGGAGACGGCACGGCUCGGACCCAGUGCCAAGUAUCCGACUGCACCUU
39	0.8078495264053345	0.8063241243362427	15	12	6	6	6	6	780	400	AACCGAACACGUUGGGAAAGAAAAUUAAUAUUACGUCAGACGGGUAUGUCUGUGUUGUUUCAACACAGAACGACAUCGUAGGACAGCUCCCAAGAAUUUUCCUAAUUGGGGUCAUCCACGCGAUCGUUGAGAUACCCCGUUAACACUAGCCGAAAUACGAGUGGCAUACCGAUACUCUUAUUUUGGGCAGGUAGGUCGGUGAGCUUUGGCGGGCCGGGUCAUUCCCGCAAUGUUUUUUUAGCCCCUGGGAUGGUGUUUUGUGUGACUGUCAUGAAGCGUUAUAAUCAGUGAGCUUAUUACGGUAGACACGGAUCGGCCGGCCUUUGCUGAGGAGGGAUCUAAAGUCUUUUGAUGGAGACGGCACGGCUCGGACCCAGUGCCAAGUAUCCGACUGCACCUU
39	0.7551090717315674	0.7539682984352112	13	12	6	6	6	6	780	400	AACCGAACACGUUGGGAAAGAAAAUUAAUAUUACGUCAGACGGGUAUGUCUGUGUUGUUUCAACACAGAACGACAUCGUAGGACAGCUCCCAAGAAUUUUCCUAAUUGGGGUCAUCCACGCGAUCGUUGAGAUACCCCGUUAACACUAGCCGAAAUACGAGUGGCAUACCGAUACUCUUAUUUUGGGCAGGUAGGUCGGUGAGCUUUGGCGGGCCGGGUCAUUCCCGCAAUGUUUUUUUAGCCCCUGGGAUGGUGUUUUGUGUGACUGUCAUGAAGCGUUAUAAUCAGUGAGCUUAUUACGGUAGACACGGAUCGGCCGGCCUUUGCUGAGGAGGGAUCUAAAGUCUUUUGAUGGAGACGGCACGGCUCGGACCCAGUGCCAAGUAUCCGACUGCACCUU
39	0.7574287056922913	0.7559055685997009	15	12	6	6	6	6	780	400	AACCGAACACGUUGGGAAAGAAAAUUAAUAUUACGUCAGACGGGUAUGUCUGUGUUGUUUCAACACAGAACGACAUCGUAGGACAGCUCCCAAGAAUUUUCCUAAUUGGGGUCAUCCACGCGAUCGUUGAGAUACCCCGUUAACACUAGCCGAAAUACGAGUGGCAUACCGAUACUCUUAUUUUGGGCAGGUAGGUCGGUGAGCUUUGGCGGGCCGGGUCAUUCCCGCAAUGUUUUUUUAGCCCCUGGGAUGGUGUUUUGUGUGACUGUCAUGAAGCGUUAUAAUCAGUGAGCUUAUUACGGUAGACACGGAUCGGCCGGCCUUUGCUGAGGAGGGAUCUAAAGUCUUUUGAUGGAGACGGCACGGCUCGGACCCAGUGCCAAGUAUCCGACUGCACCUU
39	0.782839834690094	0.7822580933570862	13	12	6	6	6	6	780	400	AACCGAACACGUUGGGAAAGAAAAUUAAUAUUACGUCAGACGGGUAUGUCUGUGUUGUUUCAACACAGAACGACAUCGUAGGACAGCUCCCAAGAAUUUUCCUAAUUGGGGUCAUCCACGCGAUCGUUGAGAUACCCCGUUAACACUAGCCGAAAUACGAGUGGCAUACCGAUACUCUUAUUUUGGGCAGGUAGGUCGGUGAGCUUUGGCGGGCCGGGUCAUUCCCGCAAUGUUUUUUUAGCCCCUGGGAUGGUGUUUUGUGUGACUGUCAUGAAGCGUUAUAAUCAGUGAGCUUAUUACGGUAGACACGGAUCGGCCGGCCUUUGCUGAGGAGGGAUCUAAAGUCUUUUGAUGGAGACGGCACGGCUCGGACCCAGUGCCAAGUAUCCGACUGCACCUU
39	0.7126713991165161	0.7120000123977661	13	12	6	6	6	6	780	400	AACCGAACACGUUGGGAAAGAAAAUUAAUAUUACGUCAGACGGGUAUGUCUGUGUUGUUUCAACACAGAACGACAUCGUAGGACAGCUCCCAAGAAUUUUCCUAAUUGGGGUCAUCCACGCGAUCGUUGAGAUACCCCGUUAACACUAGCCGAAAUACGAGUGGCAUACCGAUACUCUUAUUUUGGGCAGGUAGGUCGGUGAGCUUUGGCGGGCCGGGUCAUUCCCGCAAUGUUUUUUUAGCCCCUGGGAUGGUGUUUUGUGUGACUGUCAUGAAGCGUUAUAAUCAGUGAGCUUAUUACGGUAGACACGGAUCGGCCGGCCUUUGCUGAGGAGGGAUCUAAAGUCUUUUGAUGGAGACGGCACGGCUCGGACCCAGUGCCAAGUAUCCGACUGCACCUU
39	0.8362287878990173	0.8353413939476013	13	12	6	6	6	6	780	400	AACCGAACACGUUGGGAAAGAAAAUUAAUAUUACGUCAGACGGGUAUGUCUGUGUUGUUUCAACACAGAACGACAUCGUAGGACAGCUCCCAAGAAUUUUCCUAAUUGGGGUCAUCCACGCGAUCGUUGAGAUACCCCGUUAACACUAGCCGAAAUACGAGUGGCAUACCGAUACUCUUAUUUUGGGCAGGUAGGUCGGUGAGCUUUGGCGGGCCGGGUCAUUCCCGCAAUGUUUUUUUAGCCCCUGGGAUGGUGUUUUGUGUGACUGUCAUGAAGCGUUAUAAUCAGUGAGCUUAUUACGGUAGACACGGAUCGGCCGGCCUUUGCUGAGGAGGGAUCUAAAGUCUUUUGAUGGAGACGGCACGGCUCGGACCCAGUGCCAAGUAUCCGACUGCACCUU
39	0.7688474655151367	0.7680000066757202	14	12	6	6	6	6	780	400	AACCGAACACGUUGGGAAAGAAAAUUAAUAUUACGUCAGACGGGUAUGUCUGUGUUGUUUCAACACAGAACGACAUCGUAGGACAGCUCCCAAGAAUUUUCCUAAUUGGGGUCAUCCACGCGAUCGUUGAGAUACCCCGUUAACACUAGCCGAAAUACGAGUGGCAUACCGAUACUCUUAUUUUGGGCAGGUAGGUCGGUGAGCUUUGGCGGGCCGGGUCAUUCCCGCAAUGUUUUUUUAGCCCCUGGGAUGGUGUUUUGUGUGACUGUCAUGAAGCGUUAUAAUCAGUGAGCUUAUUACGGUAGACACGGAUCGGCCGGCCUUUGCUGAGGAGGGAUCUAAAGUCUUUUGAUGGAGACGGCACGGCUCGGACCCAGUGCCAAGUAUCCGACUGCACCUU
40	0.9169902801513672	0.9170305728912354	1	12	6	6	6	6	780	400	CGGUACAUUGCUUAGAGCACGUGUCCUACAAAGCUCUCAUGAACUUCGAUGCACGUGCCCAACUUCCUUCAGUGGAAAUGUAUUGGGGACGUUUACUGCAUUUACCAGAGGCUACCCGAAUCACUGUUUCAUUUUCAUGUAAAGCUCACGCCUCUUCACCUUACAUUUGCCGACAAACUAAAUUGGUGUUCCGGCUCGGGCAGUUGCAACAUAGGGUCAGCAACAAUGGUCAACUCUCUGAGAAUGUCAGAAGGAAUUCCAAUCAGUUCAUCGGGCCCCCGUAUGGCCACAUUACAGCACGAGAGAAUCCCGUUUCCGGAGCGGUACCAUACGUGCGGAUGACGUUUUGGCCCUGCGUUCUCGGACUUGCCUCUAGUGGUUCUGCGGAUUUAAUUCUUAC
40	0.9169902801513672	0.9170305728912354	2	12	6	6	6	6	780	400	CGGUACAUUGCUUAGAGCACGUGUCCUACAAAGCUCUCAUGAACUUCGAUGCACGUGCCCAACUUCCUUCAGUGGAAAUGUAUUGGGGACGUUUACUGCAUUUACCAGAGGCUACCCGAAUCACUGUUUCAUUUUCAUGUAAAGCUCACGCCUCUUCACCUUACAUUUGCCGACAAACUAAAUUGGUGUUCCGGCUCGGGCAGUUGCAACAUAGGGUCAGCAACAAUGGUCAACUCUCUGAGAAUGUCAGAAGGAAUUCCAAUCAGUUCAUCGGGCCCCCGUAUGGCCACAUUACAGCACGAGAGAAUCCCGUUUCCGGAGCGGUACCAUACGUGCGGAUGACGUUUUGGCCCUGCGUUCUCGGACUUGCCUCUAGUGGUUCUGCGGAUUUAAUUCUUAC
40	0.9005002379417419	0.9004329442977905	3	12	6	6	6	6	780	400	CGGUACAUUGCUUAGAGCACGUGUCCUACAAAGCUCUCAUGAACUUCGAUGCACGUGCCCAACUUCCUUCAGUGGAAAUGUAUUGGGGACGUUUACUGCAUUUACCAGAGGCUACCCGAAUCACUGUUUCAUUUUCAUGUAAAGCUCACGCCUCUUCACCUUACAUUUGCCGACAAACUAAAUUGGUGUUCCGGCUCGGGCAGUUGCAACAUAGGGUCAGCAACAAUGGUCAACUCUCUGAGAAUGUCAGAAGGAAUUCCAAUCAGUUCAUCGGGCCCCCGUAUGGCCACAUUACAGCACGAGAGAAUCCCGUUUCCGGAGCGGUACCAUACGUGCGGAUGACGUUUUGGCCCUGCGUUCUCGGACUUGCCUCUAGUGGUUCUGCGGAUUUAAUUCUUAC
40	0.9519779682159424	0.9519650936126709	4	12	6	6	6	6	780	400	CGGUACAUUGCUUAGAGCACGUGUCCUACAAAGCUCUCAUGAACUUCGAUGCACGUGCCCAACUUCCUUCAGUGGAAAUGUAUUGGGGACGUUUACUGCAUUUACCAGAGGCUACCCGAAUCACUGUUUCAUUUUCAUGUAAAGCUCACGCCUCUUCACCUUACAUUUGCCGACAAACUAAAUUGGUGUUCCGGCUCGGGCAGUUGCAACAUAGGGUCAGCAACAAUGGUCAACUCUCUGAGAAUGUCAGAAGGAAUUCCAAUCAGUUCAUCGGGCCCCCGUAUGGCCACAUUACAGCACGAGAGAAUCCCGUUUCCGGAGCGGUACCAUACGUGCGGAUGACGUUUUGGCCCUGCGUUCUCGGACUUGCCUCUAGUGGUUCUGCGGAUUUAAUUCUUAC
40	0.9063764214515686	0.9059828519821167	5	12	6	6	6	6	780	400	CGGUACAUUGCUUAGAGCACGUGUCCUACAAAGCUCUCAUGAACUUCGAUGCACGUGCCCAACUUCCUUCAGUGGAAAUGUAUUGGGGACGUUUACUGCAUUUACCAGAGGCUACCCGAAUCACUGUUUCAUUUUCAUGUAAAGCUCACGCCUCUUCACCUUACAUUUGCCGACAAACUAAAUUGGUGUUCCGGCUCGGGCAGUUGCAACAUAGGGUCAGCAACAAUGGUCAACUCUCUGAGAAUGUCAGAAGGAAUUCCAAUCAGUUCAUCGGGCCCCCGUAUGGCCACAUUACAGCACGAGAGAAUCCCGUUUCCGGAGCGGUACCAUACGUGCGGAUGACGUUUUGGCCCUGCGUUCUCGGACUUGCCUCUAGUGGUUCUGCGGAUUUAAUUCUUAC
40	0.6499719023704529	0.649789035320282	6	12	6	6	6	6	780	400	CGGUACAUUGCUUAGAGCACGUGUCCUACAAAGCUCUCAUGAACUUCGAUGCACGUGCCCAACUUCCUUCAGUGGAAAUGUAUUGGGGACGUUUACUGCAUUUACCAGAGGCUACCCGAAUCACUGUUUCAUUUUCAUGUAAAGCUCACGCCUCUUCACCUUACAUUUGCCGACAAACUAAAUUGGUGUUCCGGCUCGGGCAGUUGCAACAUAGGGUCAGCAACAAUGGUCAACUCUCUGAGAAUGUCAGAAGGAAUUCCAAUCAGUUCAUCGGGCCCCCGUAUGGCCACAUUACAGCACGAGAGAAUCCCGUUUCCGGAGCGGUACCAUACGUGCGGAUGACGUUUUGGCCCUGCGUUCUCGGACUUGCCUCUAGUGGUUCUGCGGAUUUAAUUCUUAC
40	0.8794297575950623	0.8793103098869324	7	12	6	6	6	6	780	400	CGGUACAUUGCUUAGAGCACGUGUCCUACAAAGCUCUCAUGAACUUCGAUGCACGUGCCCAACUUCCUUCAGUGGAAAUGUAUUGGGGACGUUUACUGCAUUUACCAGAGGCUACCCGAAUCACUGUUUCAUUUUCAUGUAAAGCUCACGCCUCUUCACCUUACAUUUGCCGACAAACUAAAUUGGUGUUCCGGCUCGGGCAGUUGCAACAUAGGGUCAGCAACAAUGGUCAACUCUCUGAGAAUGUCAGAAGGAAUUCCAAUCAGUUCAUCGGGCCCCCGUAUGGCCACAUUACAGCACGAGAGAAUCCCGUUUCCGGAGCGGUACCAUACGUGCGGAUGACGUUUUGGCCCUGCGUUCUCGGACUUGCCUCUAGUGGUUCUGCGGAUUUAAUUCUUAC
40	0.9398826956748962	0.9396551251411438	8	12	6	6	6	6	780	400	CGGUACAUUGCUUAGAGCACGUGUCCUACAAAGCUCUCAUGAACUUCGAUGCACGUGCCCAACUUCCUUCAGUGGAAAUGUAUUGGGGACGUUUACUGCAUUUACCAGAGGCUACCCGAAUCACUGUUUCAUUUUCAUGUAAAGCUCACGCCUCUUCACCUUACAUUUGCCGACAAACUAAAUUGGUGUUCCGGCUCGGGCAGUUGCAACAUAGGGUCAGCAACAAUGGUCAACUCUCUGAGAAUGUCAGAAGGAAUUCCAAUCAGUUCAUCGGGCCCCCGUAUGGCCACAUUACAGCACGAGAGAAUCCCGUUUCCGGAGCGGUACCAUACGUGCGGAUGACGUUUUGGCCCUGCGUUCUCGGACUUGCCUCUAGUGGUUCUGCGGAUUUAAUUCUUAC
40	0.9519779682159424	0.9519650936126709	9	12	6	6	6	6	780	400	CGGUACAUUGCUUAGAGCACGUGUCCUACAAAGCUCUCAUGAACUUCGAUGCACGUGCCCAACUUCCUUCAGUGGAAAUGUAUUGGGGACGUUUACUGCAUUUACCAGAGGCUACCCGAAUCACUGUUUCAUUUUCAUGUAAAGCUCACGCCUCUUCACCUUACAUUUGCCGACAAACUAAAUUGGUGUUCCGGCUCGGGCAGUUGCAACAUAGGGUCAGCAACAAUGGUCAACUCUCUGAGAAUGUCAGAAGGAAUUCCAAUCAGUUCAUCGGGCCCCCGUAUGGCCACAUUACAGCACGAGAGAAUCCCGUUUCCGGAGCGGUACCAUACGUGCGGAUGACGUUUUGGCCCUGCGUUCUCGGACUUGCCUCUAGUGGUUCUGCGGAUUUAAUUCUUAC
40	0.9320701360702515	0.9316239356994629	10	12	6	6	6	6	780	400	CGGUACAUUGCUUAGAGCACGUGUCCUACAAAGCUCUCAUGAACUUCGAUGCACGUGCCCAACUUCCUUCAGUGGAAAUGUAUUGGGGACGUUUACUGCAUUUACCAGAGGCUACCCGAAUCACUGUUUCAUUUUCAUGUAAAGCUCACGCCUCUUCACCUUACAUUUGCCGACAAACUAAAUUGGUGUUCCGGCUCGGGCAGUUGCAACAUAGGGUCAGCAACAAUGGUCAACUCUCUGAGAAUGUCAGAAGGAAUUCCAAUCAGUUCAUCGGGCCCCCGUAUGGCCACAUUACAGCACGAGAGAAUCCCGUUUCCGGAGCGGUACCAUACGUGCGGAUGACGUUUUGGCCCUGCGUUCUCGGACUUGCCUCUAGUGGUUCUGCGGAUUUAAUUCUUAC
40	0.9273518323898315	0.9270386099815369	11	12	6	6	6	6	780	400	CGGUACAUUGCUUAGAGCACGUGUCCUACAAAGCUCUCAUGAACUUCGAUGCACGUGCCCAACUUCCUUCAGUGGAAAUGUAUUGGGGACGUUUACUGCAUUUACCAGAGGCUACCCGAAUCACUGUUUCAUUUUCAUGUAAAGCUCACGCCUCUUCACCUUACAUUUGCCGACAAACUAAAUUGGUGUUCCGGCUCGGGCAGUUGCAACAUAGGGUCAGCAACAAUGGUCAACUCUCUGAGAAUGUCAGAAGGAAUUCCAAUCAGUUCAUCGGGCCCCCGUAUGGCCACAUUACAGCACGAGAGAAUCCCGUUUCCGGAGCGGUACCAUACGUGCGGAUGACGUUUUGGCCCUGCGUUCUCGGACUUGCCUCUAGUGGUUCUGCGGAUUUAAUUCUUAC
40	0.9159539937973022	0.9152541756629944	12	12	6	6	6	6	780	400	CGGUACAUUGCUUAGAGCACGUGUCCUACAAAGCUCUCAUGAACUUCGAUGCACGUGCCCAACUUCCUUCAGUGGAAAUGUAUUGGGGACGUUUACUGCAUUUACCAGAGGCUACCCGAAUCACUGUUUCAUUUUCAUGUAAAGCUCACGCCUCUUCACCUUACAUUUGCCGACAAACUAAAUUGGUGUUCCGGCUCGGGCAGUUGCAACAUAGGGUCAGCAACAAUGGUCAACUCUCUGAGAAUGUCAGAAGGAAUUCCAAUCAGUUCAUCGGGCCCCCGUAUGGCCACAUUACAGCACGAGAGAAUCCCGUUUCCGGAGCGGUACCAUACGUGCGGAUGACGUUUUGGCCCUGCGUUCUCGGACUUGCCUCUAGUGGUUCUGCGGAUUUAAUUCUUAC
40	0.9329435229301453	0.9322034120559692	13	12	6	6	6	6	780	400	CGGUACAUUGCUUAGAGCACGUGUCCUACAAAGCUCUCAUGAACUUCGAUGCACGUGCCCAACUUCCUUCAGUGGAAAUGUAUUGGGGACGUUUACUGCAUUUACCAGAGGCUACCCGAAUCACUGUUUCAUUUUCAUGUAAAGCUCACGCCUCUUCACCUUACAUUUGCCGACAAACUAAAUUGGUGUUCCGGCUCGGGCAGUUGCAACAUAGGGUCAGCAACAAUGGUCAACUCUCUGAGAAUGUCAGAAGGAAUUCCAAUCAGUUCAUCGGGCCCCCGUAUGGCCACAUUACAGCACGAGAGAAUCCCGUUUCCGGAGCGGUACCAUACGUGCGGAUGACGUUUUGGCCCUGCGUUCUCGGACUUGCCUCUAGUGGUUCUGCGGAUUUAAUUCUUAC
40	0.9097495675086975	0.9083333611488342	13	12	6	6	6	6	780	400	CGGUACAUUGCUUAGAGCACGUGUCCUACAAAGCUCUCAUGAACUUCGAUGCACGUGCCCAACUUCCUUCAGUGGAAAUGUAUUGGGGACGUUUACUGCAUUUACCAGAGGCUACCCGAAUCACUGUUUCAUUUUCAUGUAAAGCUCACGCCUCUUCACCUUACAUUUGCCGACAAACUAAAUUGGUGUUCCGGCUCGGGCAGUUGCAACAUAGGGUCAGCAACAAUGGUCAACUCUCUGAGAAUGUCAGAAGGAAUUCCAAUCAGUUCAUCGGGCCCCCGUAUGGCCACAUUACAGCACGAGAGAAUCCCGUUUCCGGAGCGGUACCAUACGUGCGGAUGACGUUUUGGCCCUGCGUUCUCGGACUUGCCUCUAGUGGUUCUGCGGAUUUAAUUCUUAC
40	0.9460889101028442	0.9451476335525513	12	12	6	6	6	6	780	400	CGGUACAUUGCUUAGAGCACGUGUCCUACAAAGCUCUCAUGAACUUCGAUGCACGUGCCCAACUUCCUUCAGUGGAAAUGUAUUGGGGACGUUUACUGCAUUUACCAGAGGCUACCCGAAUCACUGUUUCAUUUUCAUGUAAAGCUCACGCCUCUUCACCUUACAUUUGCCGACAAACUAAAUUGGUGUUCCGGCUCGGGCAGUUGCAACAUAGGGUCAGCAACAAUGGUCAACUCUCUGAGAAUGUCAGAAGGAAUUCCAAUCAGUUCAUCGGGCCCCCGUAUGGCCACAUUACAGCACGAGAGAAUCCCGUUUCCGGAGCGGUACCAUACGUGCGGAUGACGUUUUGGCCCUGCGUUCUCGGACUUGCCUCUAGUGGUUCUGCGGAUUUAAUUCUUAC
40	0.8880658745765686	0.8879310488700867	13	12	6	6	6	6	780	400	CGGUACAUUGCUUAGAGCACGUGUCCUACAAAGCUCUCAUGAACUUCGAUGCACGUGCCCAACUUCCUUCAGUGGAAAUGUAUUGGGGACGUUUACUGCAUUUACCAGAGGCUACCCGAAUCACUGUUUCAUUUUCAUGUAAAGCUCACGCCUCUUCACCUUACAUUUGCCGACAAACUAAAUUGGUGUUCCGGCUCGGGCAGUUGCAACAUAGGGUCAGCAACAAUGGUCAACUCUCUGAGAAUGUCAGAAGGAAUUCCAAUCAGUUCAUCGGGCCCCCGUAUGGCCACAUUACAGCACGAGAGAAUCCCGUUUCCGGAGCGGUACCAUACGUGCGGAUGACGUUUUGGCCCUGCGUUCUCGGACUUGCCUCUAGUGGUUCUGCGGAUUUAAUUCUUAC
40	0.9207074046134949	0.9198312163352966	13	12	6	6	6	6	780	400	CGGUACAUUGCUUAGAGCACGUGUCCUACAAAGCUCUCAUGAACUUCGAUGCACGUGCCCAACUUCCUUCAGUGGAAAUGUAUUGGGGACGUUUACUGCAUUUACCAGAGGCUACCCGAAUCACUGUUUCAUUUUCAUGUAAAGCUCACGCCUCUUCACCUUACAUUUGCCGACAAACUAAAUUGGUGUUCCGGCUCGGGCAGUUGCAACAUAGGGUCAGCAACAAUGGUCAACUCUCUGAGAAUGUCAGAAGGAAUUCCAAUCAGUUCAUCGGGCCCCCGUAUGGCCACAUUACAGCACGAGAGAAUCCCGUUUCCGGAGCGGUACCAUACGUGCGGAUGACGUUUUGGCCCUGCGUUCUCGGACUUGCCUCUAGUGGUUCUGCGGAUUUAAUUCUUAC
40	0.9159539937973022	0.9152541756629944	12	12	6	6	6	6	780	400	CGGUACAUUGCUUAGAGCACGUGUCCUACAAAGCUCUCAUGAACUUCGAUGCACGUGCCCAACUUCCUUCAGUGGAAAUGUAUUGGGGACGUUUACUGCAUUUACCAGAGGCUACCCGAAUCACUGUUUCAUUUUCAUGUAAAGCUCACGCCUCUUCACCUUACAUUUGCCGACAAACUAAAUUGGUGUUCCGGCUCGGGCAGUUGCAACAUAGGGUCAGCAACAAUGGUCAACUCUCUGAGAAUGUCAGAAGGAAUUCCAAUCAGUUCAUCGGGCCCCCGUAUGGCCACAUUACAGCACGAGAGAAUCCCGUUUCCGGAGCGGUACCAUACGUGCGGAUGACGUUUUGGCCCUGCGUUCUCGGACUUGCCUCUAGUGGUUCUGCGGAUUUAAUUCUUAC
40	0.9159539937973022	0.9152541756629944	12	12	6	6	6	6	780	400	CGGUACAUUGCUUAGAGCACGUGUCCUACAAAGCUCUCAUGAACUUCGAUGCACGUGCCCAACUUCCUUCAGUGGAAAUGUAUUGGGGACGUUUACUGCAUUUACCAGAGGCUACCCGAAUCACUGUUUCAUUUUCAUGUAAAGCUCACGCCUCUUCACCUUACAUUUGCCGACAAACUAAAUUGGUGUUCCGGCUCGGGCAGUUGCAACAUAGGGUCAGCAACAAUGGUCAACUCUCUGAGAAUGUCAGAAGGAAUUCCAAUCAGUUCAUCGGGCCCCCGUAUGGCCACAUUACAGCACGAGAGAAUCCCGUUUCCGGAGCGGUACCAUACGUGCGGAUGACGUUUUGGCCCUGCGUUCUCGGACUUGCCUCUAGUGGUUCUGCGGAUUUAAUUCUUAC
40	0.9367654919624329	0.936170220375061	12	12	6	6	6	6	780	400	CGGUACAUUGCUUAGAGCACGUGUCCUACAAAGCUCUCAUGAACUUCGAUGCACGUGCCCAACUUCCUUCAGUGGAAAUGUAUUGGGGACGUUUACUGCAUUUACCAGAGGCUACCCGAAUCACUGUUUCAUUUUCAUGUAAAGCUCACGCCUCUUCACCUUACAUUUGCCGACAAACUAAAUUGGUGUUCCGGCUCGGGCAGUUGCAACAUAGGGUCAGCAACAAUGGUCAACUCUCUGAGAAUGUCAGAAGGAAUUCCAAUCAGUUCAUCGGGCCCCCGUAUGGCCACAUUACAGCACGAGAGAAUCCCGUUUCCGGAGCGGUACCAUACGUGCGGAUGACGUUUUGGCCCUGCGUUCUCGGACUUGCCUCUAGUGGUUCUGCGGAUUUAAUUCUUAC
40	0.9545493721961975	0.9535864591598511	12	12	6	6	6	6	780	400	CGGUACAUUGCUUAGAGCACGUGUCCUACAAAGCUCUCAUGAACUUCGAUGCACGUGCCCAACUUCCUUCAGUGGAAAUGUAUUGGGGACGUUUACUGCAUUUACCAGAGGCUACCCGAAUCACUGUUUCAUUUUCAUGUAAAGCUCACGCCUCUUCACCUUACAUUUGCCGACAAACUAAAUUGGUGUUCCGGCUCGGGCAGUUGCAACAUAGGGUCAGCAACAAUGGUCAACUCUCUGAGAAUGUCAGAAGGAAUUCCAAUCAGUUCAUCGGGCCCCCGUAUGGCCACAUUACAGCACGAGAGAAUCCCGUUUCCGGAGCGGUACCAUACGUGCGGAUGACGUUUUGGCCCUGCGUUCUCGGACUUGCCUCUAGUGGUUCUGCGGAUUUAAUUCUUAC
40	0.9197065830230713	0.919148862361908	13	12	6	6	6	6	780	400	CGGUACAUUGCUUAGAGCACGUGUCCUACAAAGCUCUCAUGAACUUCGAUGCACGUGCCCAACUUCCUUCAGUGGAAAUGUAUUGGGGACGUUUACUGCAUUUACCAGAGGCUACCCGAAUCACUGUUUCAUUUUCAUGUAAAGCUCACGCCUCUUCACCUUACAUUUGCCGACAAACUAAAUUGGUGUUCCGGCUCGGGCAGUUGCAACAUAGGGUCAGCAACAAUGGUCAACUCUCUGAGAAUGUCAGAAGGAAUUCCAAUCAGUUCAUCGGGCCCCCGUAUGGCCACAUUACAGCACGAGAGAAUCCCGUUUCCGGAGCGGUACCAUACGUGCGGAUGACGUUUUGGCCCUGCGUUCUCGGACUUGCCUCUAGUGGUUCUGCGGAUUUAAUUCUUAC
40	0.9254376888275146	0.9243698120117188	13	12	6	6	6	6	780	400	CGGUACAUUGCUUAGAGCACGUGUCCUACAAAGCUCUCAUGAACUUCGAUGCACGUGCCCAACUUCCUUCAGUGGAAAUGUAUUGGGGACGUUUACUGCAUUUACCAGAGGCUACCCGAAUCACUGUUUCAUUUUCAUGUAAAGCUCACGCCUCUUCACCUUACAUUUGCCGACAAACUAAAUUGGUGUUCCGGCUCGGGCAGUUGCAACAUAGGGUCAGCAACAAUGGUCAACUCUCUGAGAAUGUCAGAAGGAAUUCCAAUCAGUUCAUCGGGCCCCCGUAUGGCCACAUUACAGCACGAGAGAAUCCCGUUUCCGGAGCGGUACCAUACGUGCGGAUGACGUUUUGGCCCUGCGUUCUCGGACUUGCCUCUAGUGGUUCUGCGGAUUUAAUUCUUAC
40	0.9545493721961975	0.9535864591598511	15	12	6	6	6	6	780	400	CGGUACAUUGCUUAGAGCACGUGUCCUACAAAGCUCUCAUGAACUUCGAUGCACGUGCCCAACUUCCUUCAGUGGAAAUGUAUUGGGGACGUUUACUGCAUUUACCAGAGGCUACCCGAAUCACUGUUUCAUUUUCAUGUAAAGCUCACGCCUCUUCACCUUACAUUUGCCGACAAACUAAAUUGGUGUUCCGGCUCGGGCAGUUGCAACAUAGGGUCAGCAACAAUGGUCAACUCUCUGAGAAUGUCAGAAGGAAUUCCAAUCAGUUCAUCGGGCCCCCGUAUGGCCACAUUACAGCACGAGAGAAUCCCGUUUCCGGAGCGGUACCAUACGUGCGGAUGACGUUUUGGCCCUGCGUUCUCGGACUUGCCUCUAGUGGUUCUGCGGAUUUAAUUCUUAC
40	0.9414383172988892	0.9406779408454895	11	12	6	6	6	6	780	400	CGGUACAUUGCUUAGAGCACGUGUCCUACAAAGCUCUCAUGAACUUCGAUGCACGUGCCCAACUUCCUUCAGUGGAAAUGUAUUGGGGACGUUUACUGCAUUUACCAGAGGCUACCCGAAUCACUGUUUCAUUUUCAUGUAAAGCUCACGCCUCUUCACCUUACAUUUGCCGACAAACUAAAUUGGUGUUCCGGCUCGGGCAGUUGCAACAUAGGGUCAGCAACAAUGGUCAACUCUCUGAGAAUGUCAGAAGGAAUUCCAAUCAGUUCAUCGGGCCCCCGUAUGGCCACAUUACAGCACGAGAGAAUCCCGUUUCCGGAGCGGUACCAUACGUGCGGAUGACGUUUUGGCCCUGCGUUCUCGGACUUGCCUCUAGUGGUUCUGCGGAUUUAAUUCUUAC
40	0.9460889101028442	0.9451476335525513	13	12	6	6	6	6	780	400	CGGUACAUUGCUUAGAGCACGUGUCCUACAAAGCUCUCAUGAACUUCGAUGCACGUGCCCAACUUCCUUCAGUGGAAAUGUAUUGGGGACGUUUACUGCAUUUACCAGAGGCUACCCGAAUCACUGUUUCAUUUUCAUGUAAAGCUCACGCCUCUUCACCUUACAUUUGCCGACAAACUAAAUUGGUGUUCCGGCUCGGGCAGUUGCAACAUAGGGUCAGCAACAAUGGUCAACUCUCUGAGAAUGUCAGAAGGAAUUCCAAUCAGUUCAUCGGGCCCCCGUAUGGCCACAUUACAGCACGAGAGAAUCCCGUUUCCGGAGCGGUACCAUACGUGCGGAUGACGUUUUGGCCCUGCGUUCUCGGACUUGCCUCUAGUGGUUCUGCGGAUUUAAUUCUUAC
40	0.9207074046134949	0.9198312163352966	13	12	6	6	6	6	780	400	CGGUACAUUGCUUAGAGCACGUGUCCUACAAAGCUCUCAUGAACUUCGAUGCACGUGCCCAACUUCCUUCAGUGGAAAUGUAUUGGGGACGUUUACUGCAUUUACCAGAGGCUACCCGAAUCACUGUUUCAUUUUCAUGUAAAGCUCACGCCUCUUCACCUUACAUUUGCCGACAAACUAAAUUGGUGUUCCGGCUCGGGCAGUUGCAACAUAGGGUCAGCAACAAUGGUCAACUCUCUGAGAAUGUCAGAAGGAAUUCCAAUCAGUUCAUCGGGCCCCCGUAUGGCCACAUUACAGCACGAGAGAAUCCCGUUUCCGGAGCGGUACCAUACGUGCGGAUGACGUUUUGGCCCUGCGUUCUCGGACUUGCCUCUAGUGGUUCUGCGGAUUUAAUUCUUAC
40	0.918109655380249	0.9166666269302368	13	12	6	6	6	6	780	400	CGGUACAUUGCUUAGAGCACGUGUCCUACAAAGCUCUCAUGAACUUCGAUGCACGUGCCCAACUUCCUUCAGUGGAAAUGUAUUGGGGACGUUUACUGCAUUUACCAGAGGCUACCCGAAUCACUGUUUCAUUUUCAUGUAAAGCUCACGCCUCUUCACCUUACAUUUGCCGACAAACUAAAUUGGUGUUCCGGCUCGGGCAGUUGCAACAUAGGGUCAGCAACAAUGGUCAACUCUCUGAGAAUGUCAGAAGGAAUUCCAAUCAGUUCAUCGGGCCCCCGUAUGGCCACAUUACAGCACGAGAGAAUCCCGUUUCCGGAGCGGUACCAUACGUGCGGAUGACGUUUUGGCCCUGCGUUCUCGGACUUGCCUCUAGUGGUUCUGCGGAUUUAAUUCUUAC
40	0.8664512634277344	0.8655462861061096	14	12	6	6	6	6	780	400	CGGUACAUUGCUUAGAGCACGUGUCCUACAAAGCUCUCAUGAACUUCGAUGCACGUGCCCAACUUCCUUCAGUGGAAAUGUAUUGGGGACGUUUACUGCAUUUACCAGAGGCUACCCGAAUCACUGUUUCAUUUUCAUGUAAAGCUCACGCCUCUUCACCUUACAUUUGCCGACAAACUAAAUUGGUGUUCCGGCUCGGGCAGUUGCAACAUAGGGUCAGCAACAAUGGUCAACUCUCUGAGAAUGUCAGAAGGAAUUCCAAUCAGUUCAUCGGGCCCCCGUAUGGCCACAUUACAGCACGAGAGAAUCCCGUUUCCGGAGCGGUACCAUACGUGCGGAUGACGUUUUGGCCCUGCGUUCUCGGACUUGCCUCUAGUGGUUCUGCGGAUUUAAUUCUUAC
41	0.14791133999824524	0.14912281930446625	1	12	6	6	6	6	780	400	GUCCCUCUACUGUAGUGCUAGCGCUCGACGUCUCGAACGGAGUACUUUCAAUAGUAACUCCGGUGGGGUCCUAAGCAGACUGUUCAUAUACAAAGACGUUAGAGCCCGUUCCGUCACGCUUUAACUAUUUUCCAACCUUCUAUAUUCCAGGCUAGUCACUCUUGCUAUACUUAUACUUGCCGCUGCAUGUUGUGCCCUGCGCCAUCACUGCUUCACAACGCUCAGAUGUGGAGCUAAAGUUCUAUAAUUUUCCAAUCAACACCCAUAGCCGCGUGAUUCUCCCCACUCGUUGACUAGUACCGCUCCCGACCUCCUCUAUGGAAACCGCUAGUGGGAUCUACAAGGCGGAAGUGGGGCUGCAAUUGCACGCUGAACGGCUCCCCGCUUUUACAUCAGCUUC
41	0.6458430886268616	0.6451612710952759	2	12	6	6	6	6	780	400	GUCCCUCUACUGUAGUGCUAGCGCUCGACGUCUCGAACGGAGUACUUUCAAUAGUAACUCCGGUGGGGUCCUAAGCAGACUGUUCAUAUACAAAGACGUUAGAGCCCGUUCCGUCACGCUUUAACUAUUUUCCAACCUUCUAUAUUCCAGGCUAGUCACUCUUGCUAUACUUAUACUUGCCGCUGCAUGUUGUGCCCUGCGCCAUCACUGCUUCACAACGCUCAGAUGUGGAGCUAAAGUUCUAUAAUUUUCCAAUCAACACCCAUAGCCGCGUGAUUCUCCCCACUCGUUGACUAGUACCGCUCCCGACCUCCUCUAUGGAAACCGCUAGUGGGAUCUACAAGGCGGAAGUGGGGCUGCAAUUGCACGCUGAACGGCUCCCCGCUUUUACAUCAGCUUC
41	0.8227150440216064	0.8219178318977356	3	12	6	6	6	6	780	400	GUCCCUCUACUGUAGUGCUAGCGCUCGACGUCUCGAACGGAGUACUUUCAAUAGUAACUCCGGUGGGGUCCUAAGCAGACUGUUCAUAUACAAAGACGUUAGAGCCCGUUCCGUCACGCUUUAACUAUUUUCCAACCUUCUAUAUUCCAGGCUAGUCACUCUUGCUAUACUUAUACUUGCCGCUGCAUGUUGUGCCCUGCGCCAUCACUGCUUCACAACGCUCAGAUGUGGAGCUAAAGUUCUAUAAUUUUCCAAUCAACACCCAUAGCCGCGUGAUUCUCCCCACUCGUUGACUAGUACCGCUCCCGACCUCCUCUAUGGAAACCGCUAGUGGGAUCUACAAGGCGGAAGUGGGGCUGCAAUUGCACGCUGAACGGCUCCCCGCUUUUACAUCAGCUUC
41	0.4446222186088562	0.44541484117507935	4	12	6	6	6	6	780	400	GUCCCUCUACUGUAGUGCUAGCGCUCGACGUCUCGAACGGAGUACUUUCAAUAGUAACUCCGGUGGGGUCCUAAGCAGACUGUUCAUAUACAAAGACGUUAGAGCCCGUUCCGUCACGCUUUAACUAUUUUCCAACCUUCUAUAUUCCAGGCUAGUCACUCUUGCUAUACUUAUACUUGCCGCUGCAUGUUGUGCCCUGCGCCAUCACUGCUUCACAACGCUCAGAUGUGGAGCUAAAGUUCUAUAAUUUUCCAAUCAACACCCAUAGCCGCGUGAUUCUCCCCACUCGUUGACUAGUACCGCUCCCGACCUCCUCUAUGGAAACCGCUAGUGGGAUCUACAAGGCGGAAGUGGGGCUGCAAUUGCACGCUGAACGGCUCCCCGCUUUUACAUCAGCUUC
41	0.842110276222229	0.8416289687156677	5	12	6	6	6	6	780	400	GUCCCUCUACUGUAGUGCUAGCGCUCGACGUCUCGAACGGAGUACUUUCAAUAGUAACUCCGGUGGGGUCCUAAGCAGACUGUUCAUAUACAAAGACGUUAGAGCCCGUUCCGUCACGCUUUAACUAUUUUCCAACCUUCUAUAUUCCAGGCUAGUCACUCUUGCUAUACUUAUACUUGCCGCUGCAUGUUGUGCCCUGCGCCAUCACUGCUUCACAACGCUCAGAUGUGGAGCUAAAGUUCUAUAAUUUUCCAAUCAACACCCAUAGCCGCGUGAUUCUCCCCACUCGUUGACUAGUACCGCUCCCGACCUCCUCUAUGGAAACCGCUAGUGGGAUCUACAAGGCGGAAGUGGGGCUGCAAUUGCACGCUGAACGGCUCCCCGCUUUUACAUCAGCUUC
41	0.6278902888298035	0.6283185482025146	6	12	6	6	6	6	780	400	GUCCCUCUACUGUAGUGCUAGCGCUCGACGUCUCGAACGGAGUACUUUCAAUAGUAACUCCGGUGGGGUCCUAAGCAGACUGUUCAUAUACAAAGACGUUAGAGCCCGUUCCGUCACGCUUUAACUAUUUUCCAACCUUCUAUAUUCCAGGCUAGUCACUCUUGCUAUACUUAUACUUGCCGCUGCAUGUUGUGCCCUGCGCCAUCACUGCUUCACAACGCUCAGAUGUGGAGCUAAAGUUCUAUAAUUUUCCAAUCAACACCCAUAGCCGCGUGAUUCUCCCCACUCGUUGACUAGUACCGCUCCCGACCUCCUCUAUGGAAACCGCUAGUGGGAUCUACAAGGCGGAAGUGGGGCUGCAAUUGCACGCUGAACGGCUCCCCGCUUUUACAUCAGCUUC
41	0.8100988864898682	0.8103448152542114	7	12	6	6	6	6	780	400	GUCCCUCUACUGUAGUGCUAGCGCUCGACGUCUCGAACGGAGUACUUUCAAUAGUAACUCCGGUGGGGUCCUAAGCAGACUGUUCAUAUACAAAGACGUUAGAGCCCGUUCCGUCACGCUUUAACUAUUUUCCAACCUUCUAUAUUCCAGGCUAGUCACUCUUGCUAUACUUAUACUUGCCGCUGCAUGUUGUGCCCUGCGCCAUCACUGCUUCACAACGCUCAGAUGUGGAGCUAAAGUUCUAUAAUUUUCCAAUCAACACCCAUAGCCGCGUGAUUCUCCCCACUCGUUGACUAGUACCGCUCCCGACCUCCUCUAUGGAAACCGCUAGUGGGAUCUACAAGGCGGAAGUGGGGCUGCAAUUGCACGCUGAACGGCUCCCCGCUUUUACAUCAGCUUC
41	0.8791890144348145	0.878923773765564	8	12	6	6	6	6	780	400	GUCCCUCUACUGUAGUGCUAGCGCUCGACGUCUCGAACGGAGUACUUUCAAUAGUAACUCCGGUGGGGUCCUAAGCAGACUGUUCAUAUACAAAGACGUUAGAGCCCGUUCCGUCACGCUUUAACUAUUUUCCAACCUUCUAUAUUCCAGGCUAGUCACUCUUGCUAUACUUAUACUUGCCGCUGCAUGUUGUGCCCUGCGCCAUCACUGCUUCACAACGCUCAGAUGUGGAGCUAAAGUUCUAUAAUUUUCCAAUCAACACCCAUAGCCGCGUGAUUCUCCCCACUCGUUGACUAGUACCGCUCCCGACCUCCUCUAUGGAAACCGCUAGUGGGAUCUACAAGGCGGAAGUGGGGCUGCAAUUGCACGCUGAACGGCUCCCCGCUUUUACAUCAGCUUC
41	0.7967610359191895	0.7963801026344299	9	12	6	6	6	6	780	400	GUCCCUCUACUGUAGUGCUAGCGCUCGACGUCUCGAACGGAGUACUUUCAAUAGUAACUCCGGUGGGGUCCUAAGCAGACUGUUCAUAUACAAAGACGUUAGAGCCCGUUCCGUCACGCUUUAACUAUUUUCCAACCUUCUAUAUUCCAGGCUAGUCACUCUUGCUAUACUUAUACUUGCCGCUGCAUGUUGUGCCCUGCGCCAUCACUGCUUCACAACGCUCAGAUGUGGAGCUAAAGUUCUAUAAUUUUCCAAUCAACACCCAUAGCCGCGUGAUUCUCCCCACUCGUUGACUAGUACCGCUCCCGACCUCCUCUAUGGAAACCGCUAGUGGGAUCUACAAGGCGGAAGUGGGGCUGCAAUUGCACGCUGAACGGCUCCCCGCUUUUACAUCAGCUUC
41	0.8140237331390381	0.8141593337059021	10	12	6	6	6	6	780	400	GUCCCUCUACUGUAGUGCUAGCGCUCGACGUCUCGAACGGAGUACUUUCAAUAGUAACUCCGGUGGGGUCCUAAGCAGACUGUUCAUAUACAAAGACGUUAGAGCCCGUUCCGUCACGCUUUAACUAUUUUCCAACCUUCUAUAUUCCAGGCUAGUCACUCUUGCUAUACUUAUACUUGCCGCUGCAUGUUGUGCCCUGCGCCAUCACUGCUUCACAACGCUCAGAUGUGGAGCUAAAGUUCUAUAAUUUUCCAAUCAACACCCAUAGCCGCGUGAUUCUCCCCACUCGUUGACUAGUACCGCUCCCGACCUCCUCUAUGGAAACCGCUAGUGGGAUCUACAAGGCGGAAGUGGGGCUGCAAUUGCACGCUGAACGGCUCCCCGCUUUUACAUCAGCUUC
41	0.8897889256477356	0.8898678421974182	11	12	6	6	6	6	780	400	GUCCCUCUACUGUAGUGCUAGCGCUCGACGUCUCGAACGGAGUACUUUCAAUAGUAACUCCGGUGGGGUCCUAAGCAGACUGUUCAUAUACAAAGACGUUAGAGCCCGUUCCGUCACGCUUUAACUAUUUUCCAACCUUCUAUAUUCCAGGCUAGUCACUCUUGCUAUACUUAUACUUGCCGCUGCAUGUUGUGCCCUGCGCCAUCACUGCUUCACAACGCUCAGAUGUGGAGCUAAAGUUCUAUAAUUUUCCAAUCAACACCCAUAGCCGCGUGAUUCUCCCCACUCGUUGACUAGUACCGCUCCCGACCUCCUCUAUGGAAACCGCUAGUGGGAUCUACAAGGCGGAAGUGGGGCUGCAAUUGCACGCUGAACGGCUCCCCGCUUUUACAUCAGCUUC
41	0.8978558778762817	0.8977777361869812	12	12	6	6	6	6	780	400	GUCCCUCUACUGUAGUGCUAGCGCUCGACGUCUCGAACGGAGUACUUUCAAUAGUAACUCCGGUGGGGUCCUAAGCAGACUGUUCAUAUACAAAGACGUUAGAGCCCGUUCCGUCACGCUUUAACUAUUUUCCAACCUUCUAUAUUCCAGGCUAGUCACUCUUGCUAUACUUAUACUUGCCGCUGCAUGUUGUGCCCUGCGCCAUCACUGCUUCACAACGCUCAGAUGUGGAGCUAAAGUUCUAUAAUUUUCCAAUCAACACCCAUAGCCGCGUGAUUCUCCCCACUCGUUGACUAGUACCGCUCCCGACCUCCUCUAUGGAAACCGCUAGUGGGAUCUACAAGGCGGAAGUGGGGCUGCAAUUGCACGCUGAACGGCUCCCCGCUUUUACAUCAGCUUC
41	0.839602530002594	0.8398268222808838	13	12	6	6	6	6	780	400	GUCCCUCUACUGUAGUGCUAGCGCUCGACGUCUCGAACGGAGUACUUUCAAUAGUAACUCCGGUGGGGUCCUAAGCAGACUGUUCAUAUACAAAGACGUUAGAGCCCGUUCCGUCACGCUUUAACUAUUUUCCAACCUUCUAUAUUCCAGGCUAGUCACUCUUGCUAUACUUAUACUUGCCGCUGCAUGUUGUGCCCUGCGCCAUCACUGCUUCACAACGCUCAGAUGUGGAGCUAAAGUUCUAUAAUUUUCCAAUCAACACCCAUAGCCGCGUGAUUCUCCCCACUCGUUGACUAGUACCGCUCCCGACCUCCUCUAUGGAAACCGCUAGUGGGAUCUACAAGGCGGAAGUGGGGCUGCAAUUGCACGCUGAACGGCUCCCCGCUUUUACAUCAGCUUC
41	0.8867933750152588	0.886956512928009	13	12	6	6	6	6	780	400	GUCCCUCUACUGUAGUGCUAGCGCUCGACGUCUCGAACGGAGUACUUUCAAUAGUAACUCCGGUGGGGUCCUAAGCAGACUGUUCAUAUACAAAGACGUUAGAGCCCGUUCCGUCACGCUUUAACUAUUUUCCAACCUUCUAUAUUCCAGGCUAGUCACUCUUGCUAUACUUAUACUUGCCGCUGCAUGUUGUGCCCUGCGCCAUCACUGCUUCACAACGCUCAGAUGUGGAGCUAAAGUUCUAUAAUUUUCCAAUCAACACCCAUAGCCGCGUGAUUCUCCCCACUCGUUGACUAGUACCGCUCCCGACCUCCUCUAUGGAAACCGCUAGUGGGAUCUACAAGGCGGAAGUGGGGCUGCAAUUGCACGCUGAACGGCUCCCCGCUUUUACAUCAGCUUC
41	0.9109166264533997	0.910714328289032	14	12	6	6	6	6	780	400	GUCCCUCUACUGUAGUGCUAGCGCUCGACGUCUCGAACGGAGUACUUUCAAUAGUAACUCCGGUGGGGUCCUAAGCAGACUGUUCAUAUACAAAGACGUUAGAGCCCGUUCCGUCACGCUUUAACUAUUUUCCAACCUUCUAUAUUCCAGGCUAGUCACUCUUGCUAUACUUAUACUUGCCGCUGCAUGUUGUGCCCUGCGCCAUCACUGCUUCACAACGCUCAGAUGUGGAGCUAAAGUUCUAUAAUUUUCCAAUCAACACCCAUAGCCGCGUGAUUCUCCCCACUCGUUGACUAGUACCGCUCCCGACCUCCUCUAUGGAAACCGCUAGUGGGAUCUACAAGGCGGAAGUGGGGCUGCAAUUGCACGCUGAACGGCUCCCCGCUUUUACAUCAGCUUC
41	0.8556963205337524	0.8558952808380127	13	12	6	6	6	6	780	400	GUCCCUCUACUGUAGUGCUAGCGCUCGACGUCUCGAACGGAGUACUUUCAAUAGUAACUCCGGUGGGGUCCUAAGCAGACUGUUCAUAUACAAAGACGUUAGAGCCCGUUCCGUCACGCUUUAACUAUUUUCCAACCUUCUAUAUUCCAGGCUAGUCACUCUUGCUAUACUUAUACUUGCCGCUGCAUGUUGUGCCCUGCGCCAUCACUGCUUCACAACGCUCAGAUGUGGAGCUAAAGUUCUAUAAUUUUCCAAUCAACACCCAUAGCCGCGUGAUUCUCCCCACUCGUUGACUAGUACCGCUCCCGACCUCCUCUAUGGAAACCGCUAGUGGGAUCUACAAGGCGGAAGUGGGGCUGCAAUUGCACGCUGAACGGCUCCCCGCUUUUACAUCAGCUUC
41	0.8717344403266907	0.8717948198318481	15	12	6	6	6	6	780	400	GUCCCUCUACUGUAGUGCUAGCGCUCGACGUCUCGAACGGAGUACUUUCAAUAGUAACUCCGGUGGGGUCCUAAGCAGACUGUUCAUAUACAAAGACGUUAGAGCCCGUUCCGUCACGCUUUAACUAUUUUCCAACCUUCUAUAUUCCAGGCUAGUCACUCUUGCUAUACUUAUACUUGCCGCUGCAUGUUGUGCCCUGCGCCAUCACUGCUUCACAACGCUCAGAUGUGGAGCUAAAGUUCUAUAAUUUUCCAAUCAACACCCAUAGCCGCGUGAUUCUCCCCACUCGUUGACUAGUACCGCUCCCGACCUCCUCUAUGGAAACCGCUAGUGGGAUCUACAAGGCGGAAGUGGGGCUGCAAUUGCACGCUGAACGGCUCCCCGCUUUUACAUCAGCUUC
41	0.8482732176780701	0.8484849333763123	14	12	6	6	6	6	780	400	GUCCCUCUACUGUAGUGCUAGCGCUCGACGUCUCGAACGGAGUACUUUCAAUAGUAACUCCGGUGGGGUCCUAAGCAGACUGUUCAUAUACAAAGACGUUAGAGCCCGUUCCGUCACGCUUUAACUAUUUUCCAACCUUCUAUAUUCCAGGCUAGUCACUCUUGCUAUACUUAUACUUGCCGCUGCAUGUUGUGCCCUGCGCCAUCACUGCUUCACAACGCUCAGAUGUGGAGCUAAAGUUCUAUAAUUUUCCAAUCAACACCCAUAGCCGCGUGAUUCUCCCCACUCGUUGACUAGUACCGCUCCCGACCUCCUCUAUGGAAACCGCUAGUGGGAUCUACAAGGCGGAAGUGGGGCUGCAAUUGCACGCUGAACGGCUCCCCGCUUUUACAUCAGCUUC
41	0.8519605994224548	0.852173924446106	14	12	6	6	6	6	780	400	GUCCCUCUACUGUAGUGCUAGCGCUCGACGUCUCGAACGGAGUACUUUCAAUAGUAACUCCGGUGGGGUCCUAAGCAGACUGUUCAUAUACAAAGACGUUAGAGCCCGUUCCGUCACGCUUUAACUAUUUUCCAACCUUCUAUAUUCCAGGCUAGUCACUCUUGCUAUACUUAUACUUGCCGCUGCAUGUUGUGCCCUGCGCCAUCACUGCUUCACAACGCUCAGAUGUGGAGCUAAAGUUCUAUAAUUUUCCAAUCAACACCCAUAGCCGCGUGAUUCUCCCCACUCGUUGACUAGUACCGCUCCCGACCUCCUCUAUGGAAACCGCUAGUGGGAUCUACAAGGCGGAAGUGGGGCUGCAAUUGCACGCUGAACGGCUCCCCGCUUUUACAUCAGCUUC
41	0.8496364951133728	0.8497853875160217	15	12	6	6	6	6	780	400	GUCCCUCUACUGUAGUGCUAGCGCUCGACGUCUCGAACGGAGUACUUUCAAUAGUAACUCCGGUGGGGUCCUAAGCAGACUGUUCAUAUACAAAGACGUUAGAGCCCGUUCCGUCACGCUUUAACUAUUUUCCAACCUUCUAUAUUCCAGGCUAGUCACUCUUGCUAUACUUAUACUUGCCGCUGCAUGUUGUGCCCUGCGCCAUCACUGCUUCACAACGCUCAGAUGUGGAGCUAAAGUUCUAUAAUUUUCCAAUCAACACCCAUAGCCGCGUGAUUCUCCCCACUCGUUGACUAGUACCGCUCCCGACCUCCUCUAUGGAAACCGCUAGUGGGAUCUACAAGGCGGAAGUGGGGCUGCAAUUGCACGCUGAACGGCUCCCCGCUUUUACAUCAGCUUC
41	0.8906813263893127	0.8908296823501587	14	12	6	6	6	6	780	400	GUCCCUCUACUGUAGUGCUAGCGCUCGACGUCUCGAACGGAGUACUUUCAAUAGUAACUCCGGUGGGGUCCUAAGCAGACUGUUCAUAUACAAAGACGUUAGAGCCCGUUCCGUCACGCUUUAACUAUUUUCCAACCUUCUAUAUUCCAGGCUAGUCACUCUUGCUAUACUUAUACUUGCCGCUGCAUGUUGUGCCCUGCGCCAUCACUGCUUCACAACGCUCAGAUGUGGAGCUAAAGUUCUAUAAUUUUCCAAUCAACACCCAUAGCCGCGUGAUUCUCCCCACUCGUUGACUAGUACCGCUCCCGACCUCCUCUAUGGAAACCGCUAGUGGGAUCUACAAGGCGGAAGUGGGGCUGCAAUUGCACGCUGAACGGCUCCCCGCUUUUACAUCAGCUUC
41	0.8633172512054443	0.8634361624717712	13	12	6	6	6	6	780	400	GUCCCUCUACUGUAGUGCUAGCGCUCGACGUCUCGAACGGAGUACUUUCAAUAGUAACUCCGGUGGGGUCCUAAGCAGACUGUUCAUAUACAAAGACGUUAGAGCCCGUUCCGUCACGCUUUAACUAUUUUCCAACCUUCUAUAUUCCAGGCUAGUCACUCUUGCUAUACUUAUACUUGCCGCUGCAUGUUGUGCCCUGCGCCAUCACUGCUUCACAACGCUCAGAUGUGGAGCUAAAGUUCUAUAAUUUUCCAAUCAACACCCAUAGCCGCGUGAUUCUCCCCACUCGUUGACUAGUACCGCUCCCGACCUCCUCUAUGGAAACCGCUAGUGGGAUCUACAAGGCGGAAGUGGGGCUGCAAUUGCACGCUGAACGGCUCCCCGCUUUUACAUCAGCUUC
41	0.8986127972602844	0.8986783623695374	14	12	6	6	6	6	780	400	GUCCCUCUACUGUAGUGCUAGCGCUCGACGUCUCGAACGGAGUACUUUCAAUAGUAACUCCGGUGGGGUCCUAAGCAGACUGUUCAUAUACAAAGACGUUAGAGCCCGUUCCGUCACGCUUUAACUAUUUUCCAACCUUCUAUAUUCCAGGCUAGUCACUCUUGCUAUACUUAUACUUGCCGCUGCAUGUUGUGCCCUGCGCCAUCACUGCUUCACAACGCUCAGAUGUGGAGCUAAAGUUCUAUAAUUUUCCAAUCAACACCCAUAGCCGCGUGAUUCUCCCCACUCGUUGACUAGUACCGCUCCCGACCUCCUCUAUGGAAACCGCUAGUGGGAUCUACAAGGCGGAAGUGGGGCUGCAAUUGCACGCUGAACGGCUCCCCGCUUUUACAUCAGCUUC
41	0.9061458110809326	0.9058296084403992	13	12	6	6	6	6	780	400	GUCCCUCUACUGUAGUGCUAGCGCUCGACGUCUCGAACGGAGUACUUUCAAUAGUAACUCCGGUGGGGUCCUAAGCAGACUGUUCAUAUACAAAGACGUUAGAGCCCGUUCCGUCACGCUUUAACUAUUUUCCAACCUUCUAUAUUCCAGGCUAGUCACUCUUGCUAUACUUAUACUUGCCGCUGCAUGUUGUGCCCUGCGCCAUCACUGCUUCACAACGCUCAGAUGUGGAGCUAAAGUUCUAUAAUUUUCCAAUCAACACCCAUAGCCGCGUGAUUCUCCCCACUCGUUGACUAGUACCGCUCCCGACCUCCUCUAUGGAAACCGCUAGUGGGAUCUACAAGGCGGAAGUGGGGCUGCAAUUGCACGCUGAACGGCUCCCCGCUUUUACAUCAGCUUC
41	0.8986127972602844	0.8986783623695374	14	12	6	6	6	6	780	400	GUCCCUCUACUGUAGUGCUAGCGCUCGACGUCUCGAACGGAGUACUUUCAAUAGUAACUCCGGUGGGGUCCUAAGCAGACUGUUCAUAUACAAAGACGUUAGAGCCCGUUCCGUCACGCUUUAACUAUUUUCCAACCUUCUAUAUUCCAGGCUAGUCACUCUUGCUAUACUUAUACUUGCCGCUGCAUGUUGUGCCCUGCGCCAUCACUGCUUCACAACGCUCAGAUGUGGAGCUAAAGUUCUAUAAUUUUCCAAUCAACACCCAUAGCCGCGUGAUUCUCCCCACUCGUUGACUAGUACCGCUCCCGACCUCCUCUAUGGAAACCGCUAGUGGGAUCUACAAGGCGGAAGUGGGGCUGCAAUUGCACGCUGAACGGCUCCCCGCUUUUACAUCAGCUUC
41	0.8889522552490234	0.8888888955116272	14	12	6	6	6	6	780	400	GUCCCUCUACUGUAGUGCUAGCGCUCGACGUCUCGAACGGAGUACUUUCAAUAGUAACUCCGGUGGGGUCCUAAGCAGACUGUUCAUAUACAAAGACGUUAGAGCCCGUUCCGUCACGCUUUAACUAUUUUCCAACCUUCUAUAUUCCAGGCUAGUCACUCUUGCUAUACUUAUACUUGCCGCUGCAUGUUGUGCCCUGCGCCAUCACUGCUUCACAACGCUCAGAUGUGGAGCUAAAGUUCUAUAAUUUUCCAAUCAACACCCAUAGCCGCGUGAUUCUCCCCACUCGUUGACUAGUACCGCUCCCGACCUCCUCUAUGGAAACCGCUAGUGGGAUCUACAAGGCGGAAGUGGGGCUGCAAUUGCACGCUGAACGGCUCCCCGCUUUUACAUCAGCUUC
41	0.8482732176780701	0.8484849333763123	14	12	6	6	6	6	780	400	GUCCCUCUACUGUAGUGCUAGCGCUCGACGUCUCGAACGGAGUACUUUCAAUAGUAACUCCGGUGGGGUCCUAAGCAGACUGUUCAUAUACAAAGACGUUAGAGCCCGUUCCGUCACGCUUUAACUAUUUUCCAACCUUCUAUAUUCCAGGCUAGUCACUCUUGCUAUACUUAUACUUGCCGCUGCAUGUUGUGCCCUGCGCCAUCACUGCUUCACAACGCUCAGAUGUGGAGCUAAAGUUCUAUAAUUUUCCAAUCAACACCCAUAGCCGCGUGAUUCUCCCCACUCGUUGACUAGUACCGCUCCCGACCUCCUCUAUGGAAACCGCUAGUGGGAUCUACAAGGCGGAAGUGGGGCUGCAAUUGCACGCUGAACGGCUCCCCGCUUUUACAUCAGCUUC
41	0.8906813263893127	0.8908296823501587	14	12	6	6	6	6	780	400	GUCCCUCUACUGUAGUGCUAGCGCUCGACGUCUCGAACGGAGUACUUUCAAUAGUAACUCCGGUGGGGUCCUAAGCAGACUGUUCAUAUACAAAGACGUUAGAGCCCGUUCCGUCACGCUUUAACUAUUUUCCAACCUUCUAUAUUCCAGGCUAGUCACUCUUGCUAUACUUAUACUUGCCGCUGCAUGUUGUGCCCUGCGCCAUCACUGCUUCACAACGCUCAGAUGUGGAGCUAAAGUUCUAUAAUUUUCCAAUCAACACCCAUAGCCGCGUGAUUCUCCCCACUCGUUGACUAGUACCGCUCCCGACCUCCUCUAUGGAAACCGCUAGUGGGAUCUACAAGGCGGAAGUGGGGCUGCAAUUGCACGCUGAACGGCUCCCCGCUUUUACAUCAGCUUC
41	0.833987295627594	0.8340425491333008	14	12	6	6	6	6	780	400	GUCCCUCUACUGUAGUGCUAGCGCUCGACGUCUCGAACGGAGUACUUUCAAUAGUAACUCCGGUGGGGUCCUAAGCAGACUGUUCAUAUACAAAGACGUUAGAGCCCGUUCCGUCACGCUUUAACUAUUUUCCAACCUUCUAUAUUCCAGGCUAGUCACUCUUGCUAUACUUAUACUUGCCGCUGCAUGUUGUGCCCUGCGCCAUCACUGCUUCACAACGCUCAGAUGUGGAGCUAAAGUUCUAUAAUUUUCCAAUCAACACCCAUAGCCGCGUGAUUCUCCCCACUCGUUGACUAGUACCGCUCCCGACCUCCUCUAUGGAAACCGCUAGUGGGAUCUACAAGGCGGAAGUGGGGCUGCAAUUGCACGCUGAACGGCUCCCCGCUUUUACAUCAGCUUC
42	0.33458536863327026	0.33472803235054016	1	12	6	6	6	6	780	400	UGUCGUUCUCCGAACCAGAAGUCCAAAUACAGUCGUCCAAGGGCAAGAGUCCUAGAUCCUAAUCGUCGCUAUGUCCAAACCUCUGCCAGAGUUAGCGCCCAACUGAUUCGAUAUCCAGAGGUGAUCCCGGUGUCGCAGGACAGACGCUAGUGUUUUAACACUUAUGUUGUACGCGCUAAUGGUUGAACUCAGCGAGCACUACCUUCCCCCACAUGCCGUGAAGGCUGCUAAGCUUUGGAAGGUCUCGAGUGAGGGAAUAACCUAGACUUGAGGUGGUGUGCGAGUAGAUAGAUAGGAAGAUAUCUACGCGUCCCCUUCCAUUUACAGAUUACCACCACAACUGAAGAACCCGAGGGGCAGAGGGCAAGGAAGAACGUAGAUGAGGUCAGCAUCACAGGGU
42	0.8001973032951355	0.800000011920929	2	12	6	6	6	6	780	400	UGUCGUUCUCCGAACCAGAAGUCCAAAUACAGUCGUCCAAGGGCAAGAGUCCUAGAUCCUAAUCGUCGCUAUGUCCAAACCUCUGCCAGAGUUAGCGCCCAACUGAUUCGAUAUCCAGAGGUGAUCCCGGUGUCGCAGGACAGACGCUAGUGUUUUAACACUUAUGUUGUACGCGCUAAUGGUUGAACUCAGCGAGCACUACCUUCCCCCACAUGCCGUGAAGGCUGCUAAGCUUUGGAAGGUCUCGAGUGAGGGAAUAACCUAGACUUGAGGUGGUGUGCGAGUAGAUAGAUAGGAAGAUAUCUACGCGUCCCCUUCCAUUUACAGAUUACCACCACAACUGAAGAACCCGAGGGGCAGAGGGCAAGGAAGAACGUAGAUGAGGUCAGCAUCACAGGGU
42	0.8055262565612793	0.8051947951316833	3	12	6	6	6	6	780	400	UGUCGUUCUCCGAACCAGAAGUCCAAAUACAGUCGUCCAAGGGCAAGAGUCCUAGAUCCUAAUCGUCGCUAUGUCCAAACCUCUGCCAGAGUUAGCGCCCAACUGAUUCGAUAUCCAGAGGUGAUCCCGGUGUCGCAGGACAGACGCUAGUGUUUUAACACUUAUGUUGUACGCGCUAAUGGUUGAACUCAGCGAGCACUACCUUCCCCCACAUGCCGUGAAGGCUGCUAAGCUUUGGAAGGUCUCGAGUGAGGGAAUAACCUAGACUUGAGGUGGUGUGCGAGUAGAUAGAUAGGAAGAUAUCUACGCGUCCCCUUCCAUUUACAGAUUACCACCACAACUGAAGAACCCGAGGGGCAGAGGGCAAGGAAGAACGUAGAUGAGGUCAGCAUCACAGGGU
42	0.6756296753883362	0.675213634967804	4	12	6	6	6	6	780	400	UGUCGUUCUCCGAACCAGAAGUCCAAAUACAGUCGUCCAAGGGCAAGAGUCCUAGAUCCUAAUCGUCGCUAUGUCCAAACCUCUGCCAGAGUUAGCGCCCAACUGAUUCGAUAUCCAGAGGUGAUCCCGGUGUCGCAGGACAGACGCUAGUGUUUUAACACUUAUGUUGUACGCGCUAAUGGUUGAACUCAGCGAGCACUACCUUCCCCCACAUGCCGUGAAGGCUGCUAAGCUUUGGAAGGUCUCGAGUGAGGGAAUAACCUAGACUUGAGGUGGUGUGCGAGUAGAUAGAUAGGAAGAUAUCUACGCGUCCCCUUCCAUUUACAGAUUACCACCACAACUGAAGAACCCGAGGGGCAGAGGGCAAGGAAGAACGUAGAUGAGGUCAGCAUCACAGGGU
42	0.7935425043106079	0.7931034564971924	5	12	6	6	6	6	780	400	UGUCGUUCUCCGAACCAGAAGUCCAAAUACAGUCGUCCAAGGGCAAGAGUCCUAGAUCCUAAUCGUCGCUAUGUCCAAACCUCUGCCAGAGUUAGCGCCCAACUGAUUCGAUAUCCAGAGGUGAUCCCGGUGUCGCAGGACAGACGCUAGUGUUUUAACACUUAUGUUGUACGCGCUAAUGGUUGAACUCAGCGAGCACUACCUUCCCCCACAUGCCGUGAAGGCUGCUAAGCUUUGGAAGGUCUCGAGUGAGGGAAUAACCUAGACUUGAGGUGGUGUGCGAGUAGAUAGAUAGGAAGAUAUCUACGCGUCCCCUUCCAUUUACAGAUUACCACCACAACUGAAGAACCCGAGGGGCAGAGGGCAAGGAAGAACGUAGAUGAGGUCAGCAUCACAGGGU
42	0.7014004588127136	0.701298713684082	6	12	6	6	6	6	780	400	UGUCGUUCUCCGAACCAGAAGUCCAAAUACAGUCGUCCAAGGGCAAGAGUCCUAGAUCCUAAUCGUCGCUAUGUCCAAACCUCUGCCAGAGUUAGCGCCCAACUGAUUCGAUAUCCAGAGGUGAUCCCGGUGUCGCAGGACAGACGCUAGUGUUUUAACACUUAUGUUGUACGCGCUAAUGGUUGAACUCAGCGAGCACUACCUUCCCCCACAUGCCGUGAAGGCUGCUAAGCUUUGGAAGGUCUCGAGUGAGGGAAUAACCUAGACUUGAGGUGGUGUGCGAGUAGAUAGAUAGGAAGAUAUCUACGCGUCCCCUUCCAUUUACAGAUUACCACCACAACUGAAGAACCCGAGGGGCAGAGGGCAAGGAAGAACGUAGAUGAGGUCAGCAUCACAGGGU
42	0.8016749620437622	0.8017621040344238	7	12	6	6	6	6	780	400	UGUCGUUCUCCGAACCAGAAGUCCAAAUACAGUCGUCCAAGGGCAAGAGUCCUAGAUCCUAAUCGUCGCUAUGUCCAAACCUCUGCCAGAGUUAGCGCCCAACUGAUUCGAUAUCCAGAGGUGAUCCCGGUGUCGCAGGACAGACGCUAGUGUUUUAACACUUAUGUUGUACGCGCUAAUGGUUGAACUCAGCGAGCACUACCUUCCCCCACAUGCCGUGAAGGCUGCUAAGCUUUGGAAGGUCUCGAGUGAGGGAAUAACCUAGACUUGAGGUGGUGUGCGAGUAGAUAGAUAGGAAGAUAUCUACGCGUCCCCUUCCAUUUACAGAUUACCACCACAACUGAAGAACCCGAGGGGCAGAGGGCAAGGAAGAACGUAGAUGAGGUCAGCAUCACAGGGU
42	0.7982344031333923	0.7982456088066101	8	12	6	6	6	6	780	400	UGUCGUUCUCCGAACCAGAAGUCCAAAUACAGUCGUCCAAGGGCAAGAGUCCUAGAUCCUAAUCGUCGCUAUGUCCAAACCUCUGCCAGAGUUAGCGCCCAACUGAUUCGAUAUCCAGAGGUGAUCCCGGUGUCGCAGGACAGACGCUAGUGUUUUAACACUUAUGUUGUACGCGCUAAUGGUUGAACUCAGCGAGCACUACCUUCCCCCACAUGCCGUGAAGGCUGCUAAGCUUUGGAAGGUCUCGAGUGAGGGAAUAACCUAGACUUGAGGUGGUGUGCGAGUAGAUAGAUAGGAAGAUAUCUACGCGUCCCCUUCCAUUUACAGAUUACCACCACAACUGAAGAACCCGAGGGGCAGAGGGCAAGGAAGAACGUAGAUGAGGUCAGCAUCACAGGGU
42	0.8838008046150208	0.8839285969734192	9	12	6	6	6	6	780	400	UGUCGUUCUCCGAACCAGAAGUCCAAAUACAGUCGUCCAAGGGCAAGAGUCCUAGAUCCUAAUCGUCGCUAUGUCCAAACCUCUGCCAGAGUUAGCGCCCAACUGAUUCGAUAUCCAGAGGUGAUCCCGGUGUCGCAGGACAGACGCUAGUGUUUUAACACUUAUGUUGUACGCGCUAAUGGUUGAACUCAGCGAGCACUACCUUCCCCCACAUGCCGUGAAGGCUGCUAAGCUUUGGAAGGUCUCGAGUGAGGGAAUAACCUAGACUUGAGGUGGUGUGCGAGUAGAUAGAUAGGAAGAUAUCUACGCGUCCCCUUCCAUUUACAGAUUACCACCACAACUGAAGAACCCGAGGGGCAGAGGGCAAGGAAGAACGUAGAUGAGGUCAGCAUCACAGGGU
42	0.930899441242218	0.9304347634315491	10	12	6	6	6	6	780	400	UGUCGUUCUCCGAACCAGAAGUCCAAAUACAGUCGUCCAAGGGCAAGAGUCCUAGAUCCUAAUCGUCGCUAUGUCCAAACCUCUGCCAGAGUUAGCGCCCAACUGAUUCGAUAUCCAGAGGUGAUCCCGGUGUCGCAGGACAGACGCUAGUGUUUUAACACUUAUGUUGUACGCGCUAAUGGUUGAACUCAGCGAGCACUACCUUCCCCCACAUGCCGUGAAGGCUGCUAAGCUUUGGAAGGUCUCGAGUGAGGGAAUAACCUAGACUUGAGGUGGUGUGCGAGUAGAUAGAUAGGAAGAUAUCUACGCGUCCCCUUCCAUUUACAGAUUACCACCACAACUGAAGAACCCGAGGGGCAGAGGGCAAGGAAGAACGUAGAUGAGGUCAGCAUCACAGGGU
42	0.8710067868232727	0.8711110949516296	11	12	6	6	6	6	780	400	UGUCGUUCUCCGAACCAGAAGUCCAAAUACAGUCGUCCAAGGGCAAGAGUCCUAGAUCCUAAUCGUCGCUAUGUCCAAACCUCUGCCAGAGUUAGCGCCCAACUGAUUCGAUAUCCAGAGGUGAUCCCGGUGUCGCAGGACAGACGCUAGUGUUUUAACACUUAUGUUGUACGCGCUAAUGGUUGAACUCAGCGAGCACUACCUUCCCCCACAUGCCGUGAAGGCUGCUAAGCUUUGGAAGGUCUCGAGUGAGGGAAUAACCUAGACUUGAGGUGGUGUGCGAGUAGAUAGAUAGGAAGAUAUCUACGCGUCCCCUUCCAUUUACAGAUUACCACCACAACUGAAGAACCCGAGGGGCAGAGGGCAAGGAAGAACGUAGAUGAGGUCAGCAUCACAGGGU
42	0.9570398330688477	0.95652174949646	12	12	6	6	6	6	780	400	UGUCGUUCUCCGAACCAGAAGUCCAAAUACAGUCGUCCAAGGGCAAGAGUCCUAGAUCCUAAUCGUCGCUAUGUCCAAACCUCUGCCAGAGUUAGCGCCCAACUGAUUCGAUAUCCAGAGGUGAUCCCGGUGUCGCAGGACAGACGCUAGUGUUUUAACACUUAUGUUGUACGCGCUAAUGGUUGAACUCAGCGAGCACUACCUUCCCCCACAUGCCGUGAAGGCUGCUAAGCUUUGGAAGGUCUCGAGUGAGGGAAUAACCUAGACUUGAGGUGGUGUGCGAGUAGAUAGAUAGGAAGAUAUCUACGCGUCCCCUUCCAUUUACAGAUUACCACCACAACUGAAGAACCCGAGGGGCAGAGGGCAAGGAAGAACGUAGAUGAGGUCAGCAUCACAGGGU
42	0.9047589898109436	0.9043477773666382	13	12	6	6	6	6	780	400	UGUCGUUCUCCGAACCAGAAGUCCAAAUACAGUCGUCCAAGGGCAAGAGUCCUAGAUCCUAAUCGUCGCUAUGUCCAAACCUCUGCCAGAGUUAGCGCCCAACUGAUUCGAUAUCCAGAGGUGAUCCCGGUGUCGCAGGACAGACGCUAGUGUUUUAACACUUAUGUUGUACGCGCUAAUGGUUGAACUCAGCGAGCACUACCUUCCCCCACAUGCCGUGAAGGCUGCUAAGCUUUGGAAGGUCUCGAGUGAGGGAAUAACCUAGACUUGAGGUGGUGUGCGAGUAGAUAGAUAGGAAGAUAUCUACGCGUCCCCUUCCAUUUACAGAUUACCACCACAACUGAAGAACCCGAGGGGCAGAGGGCAAGGAAGAACGUAGAUGAGGUCAGCAUCACAGGGU
42	0.9058789610862732	0.9051724076271057	14	12	6	6	6	6	780	400	UGUCGUUCUCCGAACCAGAAGUCCAAAUACAGUCGUCCAAGGGCAAGAGUCCUAGAUCCUAAUCGUCGCUAUGUCCAAACCUCUGCCAGAGUUAGCGCCCAACUGAUUCGAUAUCCAGAGGUGAUCCCGGUGUCGCAGGACAGACGCUAGUGUUUUAACACUUAUGUUGUACGCGCUAAUGGUUGAACUCAGCGAGCACUACCUUCCCCCACAUGCCGUGAAGGCUGCUAAGCUUUGGAAGGUCUCGAGUGAGGGAAUAACCUAGACUUGAGGUGGUGUGCGAGUAGAUAGAUAGGAAGAUAUCUACGCGUCCCCUUCCAUUUACAGAUUACCACCACAACUGAAGAACCCGAGGGGCAGAGGGCAAGGAAGAACGUAGAUGAGGUCAGCAUCACAGGGU
42	0.8948971629142761	0.8947368264198303	15	12	6	6	6	6	780	400	UGUCGUUCUCCGAACCAGAAGUCCAAAUACAGUCGUCCAAGGGCAAGAGUCCUAGAUCCUAAUCGUCGCUAUGUCCAAACCUCUGCCAGAGUUAGCGCCCAACUGAUUCGAUAUCCAGAGGUGAUCCCGGUGUCGCAGGACAGACGCUAGUGUUUUAACACUUAUGUUGUACGCGCUAAUGGUUGAACUCAGCGAGCACUACCUUCCCCCACAUGCCGUGAAGGCUGCUAAGCUUUGGAAGGUCUCGAGUGAGGGAAUAACCUAGACUUGAGGUGGUGUGCGAGUAGAUAGAUAGGAAGAUAUCUACGCGUCCCCUUCCAUUUACAGAUUACCACCACAACUGAAGAACCCGAGGGGCAGAGGGCAAGGAAGAACGUAGAUGAGGUCAGCAUCACAGGGU
42	0.9388347864151001	0.9385964870452881	14	12	6	6	6	6	780	400	UGUCGUUCUCCGAACCAGAAGUCCAAAUACAGUCGUCCAAGGGCAAGAGUCCUAGAUCCUAAUCGUCGCUAUGUCCAAACCUCUGCCAGAGUUAGCGCCCAACUGAUUCGAUAUCCAGAGGUGAUCCCGGUGUCGCAGGACAGACGCUAGUGUUUUAACACUUAUGUUGUACGCGCUAAUGGUUGAACUCAGCGAGCACUACCUUCCCCCACAUGCCGUGAAGGCUGCUAAGCUUUGGAAGGUCUCGAGUGAGGGAAUAACCUAGACUUGAGGUGGUGUGCGAGUAGAUAGAUAGGAAGAUAUCUACGCGUCCCCUUCCAUUUACAGAUUACCACCACAACUGAAGAACCCGAGGGGCAGAGGGCAAGGAAGAACGUAGAUGAGGUCAGCAUCACAGGGU
42	0.9739848971366882	0.9736841917037964	15	12	6	6	6	6	780	400	UGUCGUUCUCCGAACCAGAAGUCCAAAUACAGUCGUCCAAGGGCAAGAGUCCUAGAUCCUAAUCGUCGCUAUGUCCAAACCUCUGCCAGAGUUAGCGCCCAACUGAUUCGAUAUCCAGAGGUGAUCCCGGUGUCGCAGGACAGACGCUAGUGUUUUAACACUUAUGUUGUACGCGCUAAUGGUUGAACUCAGCGAGCACUACCUUCCCCCACAUGCCGUGAAGGCUGCUAAGCUUUGGAAGGUCUCGAGUGAGGGAAUAACCUAGACUUGAGGUGGUGUGCGAGUAGAUAGAUAGGAAGAUAUCUACGCGUCCCCUUCCAUUUACAGAUUACCACCACAACUGAAGAACCCGAGGGGCAGAGGGCAAGGAAGAACGUAGAUGAGGUCAGCAUCACAGGGU
42	0.9356834888458252	0.935064971446991	16	12	6	6	6	6	780	400	UGUCGUUCUCCGAACCAGAAGUCCAAAUACAGUCGUCCAAGGGCAAGAGUCCUAGAUCCUAAUCGUCGCUAUGUCCAAACCUCUGCCAGAGUUAGCGCCCAACUGAUUCGAUAUCCAGAGGUGAUCCCGGUGUCGCAGGACAGACGCUAGUGUUUUAACACUUAUGUUGUACGCGCUAAUGGUUGAACUCAGCGAGCACUACCUUCCCCCACAUGCCGUGAAGGCUGCUAAGCUUUGGAAGGUCUCGAGUGAGGGAAUAACCUAGACUUGAGGUGGUGUGCGAGUAGAUAGAUAGGAAGAUAUCUACGCGUCCCCUUCCAUUUACAGAUUACCACCACAACUGAAGAACCCGAGGGGCAGAGGGCAAGGAAGAACGUAGAUGAGGUCAGCAUCACAGGGU
42	0.930899441242218	0.9304347634315491	14	12	6	6	6	6	780	400	UGUCGUUCUCCGAACCAGAAGUCCAAAUACAGUCGUCCAAGGGCAAGAGUCCUAGAUCCUAAUCGUCGCUAUGUCCAAACCUCUGCCAGAGUUAGCGCCCAACUGAUUCGAUAUCCAGAGGUGAUCCCGGUGUCGCAGGACAGACGCUAGUGUUUUAACACUUAUGUUGUACGCGCUAAUGGUUGAACUCAGCGAGCACUACCUUCCCCCACAUGCCGUGAAGGCUGCUAAGCUUUGGAAGGUCUCGAGUGAGGGAAUAACCUAGACUUGAGGUGGUGUGCGAGUAGAUAGAUAGGAAGAUAUCUACGCGUCCCCUUCCAUUUACAGAUUACCACCACAACUGAAGAACCCGAGGGGCAGAGGGCAAGGAAGAACGUAGAUGAGGUCAGCAUCACAGGGU
42	0.9564098715782166	0.956140398979187	15	12	6	6	6	6	780	400	UGUCGUUCUCCGAACCAGAAGUCCAAAUACAGUCGUCCAAGGGCAAGAGUCCUAGAUCCUAAUCGUCGCUAUGUCCAAACCUCUGCCAGAGUUAGCGCCCAACUGAUUCGAUAUCCAGAGGUGAUCCCGGUGUCGCAGGACAGACGCUAGUGUUUUAACACUUAUGUUGUACGCGCUAAUGGUUGAACUCAGCGAGCACUACCUUCCCCCACAUGCCGUGAAGGCUGCUAAGCUUUGGAAGGUCUCGAGUGAGGGAAUAACCUAGACUUGAGGUGGUGUGCGAGUAGAUAGAUAGGAAGAUAUCUACGCGUCCCCUUCCAUUUACAGAUUACCACCACAACUGAAGAACCCGAGGGGCAGAGGGCAAGGAAGAACGUAGAUGAGGUCAGCAUCACAGGGU
42	0.9193640947341919	0.9184549450874329	16	12	6	6	6	6	780	400	UGUCGUUCUCCGAACCAGAAGUCCAAAUACAGUCGUCCAAGGGCAAGAGUCCUAGAUCCUAAUCGUCGCUAUGUCCAAACCUCUGCCAGAGUUAGCGCCCAACUGAUUCGAUAUCCAGAGGUGAUCCCGGUGUCGCAGGACAGACGCUAGUGUUUUAACACUUAUGUUGUACGCGCUAAUGGUUGAACUCAGCGAGCACUACCUUCCCCCACAUGCCGUGAAGGCUGCUAAGCUUUGGAAGGUCUCGAGUGAGGGAAUAACCUAGACUUGAGGUGGUGUGCGAGUAGAUAGAUAGGAAGAUAUCUACGCGUCCCCUUCCAUUUACAGAUUACCACCACAACUGAAGAACCCGAGGGGCAGAGGGCAAGGAAGAACGUAGAUGAGGUCAGCAUCACAGGGU
42	0.8972377181053162	0.8965516686439514	16	12	6	6	6	6	780	400	UGUCGUUCUCCGAACCAGAAGUCCAAAUACAGUCGUCCAAGGGCAAGAGUCCUAGAUCCUAAUCGUCGCUAUGUCCAAACCUCUGCCAGAGUUAGCGCCCAACUGAUUCGAUAUCCAGAGGUGAUCCCGGUGUCGCAGGACAGACGCUAGUGUUUUAACACUUAUGUUGUACGCGCUAAUGGUUGAACUCAGCGAGCACUACCUUCCCCCACAUGCCGUGAAGGCUGCUAAGCUUUGGAAGGUCUCGAGUGAGGGAAUAACCUAGACUUGAGGUGGUGUGCGAGUAGAUAGAUAGGAAGAUAUCUACGCGUCCCCUUCCAUUUACAGAUUACCACCACAACUGAAGAACCCGAGGGGCAGAGGGCAAGGAAGAACGUAGAUGAGGUCAGCAUCACAGGGU
42	0.9270063042640686	0.926406979560852	16	12	6	6	6	6	780	400	UGUCGUUCUCCGAACCAGAAGUCCAAAUACAGUCGUCCAAGGGCAAGAGUCCUAGAUCCUAAUCGUCGCUAUGUCCAAACCUCUGCCAGAGUUAGCGCCCAACUGAUUCGAUAUCCAGAGGUGAUCCCGGUGUCGCAGGACAGACGCUAGUGUUUUAACACUUAUGUUGUACGCGCUAAUGGUUGAACUCAGCGAGCACUACCUUCCCCCACAUGCCGUGAAGGCUGCUAAGCUUUGGAAGGUCUCGAGUGAGGGAAUAACCUAGACUUGAGGUGGUGUGCGAGUAGAUAGAUAGGAAGAUAUCUACGCGUCCCCUUCCAUUUACAGAUUACCACCACAACUGAAGAACCCGAGGGGCAGAGGGCAAGGAAGAACGUAGAUGAGGUCAGCAUCACAGGGU
42	0.930899441242218	0.9304347634315491	16	12	6	6	6	6	780	400	UGUCGUUCUCCGAACCAGAAGUCCAAAUACAGUCGUCCAAGGGCAAGAGUCCUAGAUCCUAAUCGUCGCUAUGUCCAAACCUCUGCCAGAGUUAGCGCCCAACUGAUUCGAUAUCCAGAGGUGAUCCCGGUGUCGCAGGACAGACGCUAGUGUUUUAACACUUAUGUUGUACGCGCUAAUGGUUGAACUCAGCGAGCACUACCUUCCCCCACAUGCCGUGAAGGCUGCUAAGCUUUGGAAGGUCUCGAGUGAGGGAAUAACCUAGACUUGAGGUGGUGUGCGAGUAGAUAGAUAGGAAGAUAUCUACGCGUCCCCUUCCAUUUACAGAUUACCACCACAACUGAAGAACCCGAGGGGCAGAGGGCAAGGAAGAACGUAGAUGAGGUCAGCAUCACAGGGU
42	0.9221859574317932	0.9217392206192017	16	12	6	6	6	6	780	400	UGUCGUUCUCCGAACCAGAAGUCCAAAUACAGUCGUCCAAGGGCAAGAGUCCUAGAUCCUAAUCGUCGCUAUGUCCAAACCUCUGCCAGAGUUAGCGCCCAACUGAUUCGAUAUCCAGAGGUGAUCCCGGUGUCGCAGGACAGACGCUAGUGUUUUAACACUUAUGUUGUACGCGCUAAUGGUUGAACUCAGCGAGCACUACCUUCCCCCACAUGCCGUGAAGGCUGCUAAGCUUUGGAAGGUCUCGAGUGAGGGAAUAACCUAGACUUGAGGUGGUGUGCGAGUAGAUAGAUAGGAAGAUAUCUACGCGUCCCCUUCCAUUUACAGAUUACCACCACAACUGAAGAACCCGAGGGGCAGAGGGCAAGGAAGAACGUAGAUGAGGUCAGCAUCACAGGGU
42	0.9523423910140991	0.9519650936126709	14	12	6	6	6	6	780	400	UGUCGUUCUCCGAACCAGAAGUCCAAAUACAGUCGUCCAAGGGCAAGAGUCCUAGAUCCUAAUCGUCGCUAUGUCCAAACCUCUGCCAGAGUUAGCGCCCAACUGAUUCGAUAUCCAGAGGUGAUCCCGGUGUCGCAGGACAGACGCUAGUGUUUUAACACUUAUGUUGUACGCGCUAAUGGUUGAACUCAGCGAGCACUACCUUCCCCCACAUGCCGUGAAGGCUGCUAAGCUUUGGAAGGUCUCGAGUGAGGGAAUAACCUAGACUUGAGGUGGUGUGCGAGUAGAUAGAUAGGAAGAUAUCUACGCGUCCCCUUCCAUUUACAGAUUACCACCACAACUGAAGAACCCGAGGGGCAGAGGGCAAGGAAGAACGUAGAUGAGGUCAGCAUCACAGGGU
42	0.930899441242218	0.9304347634315491	15	12	6	6	6	6	780	400	UGUCGUUCUCCGAACCAGAAGUCCAAAUACAGUCGUCCAAGGGCAAGAGUCCUAGAUCCUAAUCGUCGCUAUGUCCAAACCUCUGCCAGAGUUAGCGCCCAACUGAUUCGAUAUCCAGAGGUGAUCCCGGUGUCGCAGGACAGACGCUAGUGUUUUAACACUUAUGUUGUACGCGCUAAUGGUUGAACUCAGCGAGCACUACCUUCCCCCACAUGCCGUGAAGGCUGCUAAGCUUUGGAAGGUCUCGAGUGAGGGAAUAACCUAGACUUGAGGUGGUGUGCGAGUAGAUAGAUAGGAAGAUAUCUACGCGUCCCCUUCCAUUUACAGAUUACCACCACAACUGAAGAACCCGAGGGGCAGAGGGCAAGGAAGAACGUAGAUGAGGUCAGCAUCACAGGGU
42	0.9134724736213684	0.9130434989929199	16	12	6	6	6	6	780	400	UGUCGUUCUCCGAACCAGAAGUCCAAAUACAGUCGUCCAAGGGCAAGAGUCCUAGAUCCUAAUCGUCGCUAUGUCCAAACCUCUGCCAGAGUUAGCGCCCAACUGAUUCGAUAUCCAGAGGUGAUCCCGGUGUCGCAGGACAGACGCUAGUGUUUUAACACUUAUGUUGUACGCGCUAAUGGUUGAACUCAGCGAGCACUACCUUCCCCCACAUGCCGUGAAGGCUGCUAAGCUUUGGAAGGUCUCGAGUGAGGGAAUAACCUAGACUUGAGGUGGUGUGCGAGUAGAUAGAUAGGAAGAUAUCUACGCGUCCCCUUCCAUUUACAGAUUACCACCACAACUGAAGAACCCGAGGGGCAGAGGGCAAGGAAGAACGUAGAUGAGGUCAGCAUCACAGGGU
42	0.8935465812683105	0.8927038908004761	16	12	6	6	6	6	780	400	UGUCGUUCUCCGAACCAGAAGUCCAAAUACAGUCGUCCAAGGGCAAGAGUCCUAGAUCCUAAUCGUCGCUAUGUCCAAACCUCUGCCAGAGUUAGCGCCCAACUGAUUCGAUAUCCAGAGGUGAUCCCGGUGUCGCAGGACAGACGCUAGUGUUUUAACACUUAUGUUGUACGCGCUAAUGGUUGAACUCAGCGAGCACUACCUUCCCCCACAUGCCGUGAAGGCUGCUAAGCUUUGGAAGGUCUCGAGUGAGGGAAUAACCUAGACUUGAGGUGGUGUGCGAGUAGAUAGAUAGGAAGAUAUCUACGCGUCCCCUUCCAUUUACAGAUUACCACCACAACUGAAGAACCCGAGGGGCAGAGGGCAAGGAAGAACGUAGAUGAGGUCAGCAUCACAGGGU
43	0.43433377146720886	0.4351464509963989	1	12	6	6	6	6	780	400	UAACUUCGGGUUCACCUCAGUAUUGAAUCGUCAUAGAAAACCGUAUGUUCGAGGAUGAUAAAUGGCCAGGUAAGGAUGCCGUAACGCCUUUGGGUGUCGGCUCUGGGUGCGCCCCGCACUCAGCUACUCCUGAAGAGUUUCAGGGGAUGCCCUAGCUGCACGACAUAGUGACCUCCGAUUUAGCCUGGUACUACUUUGGUGGAACUAGCCGAUUCAACUAGGGACUCGAACAUCGCAUCAGUGUUUUACAAACCAUACGCGUGCCCUGCCAUUUCUUGCAACGUCUGUGACAGUCAGUUGUAUACCUUCGAACAUUCCCUAUUCAGAGGUCAAACCCGGAACAGAAUGAUGAAGGUUUUUGAAGCUCAUCAGGAUGCAAACACUAAGUAAACGGAGCAAG
43	0.8310254812240601	0.8312757611274719	2	12	6	6	6	6	780	400	UAACUUCGGGUUCACCUCAGUAUUGAAUCGUCAUAGAAAACCGUAUGUUCGAGGAUGAUAAAUGGCCAGGUAAGGAUGCCGUAACGCCUUUGGGUGUCGGCUCUGGGUGCGCCCCGCACUCAGCUACUCCUGAAGAGUUUCAGGGGAUGCCCUAGCUGCACGACAUAGUGACCUCCGAUUUAGCCUGGUACUACUUUGGUGGAACUAGCCGAUUCAACUAGGGACUCGAACAUCGCAUCAGUGUUUUACAAACCAUACGCGUGCCCUGCCAUUUCUUGCAACGUCUGUGACAGUCAGUUGUAUACCUUCGAACAUUCCCUAUUCAGAGGUCAAACCCGGAACAGAAUGAUGAAGGUUUUUGAAGCUCAUCAGGAUGCAAACACUAAGUAAACGGAGCAAG
43	0.8030045628547668	0.8032786250114441	3	12	6	6	6	6	780	400	UAACUUCGGGUUCACCUCAGUAUUGAAUCGUCAUAGAAAACCGUAUGUUCGAGGAUGAUAAAUGGCCAGGUAAGGAUGCCGUAACGCCUUUGGGUGUCGGCUCUGGGUGCGCCCCGCACUCAGCUACUCCUGAAGAGUUUCAGGGGAUGCCCUAGCUGCACGACAUAGUGACCUCCGAUUUAGCCUGGUACUACUUUGGUGGAACUAGCCGAUUCAACUAGGGACUCGAACAUCGCAUCAGUGUUUUACAAACCAUACGCGUGCCCUGCCAUUUCUUGCAACGUCUGUGACAGUCAGUUGUAUACCUUCGAACAUUCCCUAUUCAGAGGUCAAACCCGGAACAGAAUGAUGAAGGUUUUUGAAGCUCAUCAGGAUGCAAACACUAAGUAAACGGAGCAAG
43	0.794795036315918	0.7950820326805115	4	12	6	6	6	6	780	400	UAACUUCGGGUUCACCUCAGUAUUGAAUCGUCAUAGAAAACCGUAUGUUCGAGGAUGAUAAAUGGCCAGGUAAGGAUGCCGUAACGCCUUUGGGUGUCGGCUCUGGGUGCGCCCCGCACUCAGCUACUCCUGAAGAGUUUCAGGGGAUGCCCUAGCUGCACGACAUAGUGACCUCCGAUUUAGCCUGGUACUACUUUGGUGGAACUAGCCGAUUCAACUAGGGACUCGAACAUCGCAUCAGUGUUUUACAAACCAUACGCGUGCCCUGCCAUUUCUUGCAACGUCUGUGACAGUCAGUUGUAUACCUUCGAACAUUCCCUAUUCAGAGGUCAAACCCGGAACAGAAUGAUGAAGGUUUUUGAAGCUCAUCAGGAUGCAAACACUAAGUAAACGGAGCAAG
43	0.941611647605896	0.9416667222976685	5	12	6	6	6	6	780	400	UAACUUCGGGUUCACCUCAGUAUUGAAUCGUCAUAGAAAACCGUAUGUUCGAGGAUGAUAAAUGGCCAGGUAAGGAUGCCGUAACGCCUUUGGGUGUCGGCUCUGGGUGCGCCCCGCACUCAGCUACUCCUGAAGAGUUUCAGGGGAUGCCCUAGCUGCACGACAUAGUGACCUCCGAUUUAGCCUGGUACUACUUUGGUGGAACUAGCCGAUUCAACUAGGGACUCGAACAUCGCAUCAGUGUUUUACAAACCAUACGCGUGCCCUGCCAUUUCUUGCAACGUCUGUGACAGUCAGUUGUAUACCUUCGAACAUUCCCUAUUCAGAGGUCAAACCCGGAACAGAAUGAUGAAGGUUUUUGAAGCUCAUCAGGAUGCAAACACUAAGUAAACGGAGCAAG
43	0.9293619394302368	0.9294605851173401	6	12	6	6	6	6	780	400	UAACUUCGGGUUCACCUCAGUAUUGAAUCGUCAUAGAAAACCGUAUGUUCGAGGAUGAUAAAUGGCCAGGUAAGGAUGCCGUAACGCCUUUGGGUGUCGGCUCUGGGUGCGCCCCGCACUCAGCUACUCCUGAAGAGUUUCAGGGGAUGCCCUAGCUGCACGACAUAGUGACCUCCGAUUUAGCCUGGUACUACUUUGGUGGAACUAGCCGAUUCAACUAGGGACUCGAACAUCGCAUCAGUGUUUUACAAACCAUACGCGUGCCCUGCCAUUUCUUGCAACGUCUGUGACAGUCAGUUGUAUACCUUCGAACAUUCCCUAUUCAGAGGUCAAACCCGGAACAGAAUGAUGAAGGUUUUUGAAGCUCAUCAGGAUGCAAACACUAAGUAAACGGAGCAAG
43	0.941611647605896	0.9416667222976685	7	12	6	6	6	6	780	400	UAACUUCGGGUUCACCUCAGUAUUGAAUCGUCAUAGAAAACCGUAUGUUCGAGGAUGAUAAAUGGCCAGGUAAGGAUGCCGUAACGCCUUUGGGUGUCGGCUCUGGGUGCGCCCCGCACUCAGCUACUCCUGAAGAGUUUCAGGGGAUGCCCUAGCUGCACGACAUAGUGACCUCCGAUUUAGCCUGGUACUACUUUGGUGGAACUAGCCGAUUCAACUAGGGACUCGAACAUCGCAUCAGUGUUUUACAAACCAUACGCGUGCCCUGCCAUUUCUUGCAACGUCUGUGACAGUCAGUUGUAUACCUUCGAACAUUCCCUAUUCAGAGGUCAAACCCGGAACAGAAUGAUGAAGGUUUUUGAAGCUCAUCAGGAUGCAAACACUAAGUAAACGGAGCAAG
43	0.9337839484214783	0.93388432264328	8	12	6	6	6	6	780	400	UAACUUCGGGUUCACCUCAGUAUUGAAUCGUCAUAGAAAACCGUAUGUUCGAGGAUGAUAAAUGGCCAGGUAAGGAUGCCGUAACGCCUUUGGGUGUCGGCUCUGGGUGCGCCCCGCACUCAGCUACUCCUGAAGAGUUUCAGGGGAUGCCCUAGCUGCACGACAUAGUGACCUCCGAUUUAGCCUGGUACUACUUUGGUGGAACUAGCCGAUUCAACUAGGGACUCGAACAUCGCAUCAGUGUUUUACAAACCAUACGCGUGCCCUGCCAUUUCUUGCAACGUCUGUGACAGUCAGUUGUAUACCUUCGAACAUUCCCUAUUCAGAGGUCAAACCCGGAACAGAAUGAUGAAGGUUUUUGAAGCUCAUCAGGAUGCAAACACUAAGUAAACGGAGCAAG
43	0.941611647605896	0.9416667222976685	9	12	6	6	6	6	780	400	UAACUUCGGGUUCACCUCAGUAUUGAAUCGUCAUAGAAAACCGUAUGUUCGAGGAUGAUAAAUGGCCAGGUAAGGAUGCCGUAACGCCUUUGGGUGUCGGCUCUGGGUGCGCCCCGCACUCAGCUACUCCUGAAGAGUUUCAGGGGAUGCCCUAGCUGCACGACAUAGUGACCUCCGAUUUAGCCUGGUACUACUUUGGUGGAACUAGCCGAUUCAACUAGGGACUCGAACAUCGCAUCAGUGUUUUACAAACCAUACGCGUGCCCUGCCAUUUCUUGCAACGUCUGUGACAGUCAGUUGUAUACCUUCGAACAUUCCCUAUUCAGAGGUCAAACCCGGAACAGAAUGAUGAAGGUUUUUGAAGCUCAUCAGGAUGCAAACACUAAGUAAACGGAGCAAG
43	0.9459847211837769	0.9460580945014954	10	12	6	6	6	6	780	400	UAACUUCGGGUUCACCUCAGUAUUGAAUCGUCAUAGAAAACCGUAUGUUCGAGGAUGAUAAAUGGCCAGGUAAGGAUGCCGUAACGCCUUUGGGUGUCGGCUCUGGGUGCGCCCCGCACUCAGCUACUCCUGAAGAGUUUCAGGGGAUGCCCUAGCUGCACGACAUAGUGACCUCCGAUUUAGCCUGGUACUACUUUGGUGGAACUAGCCGAUUCAACUAGGGACUCGAACAUCGCAUCAGUGUUUUACAAACCAUACGCGUGCCCUGCCAUUUCUUGCAACGUCUGUGACAGUCAGUUGUAUACCUUCGAACAUUCCCUAUUCAGAGGUCAAACCCGGAACAGAAUGAUGAAGGUUUUUGAAGCUCAUCAGGAUGCAAACACUAAGUAAACGGAGCAAG
43	0.9216992855072021	0.9218106865882874	11	12	6	6	6	6	780	400	UAACUUCGGGUUCACCUCAGUAUUGAAUCGUCAUAGAAAACCGUAUGUUCGAGGAUGAUAAAUGGCCAGGUAAGGAUGCCGUAACGCCUUUGGGUGUCGGCUCUGGGUGCGCCCCGCACUCAGCUACUCCUGAAGAGUUUCAGGGGAUGCCCUAGCUGCACGACAUAGUGACCUCCGAUUUAGCCUGGUACUACUUUGGUGGAACUAGCCGAUUCAACUAGGGACUCGAACAUCGCAUCAGUGUUUUACAAACCAUACGCGUGCCCUGCCAUUUCUUGCAACGUCUGUGACAGUCAGUUGUAUACCUUCGAACAUUCCCUAUUCAGAGGUCAAACCCGGAACAGAAUGAUGAAGGUUUUUGAAGCUCAUCAGGAUGCAAACACUAAGUAAACGGAGCAAG
43	0.9469284415245056	0.9469387531280518	12	12	6	6	6	6	780	400	UAACUUCGGGUUCACCUCAGUAUUGAAUCGUCAUAGAAAACCGUAUGUUCGAGGAUGAUAAAUGGCCAGGUAAGGAUGCCGUAACGCCUUUGGGUGUCGGCUCUGGGUGCGCCCCGCACUCAGCUACUCCUGAAGAGUUUCAGGGGAUGCCCUAGCUGCACGACAUAGUGACCUCCGAUUUAGCCUGGUACUACUUUGGUGGAACUAGCCGAUUCAACUAGGGACUCGAACAUCGCAUCAGUGUUUUACAAACCAUACGCGUGCCCUGCCAUUUCUUGCAACGUCUGUGACAGUCAGUUGUAUACCUUCGAACAUUCCCUAUUCAGAGGUCAAACCCGGAACAGAAUGAUGAAGGUUUUUGAAGCUCAUCAGGAUGCAAACACUAAGUAAACGGAGCAAG
43	0.9546716213226318	0.9547324776649475	13	12	6	6	6	6	780	400	UAACUUCGGGUUCACCUCAGUAUUGAAUCGUCAUAGAAAACCGUAUGUUCGAGGAUGAUAAAUGGCCAGGUAAGGAUGCCGUAACGCCUUUGGGUGUCGGCUCUGGGUGCGCCCCGCACUCAGCUACUCCUGAAGAGUUUCAGGGGAUGCCCUAGCUGCACGACAUAGUGACCUCCGAUUUAGCCUGGUACUACUUUGGUGGAACUAGCCGAUUCAACUAGGGACUCGAACAUCGCAUCAGUGUUUUACAAACCAUACGCGUGCCCUGCCAUUUCUUGCAACGUCUGUGACAGUCAGUUGUAUACCUUCGAACAUUCCCUAUUCAGAGGUCAAACCCGGAACAGAAUGAUGAAGGUUUUUGAAGCUCAUCAGGAUGCAAACACUAAGUAAACGGAGCAAG
43	0.9305755496025085	0.9306122660636902	14	12	6	6	6	6	780	400	UAACUUCGGGUUCACCUCAGUAUUGAAUCGUCAUAGAAAACCGUAUGUUCGAGGAUGAUAAAUGGCCAGGUAAGGAUGCCGUAACGCCUUUGGGUGUCGGCUCUGGGUGCGCCCCGCACUCAGCUACUCCUGAAGAGUUUCAGGGGAUGCCCUAGCUGCACGACAUAGUGACCUCCGAUUUAGCCUGGUACUACUUUGGUGGAACUAGCCGAUUCAACUAGGGACUCGAACAUCGCAUCAGUGUUUUACAAACCAUACGCGUGCCCUGCCAUUUCUUGCAACGUCUGUGACAGUCAGUUGUAUACCUUCGAACAUUCCCUAUUCAGAGGUCAAACCCGGAACAGAAUGAUGAAGGUUUUUGAAGCUCAUCAGGAUGCAAACACUAAGUAAACGGAGCAAG
43	0.9312588572502136	0.931174099445343	13	12	6	6	6	6	780	400	UAACUUCGGGUUCACCUCAGUAUUGAAUCGUCAUAGAAAACCGUAUGUUCGAGGAUGAUAAAUGGCCAGGUAAGGAUGCCGUAACGCCUUUGGGUGUCGGCUCUGGGUGCGCCCCGCACUCAGCUACUCCUGAAGAGUUUCAGGGGAUGCCCUAGCUGCACGACAUAGUGACCUCCGAUUUAGCCUGGUACUACUUUGGUGGAACUAGCCGAUUCAACUAGGGACUCGAACAUCGCAUCAGUGUUUUACAAACCAUACGCGUGCCCUGCCAUUUCUUGCAACGUCUGUGACAGUCAGUUGUAUACCUUCGAACAUUCCCUAUUCAGAGGUCAAACCCGGAACAGAAUGAUGAAGGUUUUUGAAGCUCAUCAGGAUGCAAACACUAAGUAAACGGAGCAAG
43	0.9469284415245056	0.9469387531280518	15	12	6	6	6	6	780	400	UAACUUCGGGUUCACCUCAGUAUUGAAUCGUCAUAGAAAACCGUAUGUUCGAGGAUGAUAAAUGGCCAGGUAAGGAUGCCGUAACGCCUUUGGGUGUCGGCUCUGGGUGCGCCCCGCACUCAGCUACUCCUGAAGAGUUUCAGGGGAUGCCCUAGCUGCACGACAUAGUGACCUCCGAUUUAGCCUGGUACUACUUUGGUGGAACUAGCCGAUUCAACUAGGGACUCGAACAUCGCAUCAGUGUUUUACAAACCAUACGCGUGCCCUGCCAUUUCUUGCAACGUCUGUGACAGUCAGUUGUAUACCUUCGAACAUUCCCUAUUCAGAGGUCAAACCCGGAACAGAAUGAUGAAGGUUUUUGAAGCUCAUCAGGAUGCAAACACUAAGUAAACGGAGCAAG
43	0.9469284415245056	0.9469387531280518	14	12	6	6	6	6	780	400	UAACUUCGGGUUCACCUCAGUAUUGAAUCGUCAUAGAAAACCGUAUGUUCGAGGAUGAUAAAUGGCCAGGUAAGGAUGCCGUAACGCCUUUGGGUGUCGGCUCUGGGUGCGCCCCGCACUCAGCUACUCCUGAAGAGUUUCAGGGGAUGCCCUAGCUGCACGACAUAGUGACCUCCGAUUUAGCCUGGUACUACUUUGGUGGAACUAGCCGAUUCAACUAGGGACUCGAACAUCGCAUCAGUGUUUUACAAACCAUACGCGUGCCCUGCCAUUUCUUGCAACGUCUGUGACAGUCAGUUGUAUACCUUCGAACAUUCCCUAUUCAGAGGUCAAACCCGGAACAGAAUGAUGAAGGUUUUUGAAGCUCAUCAGGAUGCAAACACUAAGUAAACGGAGCAAG
43	0.9312588572502136	0.931174099445343	14	12	6	6	6	6	780	400	UAACUUCGGGUUCACCUCAGUAUUGAAUCGUCAUAGAAAACCGUAUGUUCGAGGAUGAUAAAUGGCCAGGUAAGGAUGCCGUAACGCCUUUGGGUGUCGGCUCUGGGUGCGCCCCGCACUCAGCUACUCCUGAAGAGUUUCAGGGGAUGCCCUAGCUGCACGACAUAGUGACCUCCGAUUUAGCCUGGUACUACUUUGGUGGAACUAGCCGAUUCAACUAGGGACUCGAACAUCGCAUCAGUGUUUUACAAACCAUACGCGUGCCCUGCCAUUUCUUGCAACGUCUGUGACAGUCAGUUGUAUACCUUCGAACAUUCCCUAUUCAGAGGUCAAACCCGGAACAGAAUGAUGAAGGUUUUUGAAGCUCAUCAGGAUGCAAACACUAAGUAAACGGAGCAAG
43	0.9507763981819153	0.950819730758667	14	12	6	6	6	6	780	400	UAACUUCGGGUUCACCUCAGUAUUGAAUCGUCAUAGAAAACCGUAUGUUCGAGGAUGAUAAAUGGCCAGGUAAGGAUGCCGUAACGCCUUUGGGUGUCGGCUCUGGGUGCGCCCCGCACUCAGCUACUCCUGAAGAGUUUCAGGGGAUGCCCUAGCUGCACGACAUAGUGACCUCCGAUUUAGCCUGGUACUACUUUGGUGGAACUAGCCGAUUCAACUAGGGACUCGAACAUCGCAUCAGUGUUUUACAAACCAUACGCGUGCCCUGCCAUUUCUUGCAACGUCUGUGACAGUCAGUUGUAUACCUUCGAACAUUCCCUAUUCAGAGGUCAAACCCGGAACAGAAUGAUGAAGGUUUUUGAAGCUCAUCAGGAUGCAAACACUAAGUAAACGGAGCAAG
43	0.9507763981819153	0.950819730758667	13	12	6	6	6	6	780	400	UAACUUCGGGUUCACCUCAGUAUUGAAUCGUCAUAGAAAACCGUAUGUUCGAGGAUGAUAAAUGGCCAGGUAAGGAUGCCGUAACGCCUUUGGGUGUCGGCUCUGGGUGCGCCCCGCACUCAGCUACUCCUGAAGAGUUUCAGGGGAUGCCCUAGCUGCACGACAUAGUGACCUCCGAUUUAGCCUGGUACUACUUUGGUGGAACUAGCCGAUUCAACUAGGGACUCGAACAUCGCAUCAGUGUUUUACAAACCAUACGCGUGCCCUGCCAUUUCUUGCAACGUCUGUGACAGUCAGUUGUAUACCUUCGAACAUUCCCUAUUCAGAGGUCAAACCCGGAACAGAAUGAUGAAGGUUUUUGAAGCUCAUCAGGAUGCAAACACUAAGUAAACGGAGCAAG
43	0.9469284415245056	0.9469387531280518	14	12	6	6	6	6	780	400	UAACUUCGGGUUCACCUCAGUAUUGAAUCGUCAUAGAAAACCGUAUGUUCGAGGAUGAUAAAUGGCCAGGUAAGGAUGCCGUAACGCCUUUGGGUGUCGGCUCUGGGUGCGCCCCGCACUCAGCUACUCCUGAAGAGUUUCAGGGGAUGCCCUAGCUGCACGACAUAGUGACCUCCGAUUUAGCCUGGUACUACUUUGGUGGAACUAGCCGAUUCAACUAGGGACUCGAACAUCGCAUCAGUGUUUUACAAACCAUACGCGUGCCCUGCCAUUUCUUGCAACGUCUGUGACAGUCAGUUGUAUACCUUCGAACAUUCCCUAUUCAGAGGUCAAACCCGGAACAGAAUGAUGAAGGUUUUUGAAGCUCAUCAGGAUGCAAACACUAAGUAAACGGAGCAAG
43	0.9268392324447632	0.9268292188644409	14	12	6	6	6	6	780	400	UAACUUCGGGUUCACCUCAGUAUUGAAUCGUCAUAGAAAACCGUAUGUUCGAGGAUGAUAAAUGGCCAGGUAAGGAUGCCGUAACGCCUUUGGGUGUCGGCUCUGGGUGCGCCCCGCACUCAGCUACUCCUGAAGAGUUUCAGGGGAUGCCCUAGCUGCACGACAUAGUGACCUCCGAUUUAGCCUGGUACUACUUUGGUGGAACUAGCCGAUUCAACUAGGGACUCGAACAUCGCAUCAGUGUUUUACAAACCAUACGCGUGCCCUGCCAUUUCUUGCAACGUCUGUGACAGUCAGUUGUAUACCUUCGAACAUUCCCUAUUCAGAGGUCAAACCCGGAACAGAAUGAUGAAGGUUUUUGAAGCUCAUCAGGAUGCAAACACUAAGUAAACGGAGCAAG
43	0.9469284415245056	0.9469387531280518	14	12	6	6	6	6	780	400	UAACUUCGGGUUCACCUCAGUAUUGAAUCGUCAUAGAAAACCGUAUGUUCGAGGAUGAUAAAUGGCCAGGUAAGGAUGCCGUAACGCCUUUGGGUGUCGGCUCUGGGUGCGCCCCGCACUCAGCUACUCCUGAAGAGUUUCAGGGGAUGCCCUAGCUGCACGACAUAGUGACCUCCGAUUUAGCCUGGUACUACUUUGGUGGAACUAGCCGAUUCAACUAGGGACUCGAACAUCGCAUCAGUGUUUUACAAACCAUACGCGUGCCCUGCCAUUUCUUGCAACGUCUGUGACAGUCAGUUGUAUACCUUCGAACAUUCCCUAUUCAGAGGUCAAACCCGGAACAGAAUGAUGAAGGUUUUUGAAGCUCAUCAGGAUGCAAACACUAAGUAAACGGAGCAAG
43	0.9546716213226318	0.9547324776649475	14	12	6	6	6	6	780	400	UAACUUCGGGUUCACCUCAGUAUUGAAUCGUCAUAGAAAACCGUAUGUUCGAGGAUGAUAAAUGGCCAGGUAAGGAUGCCGUAACGCCUUUGGGUGUCGGCUCUGGGUGCGCCCCGCACUCAGCUACUCCUGAAGAGUUUCAGGGGAUGCCCUAGCUGCACGACAUAGUGACCUCCGAUUUAGCCUGGUACUACUUUGGUGGAACUAGCCGAUUCAACUAGGGACUCGAACAUCGCAUCAGUGUUUUACAAACCAUACGCGUGCCCUGCCAUUUCUUGCAACGUCUGUGACAGUCAGUUGUAUACCUUCGAACAUUCCCUAUUCAGAGGUCAAACCCGGAACAGAAUGAUGAAGGUUUUUGAAGCUCAUCAGGAUGCAAACACUAAGUAAACGGAGCAAG
43	0.9507763981819153	0.950819730758667	14	12	6	6	6	6	780	400	UAACUUCGGGUUCACCUCAGUAUUGAAUCGUCAUAGAAAACCGUAUGUUCGAGGAUGAUAAAUGGCCAGGUAAGGAUGCCGUAACGCCUUUGGGUGUCGGCUCUGGGUGCGCCCCGCACUCAGCUACUCCUGAAGAGUUUCAGGGGAUGCCCUAGCUGCACGACAUAGUGACCUCCGAUUUAGCCUGGUACUACUUUGGUGGAACUAGCCGAUUCAACUAGGGACUCGAACAUCGCAUCAGUGUUUUACAAACCAUACGCGUGCCCUGCCAUUUCUUGCAACGUCUGUGACAGUCAGUUGUAUACCUUCGAACAUUCCCUAUUCAGAGGUCAAACCCGGAACAGAAUGAUGAAGGUUUUUGAAGCUCAUCAGGAUGCAAACACUAAGUAAACGGAGCAAG
43	0.9194993376731873	0.9193547964096069	14	12	6	6	6	6	780	400	UAACUUCGGGUUCACCUCAGUAUUGAAUCGUCAUAGAAAACCGUAUGUUCGAGGAUGAUAAAUGGCCAGGUAAGGAUGCCGUAACGCCUUUGGGUGUCGGCUCUGGGUGCGCCCCGCACUCAGCUACUCCUGAAGAGUUUCAGGGGAUGCCCUAGCUGCACGACAUAGUGACCUCCGAUUUAGCCUGGUACUACUUUGGUGGAACUAGCCGAUUCAACUAGGGACUCGAACAUCGCAUCAGUGUUUUACAAACCAUACGCGUGCCCUGCCAUUUCUUGCAACGUCUGUGACAGUCAGUUGUAUACCUUCGAACAUUCCCUAUUCAGAGGUCAAACCCGGAACAGAAUGAUGAAGGUUUUUGAAGCUCAUCAGGAUGCAAACACUAAGUAAACGGAGCAAG
43	0.9589859843254089	0.9590163826942444	14	12	6	6	6	6	780	400	UAACUUCGGGUUCACCUCAGUAUUGAAUCGUCAUAGAAAACCGUAUGUUCGAGGAUGAUAAAUGGCCAGGUAAGGAUGCCGUAACGCCUUUGGGUGUCGGCUCUGGGUGCGCCCCGCACUCAGCUACUCCUGAAGAGUUUCAGGGGAUGCCCUAGCUGCACGACAUAGUGACCUCCGAUUUAGCCUGGUACUACUUUGGUGGAACUAGCCGAUUCAACUAGGGACUCGAACAUCGCAUCAGUGUUUUACAAACCAUACGCGUGCCCUGCCAUUUCUUGCAACGUCUGUGACAGUCAGUUGUAUACCUUCGAACAUUCCCUAUUCAGAGGUCAAACCCGGAACAGAAUGAUGAAGGUUUUUGAAGCUCAUCAGGAUGCAAACACUAAGUAAACGGAGCAAG
43	0.9469284415245056	0.9469387531280518	14	12	6	6	6	6	780	400	UAACUUCGGGUUCACCUCAGUAUUGAAUCGUCAUAGAAAACCGUAUGUUCGAGGAUGAUAAAUGGCCAGGUAAGGAUGCCGUAACGCCUUUGGGUGUCGGCUCUGGGUGCGCCCCGCACUCAGCUACUCCUGAAGAGUUUCAGGGGAUGCCCUAGCUGCACGACAUAGUGACCUCCGAUUUAGCCUGGUACUACUUUGGUGGAACUAGCCGAUUCAACUAGGGACUCGAACAUCGCAUCAGUGUUUUACAAACCAUACGCGUGCCCUGCCAUUUCUUGCAACGUCUGUGACAGUCAGUUGUAUACCUUCGAACAUUCCCUAUUCAGAGGUCAAACCCGGAACAGAAUGAUGAAGGUUUUUGAAGCUCAUCAGGAUGCAAACACUAAGUAAACGGAGCAAG
43	0.9194993376731873	0.9193547964096069	13	12	6	6	6	6	780	400	UAACUUCGGGUUCACCUCAGUAUUGAAUCGUCAUAGAAAACCGUAUGUUCGAGGAUGAUAAAUGGCCAGGUAAGGAUGCCGUAACGCCUUUGGGUGUCGGCUCUGGGUGCGCCCCGCACUCAGCUACUCCUGAAGAGUUUCAGGGGAUGCCCUAGCUGCACGACAUAGUGACCUCCGAUUUAGCCUGGUACUACUUUGGUGGAACUAGCCGAUUCAACUAGGGACUCGAACAUCGCAUCAGUGUUUUACAAACCAUACGCGUGCCCUGCCAUUUCUUGCAACGUCUGUGACAGUCAGUUGUAUACCUUCGAACAUUCCCUAUUCAGAGGUCAAACCCGGAACAGAAUGAUGAAGGUUUUUGAAGCUCAUCAGGAUGCAAACACUAAGUAAACGGAGCAAG
44	0.517200231552124	0.5178571343421936	1	12	6	6	6	6	780	400	CAUUAUAUACCUAGGCGCGUUGGGGGCAAUAGUCAGAAGUCACCGUCGUAACUGGCGGUAAUCCGAUACGUCACAUCUUCGAACCGGUAUAGCUUCCAUUCGCCCCACGCGGCCCCAUUAUAGGCGUCCCAAAUGAGCUACAGACCUAGGGAUUUUAACCGCUAGAGCCGGAACCCGCACGCCGCCGGGCCCCACAAUCGCCUGAUCUGACUUUCGAACAGCUCAGGGUUUAUGAUCAUAGCCUCAACUUUUUGCUCCUGAGUGCGCGACCUACCAGGAAUAUAUCCACCGACAGUCAUACUCGUUGAACUUAGCUCAUAGACGCUGGAAAUUGGGACGGGUGCCAUCGAGAUACUAUGCAAUGAUUGUCGGAGAUUGGCUUGGAAGGCCGAAAAAUUAG
44	0.7183758020401001	0.7186146974563599	2	12	6	6	6	6	780	400	CAUUAUAUACCUAGGCGCGUUGGGGGCAAUAGUCAGAAGUCACCGUCGUAACUGGCGGUAAUCCGAUACGUCACAUCUUCGAACCGGUAUAGCUUCCAUUCGCCCCACGCGGCCCCAUUAUAGGCGUCCCAAAUGAGCUACAGACCUAGGGAUUUUAACCGCUAGAGCCGGAACCCGCACGCCGCCGGGCCCCACAAUCGCCUGAUCUGACUUUCGAACAGCUCAGGGUUUAUGAUCAUAGCCUCAACUUUUUGCUCCUGAGUGCGCGACCUACCAGGAAUAUAUCCACCGACAGUCAUACUCGUUGAACUUAGCUCAUAGACGCUGGAAAUUGGGACGGGUGCCAUCGAGAUACUAUGCAAUGAUUGUCGGAGAUUGGCUUGGAAGGCCGAAAAAUUAG
44	0.8404820561408997	0.8407079577445984	3	12	6	6	6	6	780	400	CAUUAUAUACCUAGGCGCGUUGGGGGCAAUAGUCAGAAGUCACCGUCGUAACUGGCGGUAAUCCGAUACGUCACAUCUUCGAACCGGUAUAGCUUCCAUUCGCCCCACGCGGCCCCAUUAUAGGCGUCCCAAAUGAGCUACAGACCUAGGGAUUUUAACCGCUAGAGCCGGAACCCGCACGCCGCCGGGCCCCACAAUCGCCUGAUCUGACUUUCGAACAGCUCAGGGUUUAUGAUCAUAGCCUCAACUUUUUGCUCCUGAGUGCGCGACCUACCAGGAAUAUAUCCACCGACAGUCAUACUCGUUGAACUUAGCUCAUAGACGCUGGAAAUUGGGACGGGUGCCAUCGAGAUACUAUGCAAUGAUUGUCGGAGAUUGGCUUGGAAGGCCGAAAAAUUAG
44	0.7381491661071777	0.7381974458694458	4	12	6	6	6	6	780	400	CAUUAUAUACCUAGGCGCGUUGGGGGCAAUAGUCAGAAGUCACCGUCGUAACUGGCGGUAAUCCGAUACGUCACAUCUUCGAACCGGUAUAGCUUCCAUUCGCCCCACGCGGCCCCAUUAUAGGCGUCCCAAAUGAGCUACAGACCUAGGGAUUUUAACCGCUAGAGCCGGAACCCGCACGCCGCCGGGCCCCACAAUCGCCUGAUCUGACUUUCGAACAGCUCAGGGUUUAUGAUCAUAGCCUCAACUUUUUGCUCCUGAGUGCGCGACCUACCAGGAAUAUAUCCACCGACAGUCAUACUCGUUGAACUUAGCUCAUAGACGCUGGAAAUUGGGACGGGUGCCAUCGAGAUACUAUGCAAUGAUUGUCGGAGAUUGGCUUGGAAGGCCGAAAAAUUAG
44	0.7063453197479248	0.7058823704719543	5	12	6	6	6	6	780	400	CAUUAUAUACCUAGGCGCGUUGGGGGCAAUAGUCAGAAGUCACCGUCGUAACUGGCGGUAAUCCGAUACGUCACAUCUUCGAACCGGUAUAGCUUCCAUUCGCCCCACGCGGCCCCAUUAUAGGCGUCCCAAAUGAGCUACAGACCUAGGGAUUUUAACCGCUAGAGCCGGAACCCGCACGCCGCCGGGCCCCACAAUCGCCUGAUCUGACUUUCGAACAGCUCAGGGUUUAUGAUCAUAGCCUCAACUUUUUGCUCCUGAGUGCGCGACCUACCAGGAAUAUAUCCACCGACAGUCAUACUCGUUGAACUUAGCUCAUAGACGCUGGAAAUUGGGACGGGUGCCAUCGAGAUACUAUGCAAUGAUUGUCGGAGAUUGGCUUGGAAGGCCGAAAAAUUAG
44	0.9082434177398682	0.9082970023155212	6	12	6	6	6	6	780	400	CAUUAUAUACCUAGGCGCGUUGGGGGCAAUAGUCAGAAGUCACCGUCGUAACUGGCGGUAAUCCGAUACGUCACAUCUUCGAACCGGUAUAGCUUCCAUUCGCCCCACGCGGCCCCAUUAUAGGCGUCCCAAAUGAGCUACAGACCUAGGGAUUUUAACCGCUAGAGCCGGAACCCGCACGCCGCCGGGCCCCACAAUCGCCUGAUCUGACUUUCGAACAGCUCAGGGUUUAUGAUCAUAGCCUCAACUUUUUGCUCCUGAGUGCGCGACCUACCAGGAAUAUAUCCACCGACAGUCAUACUCGUUGAACUUAGCUCAUAGACGCUGGAAAUUGGGACGGGUGCCAUCGAGAUACUAUGCAAUGAUUGUCGGAGAUUGGCUUGGAAGGCCGAAAAAUUAG
44	0.9653136730194092	0.9652174115180969	7	12	6	6	6	6	780	400	CAUUAUAUACCUAGGCGCGUUGGGGGCAAUAGUCAGAAGUCACCGUCGUAACUGGCGGUAAUCCGAUACGUCACAUCUUCGAACCGGUAUAGCUUCCAUUCGCCCCACGCGGCCCCAUUAUAGGCGUCCCAAAUGAGCUACAGACCUAGGGAUUUUAACCGCUAGAGCCGGAACCCGCACGCCGCCGGGCCCCACAAUCGCCUGAUCUGACUUUCGAACAGCUCAGGGUUUAUGAUCAUAGCCUCAACUUUUUGCUCCUGAGUGCGCGACCUACCAGGAAUAUAUCCACCGACAGUCAUACUCGUUGAACUUAGCUCAUAGACGCUGGAAAUUGGGACGGGUGCCAUCGAGAUACUAUGCAAUGAUUGUCGGAGAUUGGCUUGGAAGGCCGAAAAAUUAG
44	0.6865484118461609	0.6866952776908875	8	12	6	6	6	6	780	400	CAUUAUAUACCUAGGCGCGUUGGGGGCAAUAGUCAGAAGUCACCGUCGUAACUGGCGGUAAUCCGAUACGUCACAUCUUCGAACCGGUAUAGCUUCCAUUCGCCCCACGCGGCCCCAUUAUAGGCGUCCCAAAUGAGCUACAGACCUAGGGAUUUUAACCGCUAGAGCCGGAACCCGCACGCCGCCGGGCCCCACAAUCGCCUGAUCUGACUUUCGAACAGCUCAGGGUUUAUGAUCAUAGCCUCAACUUUUUGCUCCUGAGUGCGCGACCUACCAGGAAUAUAUCCACCGACAGUCAUACUCGUUGAACUUAGCUCAUAGACGCUGGAAAUUGGGACGGGUGCCAUCGAGAUACUAUGCAAUGAUUGUCGGAGAUUGGCUUGGAAGGCCGAAAAAUUAG
44	0.805101752281189	0.8051947951316833	9	12	6	6	6	6	780	400	CAUUAUAUACCUAGGCGCGUUGGGGGCAAUAGUCAGAAGUCACCGUCGUAACUGGCGGUAAUCCGAUACGUCACAUCUUCGAACCGGUAUAGCUUCCAUUCGCCCCACGCGGCCCCAUUAUAGGCGUCCCAAAUGAGCUACAGACCUAGGGAUUUUAACCGCUAGAGCCGGAACCCGCACGCCGCCGGGCCCCACAAUCGCCUGAUCUGACUUUCGAACAGCUCAGGGUUUAUGAUCAUAGCCUCAACUUUUUGCUCCUGAGUGCGCGACCUACCAGGAAUAUAUCCACCGACAGUCAUACUCGUUGAACUUAGCUCAUAGACGCUGGAAAUUGGGACGGGUGCCAUCGAGAUACUAUGCAAUGAUUGUCGGAGAUUGGCUUGGAAGGCCGAAAAAUUAG
44	0.9034056067466736	0.9035087823867798	10	12	6	6	6	6	780	400	CAUUAUAUACCUAGGCGCGUUGGGGGCAAUAGUCAGAAGUCACCGUCGUAACUGGCGGUAAUCCGAUACGUCACAUCUUCGAACCGGUAUAGCUUCCAUUCGCCCCACGCGGCCCCAUUAUAGGCGUCCCAAAUGAGCUACAGACCUAGGGAUUUUAACCGCUAGAGCCGGAACCCGCACGCCGCCGGGCCCCACAAUCGCCUGAUCUGACUUUCGAACAGCUCAGGGUUUAUGAUCAUAGCCUCAACUUUUUGCUCCUGAGUGCGCGACCUACCAGGAAUAUAUCCACCGACAGUCAUACUCGUUGAACUUAGCUCAUAGACGCUGGAAAUUGGGACGGGUGCCAUCGAGAUACUAUGCAAUGAUUGUCGGAGAUUGGCUUGGAAGGCCGAAAAAUUAG
44	0.7930684685707092	0.7931033968925476	11	12	6	6	6	6	780	400	CAUUAUAUACCUAGGCGCGUUGGGGGCAAUAGUCAGAAGUCACCGUCGUAACUGGCGGUAAUCCGAUACGUCACAUCUUCGAACCGGUAUAGCUUCCAUUCGCCCCACGCGGCCCCAUUAUAGGCGUCCCAAAUGAGCUACAGACCUAGGGAUUUUAACCGCUAGAGCCGGAACCCGCACGCCGCCGGGCCCCACAAUCGCCUGAUCUGACUUUCGAACAGCUCAGGGUUUAUGAUCAUAGCCUCAACUUUUUGCUCCUGAGUGCGCGACCUACCAGGAAUAUAUCCACCGACAGUCAUACUCGUUGAACUUAGCUCAUAGACGCUGGAAAUUGGGACGGGUGCCAUCGAGAUACUAUGCAAUGAUUGUCGGAGAUUGGCUUGGAAGGCCGAAAAAUUAG
44	0.8429415822029114	0.8425531983375549	12	12	6	6	6	6	780	400	CAUUAUAUACCUAGGCGCGUUGGGGGCAAUAGUCAGAAGUCACCGUCGUAACUGGCGGUAAUCCGAUACGUCACAUCUUCGAACCGGUAUAGCUUCCAUUCGCCCCACGCGGCCCCAUUAUAGGCGUCCCAAAUGAGCUACAGACCUAGGGAUUUUAACCGCUAGAGCCGGAACCCGCACGCCGCCGGGCCCCACAAUCGCCUGAUCUGACUUUCGAACAGCUCAGGGUUUAUGAUCAUAGCCUCAACUUUUUGCUCCUGAGUGCGCGACCUACCAGGAAUAUAUCCACCGACAGUCAUACUCGUUGAACUUAGCUCAUAGACGCUGGAAAUUGGGACGGGUGCCAUCGAGAUACUAUGCAAUGAUUGUCGGAGAUUGGCUUGGAAGGCCGAAAAAUUAG
44	0.9217660427093506	0.9217391610145569	13	12	6	6	6	6	780	400	CAUUAUAUACCUAGGCGCGUUGGGGGCAAUAGUCAGAAGUCACCGUCGUAACUGGCGGUAAUCCGAUACGUCACAUCUUCGAACCGGUAUAGCUUCCAUUCGCCCCACGCGGCCCCAUUAUAGGCGUCCCAAAUGAGCUACAGACCUAGGGAUUUUAACCGCUAGAGCCGGAACCCGCACGCCGCCGGGCCCCACAAUCGCCUGAUCUGACUUUCGAACAGCUCAGGGUUUAUGAUCAUAGCCUCAACUUUUUGCUCCUGAGUGCGCGACCUACCAGGAAUAUAUCCACCGACAGUCAUACUCGUUGAACUUAGCUCAUAGACGCUGGAAAUUGGGACGGGUGCCAUCGAGAUACUAUGCAAUGAUUGUCGGAGAUUGGCUUGGAAGGCCGAAAAAUUAG
44	0.8892472982406616	0.8888888955116272	13	12	6	6	6	6	780	400	CAUUAUAUACCUAGGCGCGUUGGGGGCAAUAGUCAGAAGUCACCGUCGUAACUGGCGGUAAUCCGAUACGUCACAUCUUCGAACCGGUAUAGCUUCCAUUCGCCCCACGCGGCCCCAUUAUAGGCGUCCCAAAUGAGCUACAGACCUAGGGAUUUUAACCGCUAGAGCCGGAACCCGCACGCCGCCGGGCCCCACAAUCGCCUGAUCUGACUUUCGAACAGCUCAGGGUUUAUGAUCAUAGCCUCAACUUUUUGCUCCUGAGUGCGCGACCUACCAGGAAUAUAUCCACCGACAGUCAUACUCGUUGAACUUAGCUCAUAGACGCUGGAAAUUGGGACGGGUGCCAUCGAGAUACUAUGCAAUGAUUGUCGGAGAUUGGCUUGGAAGGCCGAAAAAUUAG
44	0.9026476740837097	0.9021276235580444	13	12	6	6	6	6	780	400	CAUUAUAUACCUAGGCGCGUUGGGGGCAAUAGUCAGAAGUCACCGUCGUAACUGGCGGUAAUCCGAUACGUCACAUCUUCGAACCGGUAUAGCUUCCAUUCGCCCCACGCGGCCCCAUUAUAGGCGUCCCAAAUGAGCUACAGACCUAGGGAUUUUAACCGCUAGAGCCGGAACCCGCACGCCGCCGGGCCCCACAAUCGCCUGAUCUGACUUUCGAACAGCUCAGGGUUUAUGAUCAUAGCCUCAACUUUUUGCUCCUGAGUGCGCGACCUACCAGGAAUAUAUCCACCGACAGUCAUACUCGUUGAACUUAGCUCAUAGACGCUGGAAAUUGGGACGGGUGCCAUCGAGAUACUAUGCAAUGAUUGUCGGAGAUUGGCUUGGAAGGCCGAAAAAUUAG
44	0.8892472982406616	0.8888888955116272	13	12	6	6	6	6	780	400	CAUUAUAUACCUAGGCGCGUUGGGGGCAAUAGUCAGAAGUCACCGUCGUAACUGGCGGUAAUCCGAUACGUCACAUCUUCGAACCGGUAUAGCUUCCAUUCGCCCCACGCGGCCCCAUUAUAGGCGUCCCAAAUGAGCUACAGACCUAGGGAUUUUAACCGCUAGAGCCGGAACCCGCACGCCGCCGGGCCCCACAAUCGCCUGAUCUGACUUUCGAACAGCUCAGGGUUUAUGAUCAUAGCCUCAACUUUUUGCUCCUGAGUGCGCGACCUACCAGGAAUAUAUCCACCGACAGUCAUACUCGUUGAACUUAGCUCAUAGACGCUGGAAAUUGGGACGGGUGCCAUCGAGAUACUAUGCAAUGAUUGUCGGAGAUUGGCUUGGAAGGCCGAAAAAUUAG
44	0.898964524269104	0.8983051180839539	14	12	6	6	6	6	780	400	CAUUAUAUACCUAGGCGCGUUGGGGGCAAUAGUCAGAAGUCACCGUCGUAACUGGCGGUAAUCCGAUACGUCACAUCUUCGAACCGGUAUAGCUUCCAUUCGCCCCACGCGGCCCCAUUAUAGGCGUCCCAAAUGAGCUACAGACCUAGGGAUUUUAACCGCUAGAGCCGGAACCCGCACGCCGCCGGGCCCCACAAUCGCCUGAUCUGACUUUCGAACAGCUCAGGGUUUAUGAUCAUAGCCUCAACUUUUUGCUCCUGAGUGCGCGACCUACCAGGAAUAUAUCCACCGACAGUCAUACUCGUUGAACUUAGCUCAUAGACGCUGGAAAUUGGGACGGGUGCCAUCGAGAUACUAUGCAAUGAUUGUCGGAGAUUGGCUUGGAAGGCCGAAAAAUUAG
44	0.9026476740837097	0.9021276235580444	13	12	6	6	6	6	780	400	CAUUAUAUACCUAGGCGCGUUGGGGGCAAUAGUCAGAAGUCACCGUCGUAACUGGCGGUAAUCCGAUACGUCACAUCUUCGAACCGGUAUAGCUUCCAUUCGCCCCACGCGGCCCCAUUAUAGGCGUCCCAAAUGAGCUACAGACCUAGGGAUUUUAACCGCUAGAGCCGGAACCCGCACGCCGCCGGGCCCCACAAUCGCCUGAUCUGACUUUCGAACAGCUCAGGGUUUAUGAUCAUAGCCUCAACUUUUUGCUCCUGAGUGCGCGACCUACCAGGAAUAUAUCCACCGACAGUCAUACUCGUUGAACUUAGCUCAUAGACGCUGGAAAUUGGGACGGGUGCCAUCGAGAUACUAUGCAAUGAUUGUCGGAGAUUGGCUUGGAAGGCCGAAAAAUUAG
44	0.9026476740837097	0.9021276235580444	13	12	6	6	6	6	780	400	CAUUAUAUACCUAGGCGCGUUGGGGGCAAUAGUCAGAAGUCACCGUCGUAACUGGCGGUAAUCCGAUACGUCACAUCUUCGAACCGGUAUAGCUUCCAUUCGCCCCACGCGGCCCCAUUAUAGGCGUCCCAAAUGAGCUACAGACCUAGGGAUUUUAACCGCUAGAGCCGGAACCCGCACGCCGCCGGGCCCCACAAUCGCCUGAUCUGACUUUCGAACAGCUCAGGGUUUAUGAUCAUAGCCUCAACUUUUUGCUCCUGAGUGCGCGACCUACCAGGAAUAUAUCCACCGACAGUCAUACUCGUUGAACUUAGCUCAUAGACGCUGGAAAUUGGGACGGGUGCCAUCGAGAUACUAUGCAAUGAUUGUCGGAGAUUGGCUUGGAAGGCCGAAAAAUUAG
44	0.898964524269104	0.8983051180839539	14	12	6	6	6	6	780	400	CAUUAUAUACCUAGGCGCGUUGGGGGCAAUAGUCAGAAGUCACCGUCGUAACUGGCGGUAAUCCGAUACGUCACAUCUUCGAACCGGUAUAGCUUCCAUUCGCCCCACGCGGCCCCAUUAUAGGCGUCCCAAAUGAGCUACAGACCUAGGGAUUUUAACCGCUAGAGCCGGAACCCGCACGCCGCCGGGCCCCACAAUCGCCUGAUCUGACUUUCGAACAGCUCAGGGUUUAUGAUCAUAGCCUCAACUUUUUGCUCCUGAGUGCGCGACCUACCAGGAAUAUAUCCACCGACAGUCAUACUCGUUGAACUUAGCUCAUAGACGCUGGAAAUUGGGACGGGUGCCAUCGAGAUACUAUGCAAUGAUUGUCGGAGAUUGGCUUGGAAGGCCGAAAAAUUAG
44	0.9398826956748962	0.9396551251411438	14	12	6	6	6	6	780	400	CAUUAUAUACCUAGGCGCGUUGGGGGCAAUAGUCAGAAGUCACCGUCGUAACUGGCGGUAAUCCGAUACGUCACAUCUUCGAACCGGUAUAGCUUCCAUUCGCCCCACGCGGCCCCAUUAUAGGCGUCCCAAAUGAGCUACAGACCUAGGGAUUUUAACCGCUAGAGCCGGAACCCGCACGCCGCCGGGCCCCACAAUCGCCUGAUCUGACUUUCGAACAGCUCAGGGUUUAUGAUCAUAGCCUCAACUUUUUGCUCCUGAGUGCGCGACCUACCAGGAAUAUAUCCACCGACAGUCAUACUCGUUGAACUUAGCUCAUAGACGCUGGAAAUUGGGACGGGUGCCAUCGAGAUACUAUGCAAUGAUUGUCGGAGAUUGGCUUGGAAGGCCGAAAAAUUAG
44	0.8734802603721619	0.8728813529014587	11	12	6	6	6	6	780	400	CAUUAUAUACCUAGGCGCGUUGGGGGCAAUAGUCAGAAGUCACCGUCGUAACUGGCGGUAAUCCGAUACGUCACAUCUUCGAACCGGUAUAGCUUCCAUUCGCCCCACGCGGCCCCAUUAUAGGCGUCCCAAAUGAGCUACAGACCUAGGGAUUUUAACCGCUAGAGCCGGAACCCGCACGCCGCCGGGCCCCACAAUCGCCUGAUCUGACUUUCGAACAGCUCAGGGUUUAUGAUCAUAGCCUCAACUUUUUGCUCCUGAGUGCGCGACCUACCAGGAAUAUAUCCACCGACAGUCAUACUCGUUGAACUUAGCUCAUAGACGCUGGAAAUUGGGACGGGUGCCAUCGAGAUACUAUGCAAUGAUUGUCGGAGAUUGGCUUGGAAGGCCGAAAAAUUAG
44	0.898964524269104	0.8983051180839539	14	12	6	6	6	6	780	400	CAUUAUAUACCUAGGCGCGUUGGGGGCAAUAGUCAGAAGUCACCGUCGUAACUGGCGGUAAUCCGAUACGUCACAUCUUCGAACCGGUAUAGCUUCCAUUCGCCCCACGCGGCCCCAUUAUAGGCGUCCCAAAUGAGCUACAGACCUAGGGAUUUUAACCGCUAGAGCCGGAACCCGCACGCCGCCGGGCCCCACAAUCGCCUGAUCUGACUUUCGAACAGCUCAGGGUUUAUGAUCAUAGCCUCAACUUUUUGCUCCUGAGUGCGCGACCUACCAGGAAUAUAUCCACCGACAGUCAUACUCGUUGAACUUAGCUCAUAGACGCUGGAAAUUGGGACGGGUGCCAUCGAGAUACUAUGCAAUGAUUGUCGGAGAUUGGCUUGGAAGGCCGAAAAAUUAG
44	0.9197065830230713	0.919148862361908	15	12	6	6	6	6	780	400	CAUUAUAUACCUAGGCGCGUUGGGGGCAAUAGUCAGAAGUCACCGUCGUAACUGGCGGUAAUCCGAUACGUCACAUCUUCGAACCGGUAUAGCUUCCAUUCGCCCCACGCGGCCCCAUUAUAGGCGUCCCAAAUGAGCUACAGACCUAGGGAUUUUAACCGCUAGAGCCGGAACCCGCACGCCGCCGGGCCCCACAAUCGCCUGAUCUGACUUUCGAACAGCUCAGGGUUUAUGAUCAUAGCCUCAACUUUUUGCUCCUGAGUGCGCGACCUACCAGGAAUAUAUCCACCGACAGUCAUACUCGUUGAACUUAGCUCAUAGACGCUGGAAAUUGGGACGGGUGCCAUCGAGAUACUAUGCAAUGAUUGUCGGAGAUUGGCUUGGAAGGCCGAAAAAUUAG
44	0.9026476740837097	0.9021276235580444	13	12	6	6	6	6	780	400	CAUUAUAUACCUAGGCGCGUUGGGGGCAAUAGUCAGAAGUCACCGUCGUAACUGGCGGUAAUCCGAUACGUCACAUCUUCGAACCGGUAUAGCUUCCAUUCGCCCCACGCGGCCCCAUUAUAGGCGUCCCAAAUGAGCUACAGACCUAGGGAUUUUAACCGCUAGAGCCGGAACCCGCACGCCGCCGGGCCCCACAAUCGCCUGAUCUGACUUUCGAACAGCUCAGGGUUUAUGAUCAUAGCCUCAACUUUUUGCUCCUGAGUGCGCGACCUACCAGGAAUAUAUCCACCGACAGUCAUACUCGUUGAACUUAGCUCAUAGACGCUGGAAAUUGGGACGGGUGCCAUCGAGAUACUAUGCAAUGAUUGUCGGAGAUUGGCUUGGAAGGCCGAAAAAUUAG
44	0.8831550478935242	0.8831168413162231	14	12	6	6	6	6	780	400	CAUUAUAUACCUAGGCGCGUUGGGGGCAAUAGUCAGAAGUCACCGUCGUAACUGGCGGUAAUCCGAUACGUCACAUCUUCGAACCGGUAUAGCUUCCAUUCGCCCCACGCGGCCCCAUUAUAGGCGUCCCAAAUGAGCUACAGACCUAGGGAUUUUAACCGCUAGAGCCGGAACCCGCACGCCGCCGGGCCCCACAAUCGCCUGAUCUGACUUUCGAACAGCUCAGGGUUUAUGAUCAUAGCCUCAACUUUUUGCUCCUGAGUGCGCGACCUACCAGGAAUAUAUCCACCGACAGUCAUACUCGUUGAACUUAGCUCAUAGACGCUGGAAAUUGGGACGGGUGCCAUCGAGAUACUAUGCAAUGAUUGUCGGAGAUUGGCUUGGAAGGCCGAAAAAUUAG
44	0.8173532485961914	0.8170213103294373	12	12	6	6	6	6	780	400	CAUUAUAUACCUAGGCGCGUUGGGGGCAAUAGUCAGAAGUCACCGUCGUAACUGGCGGUAAUCCGAUACGUCACAUCUUCGAACCGGUAUAGCUUCCAUUCGCCCCACGCGGCCCCAUUAUAGGCGUCCCAAAUGAGCUACAGACCUAGGGAUUUUAACCGCUAGAGCCGGAACCCGCACGCCGCCGGGCCCCACAAUCGCCUGAUCUGACUUUCGAACAGCUCAGGGUUUAUGAUCAUAGCCUCAACUUUUUGCUCCUGAGUGCGCGACCUACCAGGAAUAUAUCCACCGACAGUCAUACUCGUUGAACUUAGCUCAUAGACGCUGGAAAUUGGGACGGGUGCCAUCGAGAUACUAUGCAAUGAUUGUCGGAGAUUGGCUUGGAAGGCCGAAAAAUUAG
44	0.860000491142273	0.8595744967460632	12	12	6	6	6	6	780	400	CAUUAUAUACCUAGGCGCGUUGGGGGCAAUAGUCAGAAGUCACCGUCGUAACUGGCGGUAAUCCGAUACGUCACAUCUUCGAACCGGUAUAGCUUCCAUUCGCCCCACGCGGCCCCAUUAUAGGCGUCCCAAAUGAGCUACAGACCUAGGGAUUUUAACCGCUAGAGCCGGAACCCGCACGCCGCCGGGCCCCACAAUCGCCUGAUCUGACUUUCGAACAGCUCAGGGUUUAUGAUCAUAGCCUCAACUUUUUGCUCCUGAGUGCGCGACCUACCAGGAAUAUAUCCACCGACAGUCAUACUCGUUGAACUUAGCUCAUAGACGCUGGAAAUUGGGACGGGUGCCAUCGAGAUACUAUGCAAUGAUUGUCGGAGAUUGGCUUGGAAGGCCGAAAAAUUAG
44	0.8464244604110718	0.8461538553237915	13	12	6	6	6	6	780	400	CAUUAUAUACCUAGGCGCGUUGGGGGCAAUAGUCAGAAGUCACCGUCGUAACUGGCGGUAAUCCGAUACGUCACAUCUUCGAACCGGUAUAGCUUCCAUUCGCCCCACGCGGCCCCAUUAUAGGCGUCCCAAAUGAGCUACAGACCUAGGGAUUUUAACCGCUAGAGCCGGAACCCGCACGCCGCCGGGCCCCACAAUCGCCUGAUCUGACUUUCGAACAGCUCAGGGUUUAUGAUCAUAGCCUCAACUUUUUGCUCCUGAGUGCGCGACCUACCAGGAAUAUAUCCACCGACAGUCAUACUCGUUGAACUUAGCUCAUAGACGCUGGAAAUUGGGACGGGUGCCAUCGAGAUACUAUGCAAUGAUUGUCGGAGAUUGGCUUGGAAGGCCGAAAAAUUAG
45	0.4188944399356842	0.4196428656578064	1	12	6	6	6	6	780	400	AGCCGGCCACCUCACACACGCCACGUCAGGCUUCAGAGCUCGGAACCGAUUCCGAGUGCGAUCAGUUCUCGCCUAUUGUAGACGACACCUCCCCCAAUGGGGCGGAUCUGCGAAUCAAGGUCGAGUCUUACGAGGAGAUUUCCGUGACCUAAGCUAUCGUAACUCACGACUUGAUGGCAUUUGAGGCUAAGUGAGCACUCAUAGUCAAGACGCGGGUCAUUGAUAGGGCACUCCCACCUGUAGGAAGAGAAAAUUAUGAUAACUACUUGGAAGAACGUUAAUUGCUUACACUCAACAUACCUUGCCCAAGGCACUCCGCAAUUGAUACCUAAUGUAGAGUUUCAUGGCAGCACCCCGCACUAAUUGAGAGGUCAGUGUUCUGCCCUUGCGAGCAAUAUCC
45	0.4526020288467407	0.45333331823349	2	12	6	6	6	6	780	400	AGCCGGCCACCUCACACACGCCACGUCAGGCUUCAGAGCUCGGAACCGAUUCCGAGUGCGAUCAGUUCUCGCCUAUUGUAGACGACACCUCCCCCAAUGGGGCGGAUCUGCGAAUCAAGGUCGAGUCUUACGAGGAGAUUUCCGUGACCUAAGCUAUCGUAACUCACGACUUGAUGGCAUUUGAGGCUAAGUGAGCACUCAUAGUCAAGACGCGGGUCAUUGAUAGGGCACUCCCACCUGUAGGAAGAGAAAAUUAUGAUAACUACUUGGAAGAACGUUAAUUGCUUACACUCAACAUACCUUGCCCAAGGCACUCCGCAAUUGAUACCUAAUGUAGAGUUUCAUGGCAGCACCCCGCACUAAUUGAGAGGUCAGUGUUCUGCCCUUGCGAGCAAUAUCC
45	0.5440900325775146	0.5446428060531616	3	12	6	6	6	6	780	400	AGCCGGCCACCUCACACACGCCACGUCAGGCUUCAGAGCUCGGAACCGAUUCCGAGUGCGAUCAGUUCUCGCCUAUUGUAGACGACACCUCCCCCAAUGGGGCGGAUCUGCGAAUCAAGGUCGAGUCUUACGAGGAGAUUUCCGUGACCUAAGCUAUCGUAACUCACGACUUGAUGGCAUUUGAGGCUAAGUGAGCACUCAUAGUCAAGACGCGGGUCAUUGAUAGGGCACUCCCACCUGUAGGAAGAGAAAAUUAUGAUAACUACUUGGAAGAACGUUAAUUGCUUACACUCAACAUACCUUGCCCAAGGCACUCCGCAAUUGAUACCUAAUGUAGAGUUUCAUGGCAGCACCCCGCACUAAUUGAGAGGUCAGUGUUCUGCCCUUGCGAGCAAUAUCC
45	0.8307366371154785	0.8305084109306335	4	12	6	6	6	6	780	400	AGCCGGCCACCUCACACACGCCACGUCAGGCUUCAGAGCUCGGAACCGAUUCCGAGUGCGAUCAGUUCUCGCCUAUUGUAGACGACACCUCCCCCAAUGGGGCGGAUCUGCGAAUCAAGGUCGAGUCUUACGAGGAGAUUUCCGUGACCUAAGCUAUCGUAACUCACGACUUGAUGGCAUUUGAGGCUAAGUGAGCACUCAUAGUCAAGACGCGGGUCAUUGAUAGGGCACUCCCACCUGUAGGAAGAGAAAAUUAUGAUAACUACUUGGAAGAACGUUAAUUGCUUACACUCAACAUACCUUGCCCAAGGCACUCCGCAAUUGAUACCUAAUGUAGAGUUUCAUGGCAGCACCCCGCACUAAUUGAGAGGUCAGUGUUCUGCCCUUGCGAGCAAUAUCC
45	0.8816885948181152	0.881355881690979	5	12	6	6	6	6	780	400	AGCCGGCCACCUCACACACGCCACGUCAGGCUUCAGAGCUCGGAACCGAUUCCGAGUGCGAUCAGUUCUCGCCUAUUGUAGACGACACCUCCCCCAAUGGGGCGGAUCUGCGAAUCAAGGUCGAGUCUUACGAGGAGAUUUCCGUGACCUAAGCUAUCGUAACUCACGACUUGAUGGCAUUUGAGGCUAAGUGAGCACUCAUAGUCAAGACGCGGGUCAUUGAUAGGGCACUCCCACCUGUAGGAAGAGAAAAUUAUGAUAACUACUUGGAAGAACGUUAAUUGCUUACACUCAACAUACCUUGCCCAAGGCACUCCGCAAUUGAUACCUAAUGUAGAGUUUCAUGGCAGCACCCCGCACUAAUUGAGAGGUCAGUGUUCUGCCCUUGCGAGCAAUAUCC
45	0.8000614047050476	0.800000011920929	6	12	6	6	6	6	780	400	AGCCGGCCACCUCACACACGCCACGUCAGGCUUCAGAGCUCGGAACCGAUUCCGAGUGCGAUCAGUUCUCGCCUAUUGUAGACGACACCUCCCCCAAUGGGGCGGAUCUGCGAAUCAAGGUCGAGUCUUACGAGGAGAUUUCCGUGACCUAAGCUAUCGUAACUCACGACUUGAUGGCAUUUGAGGCUAAGUGAGCACUCAUAGUCAAGACGCGGGUCAUUGAUAGGGCACUCCCACCUGUAGGAAGAGAAAAUUAUGAUAACUACUUGGAAGAACGUUAAUUGCUUACACUCAACAUACCUUGCCCAAGGCACUCCGCAAUUGAUACCUAAUGUAGAGUUUCAUGGCAGCACCCCGCACUAAUUGAGAGGUCAGUGUUCUGCCCUUGCGAGCAAUAUCC
45	0.8576895594596863	0.8571428656578064	7	12	6	6	6	6	780	400	AGCCGGCCACCUCACACACGCCACGUCAGGCUUCAGAGCUCGGAACCGAUUCCGAGUGCGAUCAGUUCUCGCCUAUUGUAGACGACACCUCCCCCAAUGGGGCGGAUCUGCGAAUCAAGGUCGAGUCUUACGAGGAGAUUUCCGUGACCUAAGCUAUCGUAACUCACGACUUGAUGGCAUUUGAGGCUAAGUGAGCACUCAUAGUCAAGACGCGGGUCAUUGAUAGGGCACUCCCACCUGUAGGAAGAGAAAAUUAUGAUAACUACUUGGAAGAACGUUAAUUGCUUACACUCAACAUACCUUGCCCAAGGCACUCCGCAAUUGAUACCUAAUGUAGAGUUUCAUGGCAGCACCCCGCACUAAUUGAGAGGUCAGUGUUCUGCCCUUGCGAGCAAUAUCC
45	0.6661897897720337	0.6666666865348816	8	12	6	6	6	6	780	400	AGCCGGCCACCUCACACACGCCACGUCAGGCUUCAGAGCUCGGAACCGAUUCCGAGUGCGAUCAGUUCUCGCCUAUUGUAGACGACACCUCCCCCAAUGGGGCGGAUCUGCGAAUCAAGGUCGAGUCUUACGAGGAGAUUUCCGUGACCUAAGCUAUCGUAACUCACGACUUGAUGGCAUUUGAGGCUAAGUGAGCACUCAUAGUCAAGACGCGGGUCAUUGAUAGGGCACUCCCACCUGUAGGAAGAGAAAAUUAUGAUAACUACUUGGAAGAACGUUAAUUGCUUACACUCAACAUACCUUGCCCAAGGCACUCCGCAAUUGAUACCUAAUGUAGAGUUUCAUGGCAGCACCCCGCACUAAUUGAGAGGUCAGUGUUCUGCCCUUGCGAGCAAUAUCC
45	0.8104308843612671	0.810126543045044	9	12	6	6	6	6	780	400	AGCCGGCCACCUCACACACGCCACGUCAGGCUUCAGAGCUCGGAACCGAUUCCGAGUGCGAUCAGUUCUCGCCUAUUGUAGACGACACCUCCCCCAAUGGGGCGGAUCUGCGAAUCAAGGUCGAGUCUUACGAGGAGAUUUCCGUGACCUAAGCUAUCGUAACUCACGACUUGAUGGCAUUUGAGGCUAAGUGAGCACUCAUAGUCAAGACGCGGGUCAUUGAUAGGGCACUCCCACCUGUAGGAAGAGAAAAUUAUGAUAACUACUUGGAAGAACGUUAAUUGCUUACACUCAACAUACCUUGCCCAAGGCACUCCGCAAUUGAUACCUAAUGUAGAGUUUCAUGGCAGCACCCCGCACUAAUUGAGAGGUCAGUGUUCUGCCCUUGCGAGCAAUAUCC
45	0.8104308843612671	0.810126543045044	10	12	6	6	6	6	780	400	AGCCGGCCACCUCACACACGCCACGUCAGGCUUCAGAGCUCGGAACCGAUUCCGAGUGCGAUCAGUUCUCGCCUAUUGUAGACGACACCUCCCCCAAUGGGGCGGAUCUGCGAAUCAAGGUCGAGUCUUACGAGGAGAUUUCCGUGACCUAAGCUAUCGUAACUCACGACUUGAUGGCAUUUGAGGCUAAGUGAGCACUCAUAGUCAAGACGCGGGUCAUUGAUAGGGCACUCCCACCUGUAGGAAGAGAAAAUUAUGAUAACUACUUGGAAGAACGUUAAUUGCUUACACUCAACAUACCUUGCCCAAGGCACUCCGCAAUUGAUACCUAAUGUAGAGUUUCAUGGCAGCACCCCGCACUAAUUGAGAGGUCAGUGUUCUGCCCUUGCGAGCAAUAUCC
45	0.8696331977844238	0.8691982626914978	11	12	6	6	6	6	780	400	AGCCGGCCACCUCACACACGCCACGUCAGGCUUCAGAGCUCGGAACCGAUUCCGAGUGCGAUCAGUUCUCGCCUAUUGUAGACGACACCUCCCCCAAUGGGGCGGAUCUGCGAAUCAAGGUCGAGUCUUACGAGGAGAUUUCCGUGACCUAAGCUAUCGUAACUCACGACUUGAUGGCAUUUGAGGCUAAGUGAGCACUCAUAGUCAAGACGCGGGUCAUUGAUAGGGCACUCCCACCUGUAGGAAGAGAAAAUUAUGAUAACUACUUGGAAGAACGUUAAUUGCUUACACUCAACAUACCUUGCCCAAGGCACUCCGCAAUUGAUACCUAAUGUAGAGUUUCAUGGCAGCACCCCGCACUAAUUGAGAGGUCAGUGUUCUGCCCUUGCGAGCAAUAUCC
45	0.8273458480834961	0.8270042538642883	12	12	6	6	6	6	780	400	AGCCGGCCACCUCACACACGCCACGUCAGGCUUCAGAGCUCGGAACCGAUUCCGAGUGCGAUCAGUUCUCGCCUAUUGUAGACGACACCUCCCCCAAUGGGGCGGAUCUGCGAAUCAAGGUCGAGUCUUACGAGGAGAUUUCCGUGACCUAAGCUAUCGUAACUCACGACUUGAUGGCAUUUGAGGCUAAGUGAGCACUCAUAGUCAAGACGCGGGUCAUUGAUAGGGCACUCCCACCUGUAGGAAGAGAAAAUUAUGAUAACUACUUGGAAGAACGUUAAUUGCUUACACUCAACAUACCUUGCCCAAGGCACUCCGCAAUUGAUACCUAAUGUAGAGUUUCAUGGCAGCACCCCGCACUAAUUGAGAGGUCAGUGUUCUGCCCUUGCGAGCAAUAUCC
45	0.7203405499458313	0.7203389406204224	13	12	6	6	6	6	780	400	AGCCGGCCACCUCACACACGCCACGUCAGGCUUCAGAGCUCGGAACCGAUUCCGAGUGCGAUCAGUUCUCGCCUAUUGUAGACGACACCUCCCCCAAUGGGGCGGAUCUGCGAAUCAAGGUCGAGUCUUACGAGGAGAUUUCCGUGACCUAAGCUAUCGUAACUCACGACUUGAUGGCAUUUGAGGCUAAGUGAGCACUCAUAGUCAAGACGCGGGUCAUUGAUAGGGCACUCCCACCUGUAGGAAGAGAAAAUUAUGAUAACUACUUGGAAGAACGUUAAUUGCUUACACUCAACAUACCUUGCCCAAGGCACUCCGCAAUUGAUACCUAAUGUAGAGUUUCAUGGCAGCACCCCGCACUAAUUGAGAGGUCAGUGUUCUGCCCUUGCGAGCAAUAUCC
45	0.7173988223075867	0.7172995805740356	13	12	6	6	6	6	780	400	AGCCGGCCACCUCACACACGCCACGUCAGGCUUCAGAGCUCGGAACCGAUUCCGAGUGCGAUCAGUUCUCGCCUAUUGUAGACGACACCUCCCCCAAUGGGGCGGAUCUGCGAAUCAAGGUCGAGUCUUACGAGGAGAUUUCCGUGACCUAAGCUAUCGUAACUCACGACUUGAUGGCAUUUGAGGCUAAGUGAGCACUCAUAGUCAAGACGCGGGUCAUUGAUAGGGCACUCCCACCUGUAGGAAGAGAAAAUUAUGAUAACUACUUGGAAGAACGUUAAUUGCUUACACUCAACAUACCUUGCCCAAGGCACUCCGCAAUUGAUACCUAAUGUAGAGUUUCAUGGCAGCACCCCGCACUAAUUGAGAGGUCAGUGUUCUGCCCUUGCGAGCAAUAUCC
45	0.8071494698524475	0.8067227005958557	13	12	6	6	6	6	780	400	AGCCGGCCACCUCACACACGCCACGUCAGGCUUCAGAGCUCGGAACCGAUUCCGAGUGCGAUCAGUUCUCGCCUAUUGUAGACGACACCUCCCCCAAUGGGGCGGAUCUGCGAAUCAAGGUCGAGUCUUACGAGGAGAUUUCCGUGACCUAAGCUAUCGUAACUCACGACUUGAUGGCAUUUGAGGCUAAGUGAGCACUCAUAGUCAAGACGCGGGUCAUUGAUAGGGCACUCCCACCUGUAGGAAGAGAAAAUUAUGAUAACUACUUGGAAGAACGUUAAUUGCUUACACUCAACAUACCUUGCCCAAGGCACUCCGCAAUUGAUACCUAAUGUAGAGUUUCAUGGCAGCACCCCGCACUAAUUGAGAGGUCAGUGUUCUGCCCUUGCGAGCAAUAUCC
45	0.8071494698524475	0.8067227005958557	13	12	6	6	6	6	780	400	AGCCGGCCACCUCACACACGCCACGUCAGGCUUCAGAGCUCGGAACCGAUUCCGAGUGCGAUCAGUUCUCGCCUAUUGUAGACGACACCUCCCCCAAUGGGGCGGAUCUGCGAAUCAAGGUCGAGUCUUACGAGGAGAUUUCCGUGACCUAAGCUAUCGUAACUCACGACUUGAUGGCAUUUGAGGCUAAGUGAGCACUCAUAGUCAAGACGCGGGUCAUUGAUAGGGCACUCCCACCUGUAGGAAGAGAAAAUUAUGAUAACUACUUGGAAGAACGUUAAUUGCUUACACUCAACAUACCUUGCCCAAGGCACUCCGCAAUUGAUACCUAAUGUAGAGUUUCAUGGCAGCACCCCGCACUAAUUGAGAGGUCAGUGUUCUGCCCUUGCGAGCAAUAUCC
45	0.8273458480834961	0.8270042538642883	13	12	6	6	6	6	780	400	AGCCGGCCACCUCACACACGCCACGUCAGGCUUCAGAGCUCGGAACCGAUUCCGAGUGCGAUCAGUUCUCGCCUAUUGUAGACGACACCUCCCCCAAUGGGGCGGAUCUGCGAAUCAAGGUCGAGUCUUACGAGGAGAUUUCCGUGACCUAAGCUAUCGUAACUCACGACUUGAUGGCAUUUGAGGCUAAGUGAGCACUCAUAGUCAAGACGCGGGUCAUUGAUAGGGCACUCCCACCUGUAGGAAGAGAAAAUUAUGAUAACUACUUGGAAGAACGUUAAUUGCUUACACUCAACAUACCUUGCCCAAGGCACUCCGCAAUUGAUACCUAAUGUAGAGUUUCAUGGCAGCACCCCGCACUAAUUGAGAGGUCAGUGUUCUGCCCUUGCGAGCAAUAUCC
45	0.8324195146560669	0.8319328427314758	13	12	6	6	6	6	780	400	AGCCGGCCACCUCACACACGCCACGUCAGGCUUCAGAGCUCGGAACCGAUUCCGAGUGCGAUCAGUUCUCGCCUAUUGUAGACGACACCUCCCCCAAUGGGGCGGAUCUGCGAAUCAAGGUCGAGUCUUACGAGGAGAUUUCCGUGACCUAAGCUAUCGUAACUCACGACUUGAUGGCAUUUGAGGCUAAGUGAGCACUCAUAGUCAAGACGCGGGUCAUUGAUAGGGCACUCCCACCUGUAGGAAGAGAAAAUUAUGAUAACUACUUGGAAGAACGUUAAUUGCUUACACUCAACAUACCUUGCCCAAGGCACUCCGCAAUUGAUACCUAAUGUAGAGUUUCAUGGCAGCACCCCGCACUAAUUGAGAGGUCAGUGUUCUGCCCUUGCGAGCAAUAUCC
45	0.7116213440895081	0.7112970352172852	13	12	6	6	6	6	780	400	AGCCGGCCACCUCACACACGCCACGUCAGGCUUCAGAGCUCGGAACCGAUUCCGAGUGCGAUCAGUUCUCGCCUAUUGUAGACGACACCUCCCCCAAUGGGGCGGAUCUGCGAAUCAAGGUCGAGUCUUACGAGGAGAUUUCCGUGACCUAAGCUAUCGUAACUCACGACUUGAUGGCAUUUGAGGCUAAGUGAGCACUCAUAGUCAAGACGCGGGUCAUUGAUAGGGCACUCCCACCUGUAGGAAGAGAAAAUUAUGAUAACUACUUGGAAGAACGUUAAUUGCUUACACUCAACAUACCUUGCCCAAGGCACUCCGCAAUUGAUACCUAAUGUAGAGUUUCAUGGCAGCACCCCGCACUAAUUGAGAGGUCAGUGUUCUGCCCUUGCGAGCAAUAUCC
45	0.8853310942649841	0.8851063847541809	13	12	6	6	6	6	780	400	AGCCGGCCACCUCACACACGCCACGUCAGGCUUCAGAGCUCGGAACCGAUUCCGAGUGCGAUCAGUUCUCGCCUAUUGUAGACGACACCUCCCCCAAUGGGGCGGAUCUGCGAAUCAAGGUCGAGUCUUACGAGGAGAUUUCCGUGACCUAAGCUAUCGUAACUCACGACUUGAUGGCAUUUGAGGCUAAGUGAGCACUCAUAGUCAAGACGCGGGUCAUUGAUAGGGCACUCCCACCUGUAGGAAGAGAAAAUUAUGAUAACUACUUGGAAGAACGUUAAUUGCUUACACUCAACAUACCUUGCCCAAGGCACUCCGCAAUUGAUACCUAAUGUAGAGUUUCAUGGCAGCACCCCGCACUAAUUGAGAGGUCAGUGUUCUGCCCUUGCGAGCAAUAUCC
45	0.8853310942649841	0.8851063847541809	13	12	6	6	6	6	780	400	AGCCGGCCACCUCACACACGCCACGUCAGGCUUCAGAGCUCGGAACCGAUUCCGAGUGCGAUCAGUUCUCGCCUAUUGUAGACGACACCUCCCCCAAUGGGGCGGAUCUGCGAAUCAAGGUCGAGUCUUACGAGGAGAUUUCCGUGACCUAAGCUAUCGUAACUCACGACUUGAUGGCAUUUGAGGCUAAGUGAGCACUCAUAGUCAAGACGCGGGUCAUUGAUAGGGCACUCCCACCUGUAGGAAGAGAAAAUUAUGAUAACUACUUGGAAGAACGUUAAUUGCUUACACUCAACAUACCUUGCCCAAGGCACUCCGCAAUUGAUACCUAAUGUAGAGUUUCAUGGCAGCACCCCGCACUAAUUGAGAGGUCAGUGUUCUGCCCUUGCGAGCAAUAUCC
45	0.8273458480834961	0.8270042538642883	14	12	6	6	6	6	780	400	AGCCGGCCACCUCACACACGCCACGUCAGGCUUCAGAGCUCGGAACCGAUUCCGAGUGCGAUCAGUUCUCGCCUAUUGUAGACGACACCUCCCCCAAUGGGGCGGAUCUGCGAAUCAAGGUCGAGUCUUACGAGGAGAUUUCCGUGACCUAAGCUAUCGUAACUCACGACUUGAUGGCAUUUGAGGCUAAGUGAGCACUCAUAGUCAAGACGCGGGUCAUUGAUAGGGCACUCCCACCUGUAGGAAGAGAAAAUUAUGAUAACUACUUGGAAGAACGUUAAUUGCUUACACUCAACAUACCUUGCCCAAGGCACUCCGCAAUUGAUACCUAAUGUAGAGUUUCAUGGCAGCACCCCGCACUAAUUGAGAGGUCAGUGUUCUGCCCUUGCGAGCAAUAUCC
45	0.8058619499206543	0.8049792647361755	13	12	6	6	6	6	780	400	AGCCGGCCACCUCACACACGCCACGUCAGGCUUCAGAGCUCGGAACCGAUUCCGAGUGCGAUCAGUUCUCGCCUAUUGUAGACGACACCUCCCCCAAUGGGGCGGAUCUGCGAAUCAAGGUCGAGUCUUACGAGGAGAUUUCCGUGACCUAAGCUAUCGUAACUCACGACUUGAUGGCAUUUGAGGCUAAGUGAGCACUCAUAGUCAAGACGCGGGUCAUUGAUAGGGCACUCCCACCUGUAGGAAGAGAAAAUUAUGAUAACUACUUGGAAGAACGUUAAUUGCUUACACUCAACAUACCUUGCCCAAGGCACUCCGCAAUUGAUACCUAAUGUAGAGUUUCAUGGCAGCACCCCGCACUAAUUGAGAGGUCAGUGUUCUGCCCUUGCGAGCAAUAUCC
45	0.8122970461845398	0.8117154836654663	13	12	6	6	6	6	780	400	AGCCGGCCACCUCACACACGCCACGUCAGGCUUCAGAGCUCGGAACCGAUUCCGAGUGCGAUCAGUUCUCGCCUAUUGUAGACGACACCUCCCCCAAUGGGGCGGAUCUGCGAAUCAAGGUCGAGUCUUACGAGGAGAUUUCCGUGACCUAAGCUAUCGUAACUCACGACUUGAUGGCAUUUGAGGCUAAGUGAGCACUCAUAGUCAAGACGCGGGUCAUUGAUAGGGCACUCCCACCUGUAGGAAGAGAAAAUUAUGAUAACUACUUGGAAGAACGUUAAUUGCUUACACUCAACAUACCUUGCCCAAGGCACUCCGCAAUUGAUACCUAAUGUAGAGUUUCAUGGCAGCACCCCGCACUAAUUGAGAGGUCAGUGUUCUGCCCUUGCGAGCAAUAUCC
45	0.8816885948181152	0.881355881690979	13	12	6	6	6	6	780	400	AGCCGGCCACCUCACACACGCCACGUCAGGCUUCAGAGCUCGGAACCGAUUCCGAGUGCGAUCAGUUCUCGCCUAUUGUAGACGACACCUCCCCCAAUGGGGCGGAUCUGCGAAUCAAGGUCGAGUCUUACGAGGAGAUUUCCGUGACCUAAGCUAUCGUAACUCACGACUUGAUGGCAUUUGAGGCUAAGUGAGCACUCAUAGUCAAGACGCGGGUCAUUGAUAGGGCACUCCCACCUGUAGGAAGAGAAAAUUAUGAUAACUACUUGGAAGAACGUUAAUUGCUUACACUCAACAUACCUUGCCCAAGGCACUCCGCAAUUGAUACCUAAUGUAGAGUUUCAUGGCAGCACCCCGCACUAAUUGAGAGGUCAGUGUUCUGCCCUUGCGAGCAAUAUCC
45	0.8324195146560669	0.8319328427314758	13	12	6	6	6	6	780	400	AGCCGGCCACCUCACACACGCCACGUCAGGCUUCAGAGCUCGGAACCGAUUCCGAGUGCGAUCAGUUCUCGCCUAUUGUAGACGACACCUCCCCCAAUGGGGCGGAUCUGCGAAUCAAGGUCGAGUCUUACGAGGAGAUUUCCGUGACCUAAGCUAUCGUAACUCACGACUUGAUGGCAUUUGAGGCUAAGUGAGCACUCAUAGUCAAGACGCGGGUCAUUGAUAGGGCACUCCCACCUGUAGGAAGAGAAAAUUAUGAUAACUACUUGGAAGAACGUUAAUUGCUUACACUCAACAUACCUUGCCCAAGGCACUCCGCAAUUGAUACCUAAUGUAGAGUUUCAUGGCAGCACCCCGCACUAAUUGAGAGGUCAGUGUUCUGCCCUUGCGAGCAAUAUCC
45	0.8853310942649841	0.8851063847541809	13	12	6	6	6	6	780	400	AGCCGGCCACCUCACACACGCCACGUCAGGCUUCAGAGCUCGGAACCGAUUCCGAGUGCGAUCAGUUCUCGCCUAUUGUAGACGACACCUCCCCCAAUGGGGCGGAUCUGCGAAUCAAGGUCGAGUCUUACGAGGAGAUUUCCGUGACCUAAGCUAUCGUAACUCACGACUUGAUGGCAUUUGAGGCUAAGUGAGCACUCAUAGUCAAGACGCGGGUCAUUGAUAGGGCACUCCCACCUGUAGGAAGAGAAAAUUAUGAUAACUACUUGGAAGAACGUUAAUUGCUUACACUCAACAUACCUUGCCCAAGGCACUCCGCAAUUGAUACCUAAUGUAGAGUUUCAUGGCAGCACCCCGCACUAAUUGAGAGGUCAGUGUUCUGCCCUUGCGAGCAAUAUCC
45	0.8239961862564087	0.8235294222831726	13	12	6	6	6	6	780	400	AGCCGGCCACCUCACACACGCCACGUCAGGCUUCAGAGCUCGGAACCGAUUCCGAGUGCGAUCAGUUCUCGCCUAUUGUAGACGACACCUCCCCCAAUGGGGCGGAUCUGCGAAUCAAGGUCGAGUCUUACGAGGAGAUUUCCGUGACCUAAGCUAUCGUAACUCACGACUUGAUGGCAUUUGAGGCUAAGUGAGCACUCAUAGUCAAGACGCGGGUCAUUGAUAGGGCACUCCCACCUGUAGGAAGAGAAAAUUAUGAUAACUACUUGGAAGAACGUUAAUUGCUUACACUCAACAUACCUUGCCCAAGGCACUCCGCAAUUGAUACCUAAUGUAGAGUUUCAUGGCAGCACCCCGCACUAAUUGAGAGGUCAGUGUUCUGCCCUUGCGAGCAAUAUCC
45	0.7203405499458313	0.7203389406204224	13	12	6	6	6	6	780	400	AGCCGGCCACCUCACACACGCCACGUCAGGCUUCAGAGCUCGGAACCGAUUCCGAGUGCGAUCAGUUCUCGCCUAUUGUAGACGACACCUCCCCCAAUGGGGCGGAUCUGCGAAUCAAGGUCGAGUCUUACGAGGAGAUUUCCGUGACCUAAGCUAUCGUAACUCACGACUUGAUGGCAUUUGAGGCUAAGUGAGCACUCAUAGUCAAGACGCGGGUCAUUGAUAGGGCACUCCCACCUGUAGGAAGAGAAAAUUAUGAUAACUACUUGGAAGAACGUUAAUUGCUUACACUCAACAUACCUUGCCCAAGGCACUCCGCAAUUGAUACCUAAUGUAGAGUUUCAUGGCAGCACCCCGCACUAAUUGAGAGGUCAGUGUUCUGCCCUUGCGAGCAAUAUCC
46	0.5428879261016846	0.543209969997406	1	12	6	6	6	6	780	400	GUUCGUCCAGUCCGCGUUCGUUACCUCGACGGUCUACGUGGGCUCCGUCAUAUGUUUCUGUACGCUCGGGGGGCGGAUCGCAUGAACCCCUAAACACUGCAGUAAAAUACAAAAAGAUCAUACUGAAAUCUUAGAGUGUCCCAAGCGUCGGCCUCCGUUUACCGCGAUAGACUUUCGCGCGCUACAAAUAAUGGACGUUGCUGGAAAUACUCCUUAAGUAGCGAGCGUUCGUCGGAUUGCCGGCUCAGCAUGAAAUCGGUACCAACAAGUUCCGGGUGCAGUAGCCUUUAUUAGUGAGUCGCACGAACUAGAUCCAUUUUGCAUUUAUCUACGUUGGAAGAGAAGUGGUCUGUGGCUCAGCAACUCGGCUCCAUUAUGUAUACGAGAGUCCAGCGAAUCU
46	0.5428879261016846	0.543209969997406	2	12	6	6	6	6	780	400	GUUCGUCCAGUCCGCGUUCGUUACCUCGACGGUCUACGUGGGCUCCGUCAUAUGUUUCUGUACGCUCGGGGGGCGGAUCGCAUGAACCCCUAAACACUGCAGUAAAAUACAAAAAGAUCAUACUGAAAUCUUAGAGUGUCCCAAGCGUCGGCCUCCGUUUACCGCGAUAGACUUUCGCGCGCUACAAAUAAUGGACGUUGCUGGAAAUACUCCUUAAGUAGCGAGCGUUCGUCGGAUUGCCGGCUCAGCAUGAAAUCGGUACCAACAAGUUCCGGGUGCAGUAGCCUUUAUUAGUGAGUCGCACGAACUAGAUCCAUUUUGCAUUUAUCUACGUUGGAAGAGAAGUGGUCUGUGGCUCAGCAACUCGGCUCCAUUAUGUAUACGAGAGUCCAGCGAAUCU
46	0.6718633770942688	0.672340452671051	3	12	6	6	6	6	780	400	GUUCGUCCAGUCCGCGUUCGUUACCUCGACGGUCUACGUGGGCUCCGUCAUAUGUUUCUGUACGCUCGGGGGGCGGAUCGCAUGAACCCCUAAACACUGCAGUAAAAUACAAAAAGAUCAUACUGAAAUCUUAGAGUGUCCCAAGCGUCGGCCUCCGUUUACCGCGAUAGACUUUCGCGCGCUACAAAUAAUGGACGUUGCUGGAAAUACUCCUUAAGUAGCGAGCGUUCGUCGGAUUGCCGGCUCAGCAUGAAAUCGGUACCAACAAGUUCCGGGUGCAGUAGCCUUUAUUAGUGAGUCGCACGAACUAGAUCCAUUUUGCAUUUAUCUACGUUGGAAGAGAAGUGGUCUGUGGCUCAGCAACUCGGCUCCAUUAUGUAUACGAGAGUCCAGCGAAUCU
46	0.7728800177574158	0.7731091976165771	4	12	6	6	6	6	780	400	GUUCGUCCAGUCCGCGUUCGUUACCUCGACGGUCUACGUGGGCUCCGUCAUAUGUUUCUGUACGCUCGGGGGGCGGAUCGCAUGAACCCCUAAACACUGCAGUAAAAUACAAAAAGAUCAUACUGAAAUCUUAGAGUGUCCCAAGCGUCGGCCUCCGUUUACCGCGAUAGACUUUCGCGCGCUACAAAUAAUGGACGUUGCUGGAAAUACUCCUUAAGUAGCGAGCGUUCGUCGGAUUGCCGGCUCAGCAUGAAAUCGGUACCAACAAGUUCCGGGUGCAGUAGCCUUUAUUAGUGAGUCGCACGAACUAGAUCCAUUUUGCAUUUAUCUACGUUGGAAGAGAAGUGGUCUGUGGCUCAGCAACUCGGCUCCAUUAUGUAUACGAGAGUCCAGCGAAUCU
46	0.7644628882408142	0.7647058963775635	5	12	6	6	6	6	780	400	GUUCGUCCAGUCCGCGUUCGUUACCUCGACGGUCUACGUGGGCUCCGUCAUAUGUUUCUGUACGCUCGGGGGGCGGAUCGCAUGAACCCCUAAACACUGCAGUAAAAUACAAAAAGAUCAUACUGAAAUCUUAGAGUGUCCCAAGCGUCGGCCUCCGUUUACCGCGAUAGACUUUCGCGCGCUACAAAUAAUGGACGUUGCUGGAAAUACUCCUUAAGUAGCGAGCGUUCGUCGGAUUGCCGGCUCAGCAUGAAAUCGGUACCAACAAGUUCCGGGUGCAGUAGCCUUUAUUAGUGAGUCGCACGAACUAGAUCCAUUUUGCAUUUAUCUACGUUGGAAGAGAAGUGGUCUGUGGCUCAGCAACUCGGCUCCAUUAUGUAUACGAGAGUCCAGCGAAUCU
46	0.8014653921127319	0.8017241358757019	6	12	6	6	6	6	780	400	GUUCGUCCAGUCCGCGUUCGUUACCUCGACGGUCUACGUGGGCUCCGUCAUAUGUUUCUGUACGCUCGGGGGGCGGAUCGCAUGAACCCCUAAACACUGCAGUAAAAUACAAAAAGAUCAUACUGAAAUCUUAGAGUGUCCCAAGCGUCGGCCUCCGUUUACCGCGAUAGACUUUCGCGCGCUACAAAUAAUGGACGUUGCUGGAAAUACUCCUUAAGUAGCGAGCGUUCGUCGGAUUGCCGGCUCAGCAUGAAAUCGGUACCAACAAGUUCCGGGUGCAGUAGCCUUUAUUAGUGAGUCGCACGAACUAGAUCCAUUUUGCAUUUAUCUACGUUGGAAGAGAAGUGGUCUGUGGCUCAGCAACUCGGCUCCAUUAUGUAUACGAGAGUCCAGCGAAUCU
46	0.7928318381309509	0.7931034564971924	7	12	6	6	6	6	780	400	GUUCGUCCAGUCCGCGUUCGUUACCUCGACGGUCUACGUGGGCUCCGUCAUAUGUUUCUGUACGCUCGGGGGGCGGAUCGCAUGAACCCCUAAACACUGCAGUAAAAUACAAAAAGAUCAUACUGAAAUCUUAGAGUGUCCCAAGCGUCGGCCUCCGUUUACCGCGAUAGACUUUCGCGCGCUACAAAUAAUGGACGUUGCUGGAAAUACUCCUUAAGUAGCGAGCGUUCGUCGGAUUGCCGGCUCAGCAUGAAAUCGGUACCAACAAGUUCCGGGUGCAGUAGCCUUUAUUAGUGAGUCGCACGAACUAGAUCCAUUUUGCAUUUAUCUACGUUGGAAGAGAAGUGGUCUGUGGCUCAGCAACUCGGCUCCAUUAUGUAUACGAGAGUCCAGCGAAUCU
46	0.7686653733253479	0.7685950994491577	8	12	6	6	6	6	780	400	GUUCGUCCAGUCCGCGUUCGUUACCUCGACGGUCUACGUGGGCUCCGUCAUAUGUUUCUGUACGCUCGGGGGGCGGAUCGCAUGAACCCCUAAACACUGCAGUAAAAUACAAAAAGAUCAUACUGAAAUCUUAGAGUGUCCCAAGCGUCGGCCUCCGUUUACCGCGAUAGACUUUCGCGCGCUACAAAUAAUGGACGUUGCUGGAAAUACUCCUUAAGUAGCGAGCGUUCGUCGGAUUGCCGGCUCAGCAUGAAAUCGGUACCAACAAGUUCCGGGUGCAGUAGCCUUUAUUAGUGAGUCGCACGAACUAGAUCCAUUUUGCAUUUAUCUACGUUGGAAGAGAAGUGGUCUGUGGCUCAGCAACUCGGCUCCAUUAUGUAUACGAGAGUCCAGCGAAUCU
46	0.8753626346588135	0.8755364418029785	9	12	6	6	6	6	780	400	GUUCGUCCAGUCCGCGUUCGUUACCUCGACGGUCUACGUGGGCUCCGUCAUAUGUUUCUGUACGCUCGGGGGGCGGAUCGCAUGAACCCCUAAACACUGCAGUAAAAUACAAAAAGAUCAUACUGAAAUCUUAGAGUGUCCCAAGCGUCGGCCUCCGUUUACCGCGAUAGACUUUCGCGCGCUACAAAUAAUGGACGUUGCUGGAAAUACUCCUUAAGUAGCGAGCGUUCGUCGGAUUGCCGGCUCAGCAUGAAAUCGGUACCAACAAGUUCCGGGUGCAGUAGCCUUUAUUAGUGAGUCGCACGAACUAGAUCCAUUUUGCAUUUAUCUACGUUGGAAGAGAAGUGGUCUGUGGCUCAGCAACUCGGCUCCAUUAUGUAUACGAGAGUCCAGCGAAUCU
46	0.7566254734992981	0.7560975551605225	10	12	6	6	6	6	780	400	GUUCGUCCAGUCCGCGUUCGUUACCUCGACGGUCUACGUGGGCUCCGUCAUAUGUUUCUGUACGCUCGGGGGGCGGAUCGCAUGAACCCCUAAACACUGCAGUAAAAUACAAAAAGAUCAUACUGAAAUCUUAGAGUGUCCCAAGCGUCGGCCUCCGUUUACCGCGAUAGACUUUCGCGCGCUACAAAUAAUGGACGUUGCUGGAAAUACUCCUUAAGUAGCGAGCGUUCGUCGGAUUGCCGGCUCAGCAUGAAAUCGGUACCAACAAGUUCCGGGUGCAGUAGCCUUUAUUAGUGAGUCGCACGAACUAGAUCCAUUUUGCAUUUAUCUACGUUGGAAGAGAAGUGGUCUGUGGCUCAGCAACUCGGCUCCAUUAUGUAUACGAGAGUCCAGCGAAUCU
46	0.8283765316009521	0.8284518718719482	11	12	6	6	6	6	780	400	GUUCGUCCAGUCCGCGUUCGUUACCUCGACGGUCUACGUGGGCUCCGUCAUAUGUUUCUGUACGCUCGGGGGGCGGAUCGCAUGAACCCCUAAACACUGCAGUAAAAUACAAAAAGAUCAUACUGAAAUCUUAGAGUGUCCCAAGCGUCGGCCUCCGUUUACCGCGAUAGACUUUCGCGCGCUACAAAUAAUGGACGUUGCUGGAAAUACUCCUUAAGUAGCGAGCGUUCGUCGGAUUGCCGGCUCAGCAUGAAAUCGGUACCAACAAGUUCCGGGUGCAGUAGCCUUUAUUAGUGAGUCGCACGAACUAGAUCCAUUUUGCAUUUAUCUACGUUGGAAGAGAAGUGGUCUGUGGCUCAGCAACUCGGCUCCAUUAUGUAUACGAGAGUCCAGCGAAUCU
46	0.8881734013557434	0.8879668116569519	12	12	6	6	6	6	780	400	GUUCGUCCAGUCCGCGUUCGUUACCUCGACGGUCUACGUGGGCUCCGUCAUAUGUUUCUGUACGCUCGGGGGGCGGAUCGCAUGAACCCCUAAACACUGCAGUAAAAUACAAAAAGAUCAUACUGAAAUCUUAGAGUGUCCCAAGCGUCGGCCUCCGUUUACCGCGAUAGACUUUCGCGCGCUACAAAUAAUGGACGUUGCUGGAAAUACUCCUUAAGUAGCGAGCGUUCGUCGGAUUGCCGGCUCAGCAUGAAAUCGGUACCAACAAGUUCCGGGUGCAGUAGCCUUUAUUAGUGAGUCGCACGAACUAGAUCCAUUUUGCAUUUAUCUACGUUGGAAGAGAAGUGGUCUGUGGCUCAGCAACUCGGCUCCAUUAUGUAUACGAGAGUCCAGCGAAUCU
46	0.9122023582458496	0.9121338725090027	13	12	6	6	6	6	780	400	GUUCGUCCAGUCCGCGUUCGUUACCUCGACGGUCUACGUGGGCUCCGUCAUAUGUUUCUGUACGCUCGGGGGGCGGAUCGCAUGAACCCCUAAACACUGCAGUAAAAUACAAAAAGAUCAUACUGAAAUCUUAGAGUGUCCCAAGCGUCGGCCUCCGUUUACCGCGAUAGACUUUCGCGCGCUACAAAUAAUGGACGUUGCUGGAAAUACUCCUUAAGUAGCGAGCGUUCGUCGGAUUGCCGGCUCAGCAUGAAAUCGGUACCAACAAGUUCCGGGUGCAGUAGCCUUUAUUAGUGAGUCGCACGAACUAGAUCCAUUUUGCAUUUAUCUACGUUGGAAGAGAAGUGGUCUGUGGCUCAGCAACUCGGCUCCAUUAUGUAUACGAGAGUCCAGCGAAUCU
46	0.921432614326477	0.9211618304252625	13	12	6	6	6	6	780	400	GUUCGUCCAGUCCGCGUUCGUUACCUCGACGGUCUACGUGGGCUCCGUCAUAUGUUUCUGUACGCUCGGGGGGCGGAUCGCAUGAACCCCUAAACACUGCAGUAAAAUACAAAAAGAUCAUACUGAAAUCUUAGAGUGUCCCAAGCGUCGGCCUCCGUUUACCGCGAUAGACUUUCGCGCGCUACAAAUAAUGGACGUUGCUGGAAAUACUCCUUAAGUAGCGAGCGUUCGUCGGAUUGCCGGCUCAGCAUGAAAUCGGUACCAACAAGUUCCGGGUGCAGUAGCCUUUAUUAGUGAGUCGCACGAACUAGAUCCAUUUUGCAUUUAUCUACGUUGGAAGAGAAGUGGUCUGUGGCUCAGCAACUCGGCUCCAUUAUGUAUACGAGAGUCCAGCGAAUCU
46	0.934296190738678	0.9338842630386353	14	12	6	6	6	6	780	400	GUUCGUCCAGUCCGCGUUCGUUACCUCGACGGUCUACGUGGGCUCCGUCAUAUGUUUCUGUACGCUCGGGGGGCGGAUCGCAUGAACCCCUAAACACUGCAGUAAAAUACAAAAAGAUCAUACUGAAAUCUUAGAGUGUCCCAAGCGUCGGCCUCCGUUUACCGCGAUAGACUUUCGCGCGCUACAAAUAAUGGACGUUGCUGGAAAUACUCCUUAAGUAGCGAGCGUUCGUCGGAUUGCCGGCUCAGCAUGAAAUCGGUACCAACAAGUUCCGGGUGCAGUAGCCUUUAUUAGUGAGUCGCACGAACUAGAUCCAUUUUGCAUUUAUCUACGUUGGAAGAGAAGUGGUCUGUGGCUCAGCAACUCGGCUCCAUUAUGUAUACGAGAGUCCAGCGAAUCU
46	0.9186816811561584	0.9180327653884888	14	12	6	6	6	6	780	400	GUUCGUCCAGUCCGCGUUCGUUACCUCGACGGUCUACGUGGGCUCCGUCAUAUGUUUCUGUACGCUCGGGGGGCGGAUCGCAUGAACCCCUAAACACUGCAGUAAAAUACAAAAAGAUCAUACUGAAAUCUUAGAGUGUCCCAAGCGUCGGCCUCCGUUUACCGCGAUAGACUUUCGCGCGCUACAAAUAAUGGACGUUGCUGGAAAUACUCCUUAAGUAGCGAGCGUUCGUCGGAUUGCCGGCUCAGCAUGAAAUCGGUACCAACAAGUUCCGGGUGCAGUAGCCUUUAUUAGUGAGUCGCACGAACUAGAUCCAUUUUGCAUUUAUCUACGUUGGAAGAGAAGUGGUCUGUGGCUCAGCAACUCGGCUCCAUUAUGUAUACGAGAGUCCAGCGAAUCU
46	0.871543824672699	0.8713693022727966	13	12	6	6	6	6	780	400	GUUCGUCCAGUCCGCGUUCGUUACCUCGACGGUCUACGUGGGCUCCGUCAUAUGUUUCUGUACGCUCGGGGGGCGGAUCGCAUGAACCCCUAAACACUGCAGUAAAAUACAAAAAGAUCAUACUGAAAUCUUAGAGUGUCCCAAGCGUCGGCCUCCGUUUACCGCGAUAGACUUUCGCGCGCUACAAAUAAUGGACGUUGCUGGAAAUACUCCUUAAGUAGCGAGCGUUCGUCGGAUUGCCGGCUCAGCAUGAAAUCGGUACCAACAAGUUCCGGGUGCAGUAGCCUUUAUUAGUGAGUCGCACGAACUAGAUCCAUUUUGCAUUUAUCUACGUUGGAAGAGAAGUGGUCUGUGGCUCAGCAACUCGGCUCCAUUAUGUAUACGAGAGUCCAGCGAAUCU
46	0.9104655385017395	0.9098361134529114	15	12	6	6	6	6	780	400	GUUCGUCCAGUCCGCGUUCGUUACCUCGACGGUCUACGUGGGCUCCGUCAUAUGUUUCUGUACGCUCGGGGGGCGGAUCGCAUGAACCCCUAAACACUGCAGUAAAAUACAAAAAGAUCAUACUGAAAUCUUAGAGUGUCCCAAGCGUCGGCCUCCGUUUACCGCGAUAGACUUUCGCGCGCUACAAAUAAUGGACGUUGCUGGAAAUACUCCUUAAGUAGCGAGCGUUCGUCGGAUUGCCGGCUCAGCAUGAAAUCGGUACCAACAAGUUCCGGGUGCAGUAGCCUUUAUUAGUGAGUCGCACGAACUAGAUCCAUUUUGCAUUUAUCUACGUUGGAAGAGAAGUGGUCUGUGGCUCAGCAACUCGGCUCCAUUAUGUAUACGAGAGUCCAGCGAAUCU
46	0.9168286919593811	0.9166666865348816	14	12	6	6	6	6	780	400	GUUCGUCCAGUCCGCGUUCGUUACCUCGACGGUCUACGUGGGCUCCGUCAUAUGUUUCUGUACGCUCGGGGGGCGGAUCGCAUGAACCCCUAAACACUGCAGUAAAAUACAAAAAGAUCAUACUGAAAUCUUAGAGUGUCCCAAGCGUCGGCCUCCGUUUACCGCGAUAGACUUUCGCGCGCUACAAAUAAUGGACGUUGCUGGAAAUACUCCUUAAGUAGCGAGCGUUCGUCGGAUUGCCGGCUCAGCAUGAAAUCGGUACCAACAAGUUCCGGGUGCAGUAGCCUUUAUUAGUGAGUCGCACGAACUAGAUCCAUUUUGCAUUUAUCUACGUUGGAAGAGAAGUGGUCUGUGGCUCAGCAACUCGGCUCCAUUAUGUAUACGAGAGUCCAGCGAAUCU
46	0.8987116813659668	0.8979591131210327	14	12	6	6	6	6	780	400	GUUCGUCCAGUCCGCGUUCGUUACCUCGACGGUCUACGUGGGCUCCGUCAUAUGUUUCUGUACGCUCGGGGGGCGGAUCGCAUGAACCCCUAAACACUGCAGUAAAAUACAAAAAGAUCAUACUGAAAUCUUAGAGUGUCCCAAGCGUCGGCCUCCGUUUACCGCGAUAGACUUUCGCGCGCUACAAAUAAUGGACGUUGCUGGAAAUACUCCUUAAGUAGCGAGCGUUCGUCGGAUUGCCGGCUCAGCAUGAAAUCGGUACCAACAAGUUCCGGGUGCAGUAGCCUUUAUUAGUGAGUCGCACGAACUAGAUCCAUUUUGCAUUUAUCUACGUUGGAAGAGAAGUGGUCUGUGGCUCAGCAACUCGGCUCCAUUAUGUAUACGAGAGUCCAGCGAAUCU
46	0.9260146617889404	0.9256197810173035	13	12	6	6	6	6	780	400	GUUCGUCCAGUCCGCGUUCGUUACCUCGACGGUCUACGUGGGCUCCGUCAUAUGUUUCUGUACGCUCGGGGGGCGGAUCGCAUGAACCCCUAAACACUGCAGUAAAAUACAAAAAGAUCAUACUGAAAUCUUAGAGUGUCCCAAGCGUCGGCCUCCGUUUACCGCGAUAGACUUUCGCGCGCUACAAAUAAUGGACGUUGCUGGAAAUACUCCUUAAGUAGCGAGCGUUCGUCGGAUUGCCGGCUCAGCAUGAAAUCGGUACCAACAAGUUCCGGGUGCAGUAGCCUUUAUUAGUGAGUCGCACGAACUAGAUCCAUUUUGCAUUUAUCUACGUUGGAAGAGAAGUGGUCUGUGGCUCAGCAACUCGGCUCCAUUAUGUAUACGAGAGUCCAGCGAAUCU
46	0.9177331328392029	0.9173553586006165	14	12	6	6	6	6	780	400	GUUCGUCCAGUCCGCGUUCGUUACCUCGACGGUCUACGUGGGCUCCGUCAUAUGUUUCUGUACGCUCGGGGGGCGGAUCGCAUGAACCCCUAAACACUGCAGUAAAAUACAAAAAGAUCAUACUGAAAUCUUAGAGUGUCCCAAGCGUCGGCCUCCGUUUACCGCGAUAGACUUUCGCGCGCUACAAAUAAUGGACGUUGCUGGAAAUACUCCUUAAGUAGCGAGCGUUCGUCGGAUUGCCGGCUCAGCAUGAAAUCGGUACCAACAAGUUCCGGGUGCAGUAGCCUUUAUUAGUGAGUCGCACGAACUAGAUCCAUUUUGCAUUUAUCUACGUUGGAAGAGAAGUGGUCUGUGGCUCAGCAACUCGGCUCCAUUAUGUAUACGAGAGUCCAGCGAAUCU
46	0.9260146617889404	0.9256197810173035	13	12	6	6	6	6	780	400	GUUCGUCCAGUCCGCGUUCGUUACCUCGACGGUCUACGUGGGCUCCGUCAUAUGUUUCUGUACGCUCGGGGGGCGGAUCGCAUGAACCCCUAAACACUGCAGUAAAAUACAAAAAGAUCAUACUGAAAUCUUAGAGUGUCCCAAGCGUCGGCCUCCGUUUACCGCGAUAGACUUUCGCGCGCUACAAAUAAUGGACGUUGCUGGAAAUACUCCUUAAGUAGCGAGCGUUCGUCGGAUUGCCGGCUCAGCAUGAAAUCGGUACCAACAAGUUCCGGGUGCAGUAGCCUUUAUUAGUGAGUCGCACGAACUAGAUCCAUUUUGCAUUUAUCUACGUUGGAAGAGAAGUGGUCUGUGGCUCAGCAACUCGGCUCCAUUAUGUAUACGAGAGUCCAGCGAAUCU
46	0.888725757598877	0.8888888955116272	13	12	6	6	6	6	780	400	GUUCGUCCAGUCCGCGUUCGUUACCUCGACGGUCUACGUGGGCUCCGUCAUAUGUUUCUGUACGCUCGGGGGGCGGAUCGCAUGAACCCCUAAACACUGCAGUAAAAUACAAAAAGAUCAUACUGAAAUCUUAGAGUGUCCCAAGCGUCGGCCUCCGUUUACCGCGAUAGACUUUCGCGCGCUACAAAUAAUGGACGUUGCUGGAAAUACUCCUUAAGUAGCGAGCGUUCGUCGGAUUGCCGGCUCAGCAUGAAAUCGGUACCAACAAGUUCCGGGUGCAGUAGCCUUUAUUAGUGAGUCGCACGAACUAGAUCCAUUUUGCAUUUAUCUACGUUGGAAGAGAAGUGGUCUGUGGCUCAGCAACUCGGCUCCAUUAUGUAUACGAGAGUCCAGCGAAUCU
46	0.8763254284858704	0.8760330080986023	13	12	6	6	6	6	780	400	GUUCGUCCAGUCCGCGUUCGUUACCUCGACGGUCUACGUGGGCUCCGUCAUAUGUUUCUGUACGCUCGGGGGGCGGAUCGCAUGAACCCCUAAACACUGCAGUAAAAUACAAAAAGAUCAUACUGAAAUCUUAGAGUGUCCCAAGCGUCGGCCUCCGUUUACCGCGAUAGACUUUCGCGCGCUACAAAUAAUGGACGUUGCUGGAAAUACUCCUUAAGUAGCGAGCGUUCGUCGGAUUGCCGGCUCAGCAUGAAAUCGGUACCAACAAGUUCCGGGUGCAGUAGCCUUUAUUAGUGAGUCGCACGAACUAGAUCCAUUUUGCAUUUAUCUACGUUGGAAGAGAAGUGGUCUGUGGCUCAGCAACUCGGCUCCAUUAUGUAUACGAGAGUCCAGCGAAUCU
46	0.9177331328392029	0.9173553586006165	14	12	6	6	6	6	780	400	GUUCGUCCAGUCCGCGUUCGUUACCUCGACGGUCUACGUGGGCUCCGUCAUAUGUUUCUGUACGCUCGGGGGGCGGAUCGCAUGAACCCCUAAACACUGCAGUAAAAUACAAAAAGAUCAUACUGAAAUCUUAGAGUGUCCCAAGCGUCGGCCUCCGUUUACCGCGAUAGACUUUCGCGCGCUACAAAUAAUGGACGUUGCUGGAAAUACUCCUUAAGUAGCGAGCGUUCGUCGGAUUGCCGGCUCAGCAUGAAAUCGGUACCAACAAGUUCCGGGUGCAGUAGCCUUUAUUAGUGAGUCGCACGAACUAGAUCCAUUUUGCAUUUAUCUACGUUGGAAGAGAAGUGGUCUGUGGCUCAGCAACUCGGCUCCAUUAUGUAUACGAGAGUCCAGCGAAUCU
46	0.9305750131607056	0.9300411939620972	12	12	6	6	6	6	780	400	GUUCGUCCAGUCCGCGUUCGUUACCUCGACGGUCUACGUGGGCUCCGUCAUAUGUUUCUGUACGCUCGGGGGGCGGAUCGCAUGAACCCCUAAACACUGCAGUAAAAUACAAAAAGAUCAUACUGAAAUCUUAGAGUGUCCCAAGCGUCGGCCUCCGUUUACCGCGAUAGACUUUCGCGCGCUACAAAUAAUGGACGUUGCUGGAAAUACUCCUUAAGUAGCGAGCGUUCGUCGGAUUGCCGGCUCAGCAUGAAAUCGGUACCAACAAGUUCCGGGUGCAGUAGCCUUUAUUAGUGAGUCGCACGAACUAGAUCCAUUUUGCAUUUAUCUACGUUGGAAGAGAAGUGGUCUGUGGCUCAGCAACUCGGCUCCAUUAUGUAUACGAGAGUCCAGCGAAUCU
46	0.9260146617889404	0.9256197810173035	14	12	6	6	6	6	780	400	GUUCGUCCAGUCCGCGUUCGUUACCUCGACGGUCUACGUGGGCUCCGUCAUAUGUUUCUGUACGCUCGGGGGGCGGAUCGCAUGAACCCCUAAACACUGCAGUAAAAUACAAAAAGAUCAUACUGAAAUCUUAGAGUGUCCCAAGCGUCGGCCUCCGUUUACCGCGAUAGACUUUCGCGCGCUACAAAUAAUGGACGUUGCUGGAAAUACUCCUUAAGUAGCGAGCGUUCGUCGGAUUGCCGGCUCAGCAUGAAAUCGGUACCAACAAGUUCCGGGUGCAGUAGCCUUUAUUAGUGAGUCGCACGAACUAGAUCCAUUUUGCAUUUAUCUACGUUGGAAGAGAAGUGGUCUGUGGCUCAGCAACUCGGCUCCAUUAUGUAUACGAGAGUCCAGCGAAUCU
46	0.8917831778526306	0.8916666507720947	12	12	6	6	6	6	780	400	GUUCGUCCAGUCCGCGUUCGUUACCUCGACGGUCUACGUGGGCUCCGUCAUAUGUUUCUGUACGCUCGGGGGGCGGAUCGCAUGAACCCCUAAACACUGCAGUAAAAUACAAAAAGAUCAUACUGAAAUCUUAGAGUGUCCCAAGCGUCGGCCUCCGUUUACCGCGAUAGACUUUCGCGCGCUACAAAUAAUGGACGUUGCUGGAAAUACUCCUUAAGUAGCGAGCGUUCGUCGGAUUGCCGGCUCAGCAUGAAAUCGGUACCAACAAGUUCCGGGUGCAGUAGCCUUUAUUAGUGAGUCGCACGAACUAGAUCCAUUUUGCAUUUAUCUACGUUGGAAGAGAAGUGGUCUGUGGCUCAGCAACUCGGCUCCAUUAUGUAUACGAGAGUCCAGCGAAUCU
47	0.8167588710784912	0.8170213103294373	1	12	6	6	6	6	780	400	CUGAUCUACUAUAUAACGUAGAUUCGAGUGCACGUCCGAAGUAAAGCUAUACCUACACACUGACUUUCAUGUCCUUCGAUACGAAAGAAAGGGAGCAGUUCGAUUGGUCUACAAGACACACCUGUCAUACCGGCGCAGGGUAAAGAUACUGAUCUCCCAGCGGCGAUGACCGGUUUAUUCCAGGCCUCCGAGCGAAGAGUCGUCGGAGAUUUUUCAGGCGAUCUGCCCGAUUACAAAAAGACACGCCCUUUUCCAAGACAAGUGAAGGGGUAUGGCUCUCUUUGCUUUAGACGCUCGUACACGACUUGCCCCCGAUUCUAUAGCUACGUACAGCAGGCUCUUCGCUCAGAUUCCCUUCAGCCCCAUCCAUCAAGAUACAAGUUGUUUCAUGCAACUCGCG
47	0.6948913335800171	0.6952790021896362	2	12	6	6	6	6	780	400	CUGAUCUACUAUAUAACGUAGAUUCGAGUGCACGUCCGAAGUAAAGCUAUACCUACACACUGACUUUCAUGUCCUUCGAUACGAAAGAAAGGGAGCAGUUCGAUUGGUCUACAAGACACACCUGUCAUACCGGCGCAGGGUAAAGAUACUGAUCUCCCAGCGGCGAUGACCGGUUUAUUCCAGGCCUCCGAGCGAAGAGUCGUCGGAGAUUUUUCAGGCGAUCUGCCCGAUUACAAAAAGACACGCCCUUUUCCAAGACAAGUGAAGGGGUAUGGCUCUCUUUGCUUUAGACGCUCGUACACGACUUGCCCCCGAUUCUAUAGCUACGUACAGCAGGCUCUUCGCUCAGAUUCCCUUCAGCCCCAUCCAUCAAGAUACAAGUUGUUUCAUGCAACUCGCG
47	0.8401274085044861	0.8403361439704895	3	12	6	6	6	6	780	400	CUGAUCUACUAUAUAACGUAGAUUCGAGUGCACGUCCGAAGUAAAGCUAUACCUACACACUGACUUUCAUGUCCUUCGAUACGAAAGAAAGGGAGCAGUUCGAUUGGUCUACAAGACACACCUGUCAUACCGGCGCAGGGUAAAGAUACUGAUCUCCCAGCGGCGAUGACCGGUUUAUUCCAGGCCUCCGAGCGAAGAGUCGUCGGAGAUUUUUCAGGCGAUCUGCCCGAUUACAAAAAGACACGCCCUUUUCCAAGACAAGUGAAGGGGUAUGGCUCUCUUUGCUUUAGACGCUCGUACACGACUUGCCCCCGAUUCUAUAGCUACGUACAGCAGGCUCUUCGCUCAGAUUCCCUUCAGCCCCAUCCAUCAAGAUACAAGUUGUUUCAUGCAACUCGCG
47	0.7933195233345032	0.7933884263038635	4	12	6	6	6	6	780	400	CUGAUCUACUAUAUAACGUAGAUUCGAGUGCACGUCCGAAGUAAAGCUAUACCUACACACUGACUUUCAUGUCCUUCGAUACGAAAGAAAGGGAGCAGUUCGAUUGGUCUACAAGACACACCUGUCAUACCGGCGCAGGGUAAAGAUACUGAUCUCCCAGCGGCGAUGACCGGUUUAUUCCAGGCCUCCGAGCGAAGAGUCGUCGGAGAUUUUUCAGGCGAUCUGCCCGAUUACAAAAAGACACGCCCUUUUCCAAGACAAGUGAAGGGGUAUGGCUCUCUUUGCUUUAGACGCUCGUACACGACUUGCCCCCGAUUCUAUAGCUACGUACAGCAGGCUCUUCGCUCAGAUUCCCUUCAGCCCCAUCCAUCAAGAUACAAGUUGUUUCAUGCAACUCGCG
47	0.8167588710784912	0.8170213103294373	5	12	6	6	6	6	780	400	CUGAUCUACUAUAUAACGUAGAUUCGAGUGCACGUCCGAAGUAAAGCUAUACCUACACACUGACUUUCAUGUCCUUCGAUACGAAAGAAAGGGAGCAGUUCGAUUGGUCUACAAGACACACCUGUCAUACCGGCGCAGGGUAAAGAUACUGAUCUCCCAGCGGCGAUGACCGGUUUAUUCCAGGCCUCCGAGCGAAGAGUCGUCGGAGAUUUUUCAGGCGAUCUGCCCGAUUACAAAAAGACACGCCCUUUUCCAAGACAAGUGAAGGGGUAUGGCUCUCUUUGCUUUAGACGCUCGUACACGACUUGCCCCCGAUUCUAUAGCUACGUACAGCAGGCUCUUCGCUCAGAUUCCCUUCAGCCCCAUCCAUCAAGAUACAAGUUGUUUCAUGCAACUCGCG
47	0.6859763860702515	0.6864407062530518	6	12	6	6	6	6	780	400	CUGAUCUACUAUAUAACGUAGAUUCGAGUGCACGUCCGAAGUAAAGCUAUACCUACACACUGACUUUCAUGUCCUUCGAUACGAAAGAAAGGGAGCAGUUCGAUUGGUCUACAAGACACACCUGUCAUACCGGCGCAGGGUAAAGAUACUGAUCUCCCAGCGGCGAUGACCGGUUUAUUCCAGGCCUCCGAGCGAAGAGUCGUCGGAGAUUUUUCAGGCGAUCUGCCCGAUUACAAAAAGACACGCCCUUUUCCAAGACAAGUGAAGGGGUAUGGCUCUCUUUGCUUUAGACGCUCGUACACGACUUGCCCCCGAUUCUAUAGCUACGUACAGCAGGCUCUUCGCUCAGAUUCCCUUCAGCCCCAUCCAUCAAGAUACAAGUUGUUUCAUGCAACUCGCG
47	0.8749337196350098	0.875	7	12	6	6	6	6	780	400	CUGAUCUACUAUAUAACGUAGAUUCGAGUGCACGUCCGAAGUAAAGCUAUACCUACACACUGACUUUCAUGUCCUUCGAUACGAAAGAAAGGGAGCAGUUCGAUUGGUCUACAAGACACACCUGUCAUACCGGCGCAGGGUAAAGAUACUGAUCUCCCAGCGGCGAUGACCGGUUUAUUCCAGGCCUCCGAGCGAAGAGUCGUCGGAGAUUUUUCAGGCGAUCUGCCCGAUUACAAAAAGACACGCCCUUUUCCAAGACAAGUGAAGGGGUAUGGCUCUCUUUGCUUUAGACGCUCGUACACGACUUGCCCCCGAUUCUAUAGCUACGUACAGCAGGCUCUUCGCUCAGAUUCCCUUCAGCCCCAUCCAUCAAGAUACAAGUUGUUUCAUGCAACUCGCG
47	0.8167588710784912	0.8170213103294373	8	12	6	6	6	6	780	400	CUGAUCUACUAUAUAACGUAGAUUCGAGUGCACGUCCGAAGUAAAGCUAUACCUACACACUGACUUUCAUGUCCUUCGAUACGAAAGAAAGGGAGCAGUUCGAUUGGUCUACAAGACACACCUGUCAUACCGGCGCAGGGUAAAGAUACUGAUCUCCCAGCGGCGAUGACCGGUUUAUUCCAGGCCUCCGAGCGAAGAGUCGUCGGAGAUUUUUCAGGCGAUCUGCCCGAUUACAAAAAGACACGCCCUUUUCCAAGACAAGUGAAGGGGUAUGGCUCUCUUUGCUUUAGACGCUCGUACACGACUUGCCCCCGAUUCUAUAGCUACGUACAGCAGGCUCUUCGCUCAGAUUCCCUUCAGCCCCAUCCAUCAAGAUACAAGUUGUUUCAUGCAACUCGCG
47	0.8609068989753723	0.8606557250022888	9	12	6	6	6	6	780	400	CUGAUCUACUAUAUAACGUAGAUUCGAGUGCACGUCCGAAGUAAAGCUAUACCUACACACUGACUUUCAUGUCCUUCGAUACGAAAGAAAGGGAGCAGUUCGAUUGGUCUACAAGACACACCUGUCAUACCGGCGCAGGGUAAAGAUACUGAUCUCCCAGCGGCGAUGACCGGUUUAUUCCAGGCCUCCGAGCGAAGAGUCGUCGGAGAUUUUUCAGGCGAUCUGCCCGAUUACAAAAAGACACGCCCUUUUCCAAGACAAGUGAAGGGGUAUGGCUCUCUUUGCUUUAGACGCUCGUACACGACUUGCCCCCGAUUCUAUAGCUACGUACAGCAGGCUCUUCGCUCAGAUUCCCUUCAGCCCCAUCCAUCAAGAUACAAGUUGUUUCAUGCAACUCGCG
47	0.8313646912574768	0.8312757015228271	10	12	6	6	6	6	780	400	CUGAUCUACUAUAUAACGUAGAUUCGAGUGCACGUCCGAAGUAAAGCUAUACCUACACACUGACUUUCAUGUCCUUCGAUACGAAAGAAAGGGAGCAGUUCGAUUGGUCUACAAGACACACCUGUCAUACCGGCGCAGGGUAAAGAUACUGAUCUCCCAGCGGCGAUGACCGGUUUAUUCCAGGCCUCCGAGCGAAGAGUCGUCGGAGAUUUUUCAGGCGAUCUGCCCGAUUACAAAAAGACACGCCCUUUUCCAAGACAAGUGAAGGGGUAUGGCUCUCUUUGCUUUAGACGCUCGUACACGACUUGCCCCCGAUUCUAUAGCUACGUACAGCAGGCUCUUCGCUCAGAUUCCCUUCAGCCCCAUCCAUCAAGAUACAAGUUGUUUCAUGCAACUCGCG
47	0.8749337196350098	0.875	11	12	6	6	6	6	780	400	CUGAUCUACUAUAUAACGUAGAUUCGAGUGCACGUCCGAAGUAAAGCUAUACCUACACACUGACUUUCAUGUCCUUCGAUACGAAAGAAAGGGAGCAGUUCGAUUGGUCUACAAGACACACCUGUCAUACCGGCGCAGGGUAAAGAUACUGAUCUCCCAGCGGCGAUGACCGGUUUAUUCCAGGCCUCCGAGCGAAGAGUCGUCGGAGAUUUUUCAGGCGAUCUGCCCGAUUACAAAAAGACACGCCCUUUUCCAAGACAAGUGAAGGGGUAUGGCUCUCUUUGCUUUAGACGCUCGUACACGACUUGCCCCCGAUUCUAUAGCUACGUACAGCAGGCUCUUCGCUCAGAUUCCCUUCAGCCCCAUCCAUCAAGAUACAAGUUGUUUCAUGCAACUCGCG
47	0.8429967761039734	0.8429751992225647	12	12	6	6	6	6	780	400	CUGAUCUACUAUAUAACGUAGAUUCGAGUGCACGUCCGAAGUAAAGCUAUACCUACACACUGACUUUCAUGUCCUUCGAUACGAAAGAAAGGGAGCAGUUCGAUUGGUCUACAAGACACACCUGUCAUACCGGCGCAGGGUAAAGAUACUGAUCUCCCAGCGGCGAUGACCGGUUUAUUCCAGGCCUCCGAGCGAAGAGUCGUCGGAGAUUUUUCAGGCGAUCUGCCCGAUUACAAAAAGACACGCCCUUUUCCAAGACAAGUGAAGGGGUAUGGCUCUCUUUGCUUUAGACGCUCGUACACGACUUGCCCCCGAUUCUAUAGCUACGUACAGCAGGCUCUUCGCUCAGAUUCCCUUCAGCCCCAUCCAUCAAGAUACAAGUUGUUUCAUGCAACUCGCG
47	0.829693078994751	0.829268217086792	12	12	6	6	6	6	780	400	CUGAUCUACUAUAUAACGUAGAUUCGAGUGCACGUCCGAAGUAAAGCUAUACCUACACACUGACUUUCAUGUCCUUCGAUACGAAAGAAAGGGAGCAGUUCGAUUGGUCUACAAGACACACCUGUCAUACCGGCGCAGGGUAAAGAUACUGAUCUCCCAGCGGCGAUGACCGGUUUAUUCCAGGCCUCCGAGCGAAGAGUCGUCGGAGAUUUUUCAGGCGAUCUGCCCGAUUACAAAAAGACACGCCCUUUUCCAAGACAAGUGAAGGGGUAUGGCUCUCUUUGCUUUAGACGCUCGUACACGACUUGCCCCCGAUUCUAUAGCUACGUACAGCAGGCUCUUCGCUCAGAUUCCCUUCAGCCCCAUCCAUCAAGAUACAAGUUGUUUCAUGCAACUCGCG
47	0.8429967761039734	0.8429751992225647	12	12	6	6	6	6	780	400	CUGAUCUACUAUAUAACGUAGAUUCGAGUGCACGUCCGAAGUAAAGCUAUACCUACACACUGACUUUCAUGUCCUUCGAUACGAAAGAAAGGGAGCAGUUCGAUUGGUCUACAAGACACACCUGUCAUACCGGCGCAGGGUAAAGAUACUGAUCUCCCAGCGGCGAUGACCGGUUUAUUCCAGGCCUCCGAGCGAAGAGUCGUCGGAGAUUUUUCAGGCGAUCUGCCCGAUUACAAAAAGACACGCCCUUUUCCAAGACAAGUGAAGGGGUAUGGCUCUCUUUGCUUUAGACGCUCGUACACGACUUGCCCCCGAUUCUAUAGCUACGUACAGCAGGCUCUUCGCUCAGAUUCCCUUCAGCCCCAUCCAUCAAGAUACAAGUUGUUUCAUGCAACUCGCG
47	0.8493227362632751	0.8489795923233032	13	12	6	6	6	6	780	400	CUGAUCUACUAUAUAACGUAGAUUCGAGUGCACGUCCGAAGUAAAGCUAUACCUACACACUGACUUUCAUGUCCUUCGAUACGAAAGAAAGGGAGCAGUUCGAUUGGUCUACAAGACACACCUGUCAUACCGGCGCAGGGUAAAGAUACUGAUCUCCCAGCGGCGAUGACCGGUUUAUUCCAGGCCUCCGAGCGAAGAGUCGUCGGAGAUUUUUCAGGCGAUCUGCCCGAUUACAAAAAGACACGCCCUUUUCCAAGACAAGUGAAGGGGUAUGGCUCUCUUUGCUUUAGACGCUCGUACACGACUUGCCCCCGAUUCUAUAGCUACGUACAGCAGGCUCUUCGCUCAGAUUCCCUUCAGCCCCAUCCAUCAAGAUACAAGUUGUUUCAUGCAACUCGCG
47	0.8595559597015381	0.8595041036605835	12	12	6	6	6	6	780	400	CUGAUCUACUAUAUAACGUAGAUUCGAGUGCACGUCCGAAGUAAAGCUAUACCUACACACUGACUUUCAUGUCCUUCGAUACGAAAGAAAGGGAGCAGUUCGAUUGGUCUACAAGACACACCUGUCAUACCGGCGCAGGGUAAAGAUACUGAUCUCCCAGCGGCGAUGACCGGUUUAUUCCAGGCCUCCGAGCGAAGAGUCGUCGGAGAUUUUUCAGGCGAUCUGCCCGAUUACAAAAAGACACGCCCUUUUCCAAGACAAGUGAAGGGGUAUGGCUCUCUUUGCUUUAGACGCUCGUACACGACUUGCCCCCGAUUCUAUAGCUACGUACAGCAGGCUCUUCGCUCAGAUUCCCUUCAGCCCCAUCCAUCAAGAUACAAGUUGUUUCAUGCAACUCGCG
47	0.8231183290481567	0.8230453133583069	12	12	6	6	6	6	780	400	CUGAUCUACUAUAUAACGUAGAUUCGAGUGCACGUCCGAAGUAAAGCUAUACCUACACACUGACUUUCAUGUCCUUCGAUACGAAAGAAAGGGAGCAGUUCGAUUGGUCUACAAGACACACCUGUCAUACCGGCGCAGGGUAAAGAUACUGAUCUCCCAGCGGCGAUGACCGGUUUAUUCCAGGCCUCCGAGCGAAGAGUCGUCGGAGAUUUUUCAGGCGAUCUGCCCGAUUACAAAAAGACACGCCCUUUUCCAAGACAAGUGAAGGGGUAUGGCUCUCUUUGCUUUAGACGCUCGUACACGACUUGCCCCCGAUUCUAUAGCUACGUACAGCAGGCUCUUCGCUCAGAUUCCCUUCAGCCCCAUCCAUCAAGAUACAAGUUGUUUCAUGCAACUCGCG
47	0.8561040163040161	0.8559670448303223	13	12	6	6	6	6	780	400	CUGAUCUACUAUAUAACGUAGAUUCGAGUGCACGUCCGAAGUAAAGCUAUACCUACACACUGACUUUCAUGUCCUUCGAUACGAAAGAAAGGGAGCAGUUCGAUUGGUCUACAAGACACACCUGUCAUACCGGCGCAGGGUAAAGAUACUGAUCUCCCAGCGGCGAUGACCGGUUUAUUCCAGGCCUCCGAGCGAAGAGUCGUCGGAGAUUUUUCAGGCGAUCUGCCCGAUUACAAAAAGACACGCCCUUUUCCAAGACAAGUGAAGGGGUAUGGCUCUCUUUGCUUUAGACGCUCGUACACGACUUGCCCCCGAUUCUAUAGCUACGUACAGCAGGCUCUUCGCUCAGAUUCCCUUCAGCCCCAUCCAUCAAGAUACAAGUUGUUUCAUGCAACUCGCG
47	0.8665866255760193	0.8666666746139526	12	12	6	6	6	6	780	400	CUGAUCUACUAUAUAACGUAGAUUCGAGUGCACGUCCGAAGUAAAGCUAUACCUACACACUGACUUUCAUGUCCUUCGAUACGAAAGAAAGGGAGCAGUUCGAUUGGUCUACAAGACACACCUGUCAUACCGGCGCAGGGUAAAGAUACUGAUCUCCCAGCGGCGAUGACCGGUUUAUUCCAGGCCUCCGAGCGAAGAGUCGUCGGAGAUUUUUCAGGCGAUCUGCCCGAUUACAAAAAGACACGCCCUUUUCCAAGACAAGUGAAGGGGUAUGGCUCUCUUUGCUUUAGACGCUCGUACACGACUUGCCCCCGAUUCUAUAGCUACGUACAGCAGGCUCUUCGCUCAGAUUCCCUUCAGCCCCAUCCAUCAAGAUACAAGUUGUUUCAUGCAACUCGCG
47	0.841141402721405	0.8408163189888	12	12	6	6	6	6	780	400	CUGAUCUACUAUAUAACGUAGAUUCGAGUGCACGUCCGAAGUAAAGCUAUACCUACACACUGACUUUCAUGUCCUUCGAUACGAAAGAAAGGGAGCAGUUCGAUUGGUCUACAAGACACACCUGUCAUACCGGCGCAGGGUAAAGAUACUGAUCUCCCAGCGGCGAUGACCGGUUUAUUCCAGGCCUCCGAGCGAAGAGUCGUCGGAGAUUUUUCAGGCGAUCUGCCCGAUUACAAAAAGACACGCCCUUUUCCAAGACAAGUGAAGGGGUAUGGCUCUCUUUGCUUUAGACGCUCGUACACGACUUGCCCCCGAUUCUAUAGCUACGUACAGCAGGCUCUUCGCUCAGAUUCCCUUCAGCCCCAUCCAUCAAGAUACAAGUUGUUUCAUGCAACUCGCG
47	0.8561040163040161	0.8559670448303223	13	12	6	6	6	6	780	400	CUGAUCUACUAUAUAACGUAGAUUCGAGUGCACGUCCGAAGUAAAGCUAUACCUACACACUGACUUUCAUGUCCUUCGAUACGAAAGAAAGGGAGCAGUUCGAUUGGUCUACAAGACACACCUGUCAUACCGGCGCAGGGUAAAGAUACUGAUCUCCCAGCGGCGAUGACCGGUUUAUUCCAGGCCUCCGAGCGAAGAGUCGUCGGAGAUUUUUCAGGCGAUCUGCCCGAUUACAAAAAGACACGCCCUUUUCCAAGACAAGUGAAGGGGUAUGGCUCUCUUUGCUUUAGACGCUCGUACACGACUUGCCCCCGAUUCUAUAGCUACGUACAGCAGGCUCUUCGCUCAGAUUCCCUUCAGCCCCAUCCAUCAAGAUACAAGUUGUUUCAUGCAACUCGCG
47	0.864350438117981	0.8641975522041321	12	12	6	6	6	6	780	400	CUGAUCUACUAUAUAACGUAGAUUCGAGUGCACGUCCGAAGUAAAGCUAUACCUACACACUGACUUUCAUGUCCUUCGAUACGAAAGAAAGGGAGCAGUUCGAUUGGUCUACAAGACACACCUGUCAUACCGGCGCAGGGUAAAGAUACUGAUCUCCCAGCGGCGAUGACCGGUUUAUUCCAGGCCUCCGAGCGAAGAGUCGUCGGAGAUUUUUCAGGCGAUCUGCCCGAUUACAAAAAGACACGCCCUUUUCCAAGACAAGUGAAGGGGUAUGGCUCUCUUUGCUUUAGACGCUCGUACACGACUUGCCCCCGAUUCUAUAGCUACGUACAGCAGGCUCUUCGCUCAGAUUCCCUUCAGCCCCAUCCAUCAAGAUACAAGUUGUUUCAUGCAACUCGCG
47	0.8595559597015381	0.8595041036605835	11	12	6	6	6	6	780	400	CUGAUCUACUAUAUAACGUAGAUUCGAGUGCACGUCCGAAGUAAAGCUAUACCUACACACUGACUUUCAUGUCCUUCGAUACGAAAGAAAGGGAGCAGUUCGAUUGGUCUACAAGACACACCUGUCAUACCGGCGCAGGGUAAAGAUACUGAUCUCCCAGCGGCGAUGACCGGUUUAUUCCAGGCCUCCGAGCGAAGAGUCGUCGGAGAUUUUUCAGGCGAUCUGCCCGAUUACAAAAAGACACGCCCUUUUCCAAGACAAGUGAAGGGGUAUGGCUCUCUUUGCUUUAGACGCUCGUACACGACUUGCCCCCGAUUCUAUAGCUACGUACAGCAGGCUCUUCGCUCAGAUUCCCUUCAGCCCCAUCCAUCAAGAUACAAGUUGUUUCAUGCAACUCGCG
47	0.8561040163040161	0.8559670448303223	12	12	6	6	6	6	780	400	CUGAUCUACUAUAUAACGUAGAUUCGAGUGCACGUCCGAAGUAAAGCUAUACCUACACACUGACUUUCAUGUCCUUCGAUACGAAAGAAAGGGAGCAGUUCGAUUGGUCUACAAGACACACCUGUCAUACCGGCGCAGGGUAAAGAUACUGAUCUCCCAGCGGCGAUGACCGGUUUAUUCCAGGCCUCCGAGCGAAGAGUCGUCGGAGAUUUUUCAGGCGAUCUGCCCGAUUACAAAAAGACACGCCCUUUUCCAAGACAAGUGAAGGGGUAUGGCUCUCUUUGCUUUAGACGCUCGUACACGACUUGCCCCCGAUUCUAUAGCUACGUACAGCAGGCUCUUCGCUCAGAUUCCCUUCAGCCCCAUCCAUCAAGAUACAAGUUGUUUCAUGCAACUCGCG
47	0.8378424048423767	0.8373982906341553	13	12	6	6	6	6	780	400	CUGAUCUACUAUAUAACGUAGAUUCGAGUGCACGUCCGAAGUAAAGCUAUACCUACACACUGACUUUCAUGUCCUUCGAUACGAAAGAAAGGGAGCAGUUCGAUUGGUCUACAAGACACACCUGUCAUACCGGCGCAGGGUAAAGAUACUGAUCUCCCAGCGGCGAUGACCGGUUUAUUCCAGGCCUCCGAGCGAAGAGUCGUCGGAGAUUUUUCAGGCGAUCUGCCCGAUUACAAAAAGACACGCCCUUUUCCAAGACAAGUGAAGGGGUAUGGCUCUCUUUGCUUUAGACGCUCGUACACGACUUGCCCCCGAUUCUAUAGCUACGUACAGCAGGCUCUUCGCUCAGAUUCCCUUCAGCCCCAUCCAUCAAGAUACAAGUUGUUUCAUGCAACUCGCG
47	0.8561040163040161	0.8559670448303223	12	12	6	6	6	6	780	400	CUGAUCUACUAUAUAACGUAGAUUCGAGUGCACGUCCGAAGUAAAGCUAUACCUACACACUGACUUUCAUGUCCUUCGAUACGAAAGAAAGGGAGCAGUUCGAUUGGUCUACAAGACACACCUGUCAUACCGGCGCAGGGUAAAGAUACUGAUCUCCCAGCGGCGAUGACCGGUUUAUUCCAGGCCUCCGAGCGAAGAGUCGUCGGAGAUUUUUCAGGCGAUCUGCCCGAUUACAAAAAGACACGCCCUUUUCCAAGACAAGUGAAGGGGUAUGGCUCUCUUUGCUUUAGACGCUCGUACACGACUUGCCCCCGAUUCUAUAGCUACGUACAGCAGGCUCUUCGCUCAGAUUCCCUUCAGCCCCAUCCAUCAAGAUACAAGUUGUUUCAUGCAACUCGCG
47	0.8561040163040161	0.8559670448303223	13	12	6	6	6	6	780	400	CUGAUCUACUAUAUAACGUAGAUUCGAGUGCACGUCCGAAGUAAAGCUAUACCUACACACUGACUUUCAUGUCCUUCGAUACGAAAGAAAGGGAGCAGUUCGAUUGGUCUACAAGACACACCUGUCAUACCGGCGCAGGGUAAAGAUACUGAUCUCCCAGCGGCGAUGACCGGUUUAUUCCAGGCCUCCGAGCGAAGAGUCGUCGGAGAUUUUUCAGGCGAUCUGCCCGAUUACAAAAAGACACGCCCUUUUCCAAGACAAGUGAAGGGGUAUGGCUCUCUUUGCUUUAGACGCUCGUACACGACUUGCCCCCGAUUCUAUAGCUACGUACAGCAGGCUCUUCGCUCAGAUUCCCUUCAGCCCCAUCCAUCAAGAUACAAGUUGUUUCAUGCAACUCGCG
47	0.8561040163040161	0.8559670448303223	12	12	6	6	6	6	780	400	CUGAUCUACUAUAUAACGUAGAUUCGAGUGCACGUCCGAAGUAAAGCUAUACCUACACACUGACUUUCAUGUCCUUCGAUACGAAAGAAAGGGAGCAGUUCGAUUGGUCUACAAGACACACCUGUCAUACCGGCGCAGGGUAAAGAUACUGAUCUCCCAGCGGCGAUGACCGGUUUAUUCCAGGCCUCCGAGCGAAGAGUCGUCGGAGAUUUUUCAGGCGAUCUGCCCGAUUACAAAAAGACACGCCCUUUUCCAAGACAAGUGAAGGGGUAUGGCUCUCUUUGCUUUAGACGCUCGUACACGACUUGCCCCCGAUUCUAUAGCUACGUACAGCAGGCUCUUCGCUCAGAUUCCCUUCAGCCCCAUCCAUCAAGAUACAAGUUGUUUCAUGCAACUCGCG
47	0.8678355813026428	0.8677686452865601	12	12	6	6	6	6	780	400	CUGAUCUACUAUAUAACGUAGAUUCGAGUGCACGUCCGAAGUAAAGCUAUACCUACACACUGACUUUCAUGUCCUUCGAUACGAAAGAAAGGGAGCAGUUCGAUUGGUCUACAAGACACACCUGUCAUACCGGCGCAGGGUAAAGAUACUGAUCUCCCAGCGGCGAUGACCGGUUUAUUCCAGGCCUCCGAGCGAAGAGUCGUCGGAGAUUUUUCAGGCGAUCUGCCCGAUUACAAAAAGACACGCCCUUUUCCAAGACAAGUGAAGGGGUAUGGCUCUCUUUGCUUUAGACGCUCGUACACGACUUGCCCCCGAUUCUAUAGCUACGUACAGCAGGCUCUUCGCUCAGAUUCCCUUCAGCCCCAUCCAUCAAGAUACAAGUUGUUUCAUGCAACUCGCG
48	0.4589700400829315	0.4597701132297516	1	12	6	6	6	6	780	400	CGGGGCUGGUGACCCGCCGGCAAGAUCCAGGGCGCGUUGGCGGGAAGCUACCUCUGCGGGCGGUUUAUGCUCGUCAAUACUUUCGGGAUCGCCAAACUGGAGACGACCCUCAGUGACGUUGCAGGGUGGAACUAUUAUUAUCUUCCUCUUUCCAUGUGGGACGGGAAUCUAGUCGAGCACCCGGUAAGAAAUCGUCCAUGGGCCACGGCCAUACAUGCUUGAAUCGGCCUAGCUUCCUGCGGUGGUCAGUAGCAAGUCCUCCGGAAACAUGGGAAAGAGUUGCCUAUUCAACGGGUGCUCUUCUCGUCAAGAACGUAUGGGAGAGAAGCAUUUCAAUUCUGAUAUUAGGAGAGAUCAGUAGCGACACCAAGGUAAUUCUACCAAGCUUUGGUUGCGACCC
48	0.6736159920692444	0.6741572618484497	2	12	6	6	6	6	780	400	CGGGGCUGGUGACCCGCCGGCAAGAUCCAGGGCGCGUUGGCGGGAAGCUACCUCUGCGGGCGGUUUAUGCUCGUCAAUACUUUCGGGAUCGCCAAACUGGAGACGACCCUCAGUGACGUUGCAGGGUGGAACUAUUAUUAUCUUCCUCUUUCCAUGUGGGACGGGAAUCUAGUCGAGCACCCGGUAAGAAAUCGUCCAUGGGCCACGGCCAUACAUGCUUGAAUCGGCCUAGCUUCCUGCGGUGGUCAGUAGCAAGUCCUCCGGAAACAUGGGAAAGAGUUGCCUAUUCAACGGGUGCUCUUCUCGUCAAGAACGUAUGGGAGAGAAGCAUUUCAAUUCUGAUAUUAGGAGAGAUCAGUAGCGACACCAAGGUAAUUCUACCAAGCUUUGGUUGCGACCC
48	0.8601512908935547	0.8603774309158325	3	12	6	6	6	6	780	400	CGGGGCUGGUGACCCGCCGGCAAGAUCCAGGGCGCGUUGGCGGGAAGCUACCUCUGCGGGCGGUUUAUGCUCGUCAAUACUUUCGGGAUCGCCAAACUGGAGACGACCCUCAGUGACGUUGCAGGGUGGAACUAUUAUUAUCUUCCUCUUUCCAUGUGGGACGGGAAUCUAGUCGAGCACCCGGUAAGAAAUCGUCCAUGGGCCACGGCCAUACAUGCUUGAAUCGGCCUAGCUUCCUGCGGUGGUCAGUAGCAAGUCCUCCGGAAACAUGGGAAAGAGUUGCCUAUUCAACGGGUGCUCUUCUCGUCAAGAACGUAUGGGAGAGAAGCAUUUCAAUUCUGAUAUUAGGAGAGAUCAGUAGCGACACCAAGGUAAUUCUACCAAGCUUUGGUUGCGACCC
48	0.7786614298820496	0.7790262699127197	4	12	6	6	6	6	780	400	CGGGGCUGGUGACCCGCCGGCAAGAUCCAGGGCGCGUUGGCGGGAAGCUACCUCUGCGGGCGGUUUAUGCUCGUCAAUACUUUCGGGAUCGCCAAACUGGAGACGACCCUCAGUGACGUUGCAGGGUGGAACUAUUAUUAUCUUCCUCUUUCCAUGUGGGACGGGAAUCUAGUCGAGCACCCGGUAAGAAAUCGUCCAUGGGCCACGGCCAUACAUGCUUGAAUCGGCCUAGCUUCCUGCGGUGGUCAGUAGCAAGUCCUCCGGAAACAUGGGAAAGAGUUGCCUAUUCAACGGGUGCUCUUCUCGUCAAGAACGUAUGGGAGAGAAGCAUUUCAAUUCUGAUAUUAGGAGAGAUCAGUAGCGACACCAAGGUAAUUCUACCAAGCUUUGGUUGCGACCC
48	0.6661335825920105	0.6666666865348816	5	12	6	6	6	6	780	400	CGGGGCUGGUGACCCGCCGGCAAGAUCCAGGGCGCGUUGGCGGGAAGCUACCUCUGCGGGCGGUUUAUGCUCGUCAAUACUUUCGGGAUCGCCAAACUGGAGACGACCCUCAGUGACGUUGCAGGGUGGAACUAUUAUUAUCUUCCUCUUUCCAUGUGGGACGGGAAUCUAGUCGAGCACCCGGUAAGAAAUCGUCCAUGGGCCACGGCCAUACAUGCUUGAAUCGGCCUAGCUUCCUGCGGUGGUCAGUAGCAAGUCCUCCGGAAACAUGGGAAAGAGUUGCCUAUUCAACGGGUGCUCUUCUCGUCAAGAACGUAUGGGAGAGAAGCAUUUCAAUUCUGAUAUUAGGAGAGAUCAGUAGCGACACCAAGGUAAUUCUACCAAGCUUUGGUUGCGACCC
48	0.7580037117004395	0.7583643794059753	6	12	6	6	6	6	780	400	CGGGGCUGGUGACCCGCCGGCAAGAUCCAGGGCGCGUUGGCGGGAAGCUACCUCUGCGGGCGGUUUAUGCUCGUCAAUACUUUCGGGAUCGCCAAACUGGAGACGACCCUCAGUGACGUUGCAGGGUGGAACUAUUAUUAUCUUCCUCUUUCCAUGUGGGACGGGAAUCUAGUCGAGCACCCGGUAAGAAAUCGUCCAUGGGCCACGGCCAUACAUGCUUGAAUCGGCCUAGCUUCCUGCGGUGGUCAGUAGCAAGUCCUCCGGAAACAUGGGAAAGAGUUGCCUAUUCAACGGGUGCUCUUCUCGUCAAGAACGUAUGGGAGAGAAGCAUUUCAAUUCUGAUAUUAGGAGAGAUCAGUAGCGACACCAAGGUAAUUCUACCAAGCUUUGGUUGCGACCC
48	0.8386873602867126	0.8389513492584229	7	12	6	6	6	6	780	400	CGGGGCUGGUGACCCGCCGGCAAGAUCCAGGGCGCGUUGGCGGGAAGCUACCUCUGCGGGCGGUUUAUGCUCGUCAAUACUUUCGGGAUCGCCAAACUGGAGACGACCCUCAGUGACGUUGCAGGGUGGAACUAUUAUUAUCUUCCUCUUUCCAUGUGGGACGGGAAUCUAGUCGAGCACCCGGUAAGAAAUCGUCCAUGGGCCACGGCCAUACAUGCUUGAAUCGGCCUAGCUUCCUGCGGUGGUCAGUAGCAAGUCCUCCGGAAACAUGGGAAAGAGUUGCCUAUUCAACGGGUGCUCUUCUCGUCAAGAACGUAUGGGAGAGAAGCAUUUCAAUUCUGAUAUUAGGAGAGAUCAGUAGCGACACCAAGGUAAUUCUACCAAGCUUUGGUUGCGACCC
48	0.867711067199707	0.8679245710372925	8	12	6	6	6	6	780	400	CGGGGCUGGUGACCCGCCGGCAAGAUCCAGGGCGCGUUGGCGGGAAGCUACCUCUGCGGGCGGUUUAUGCUCGUCAAUACUUUCGGGAUCGCCAAACUGGAGACGACCCUCAGUGACGUUGCAGGGUGGAACUAUUAUUAUCUUCCUCUUUCCAUGUGGGACGGGAAUCUAGUCGAGCACCCGGUAAGAAAUCGUCCAUGGGCCACGGCCAUACAUGCUUGAAUCGGCCUAGCUUCCUGCGGUGGUCAGUAGCAAGUCCUCCGGAAACAUGGGAAAGAGUUGCCUAUUCAACGGGUGCUCUUCUCGUCAAGAACGUAUGGGAGAGAAGCAUUUCAAUUCUGAUAUUAGGAGAGAUCAGUAGCGACACCAAGGUAAUUCUACCAAGCUUUGGUUGCGACCC
48	0.9327488541603088	0.9328357577323914	9	12	6	6	6	6	780	400	CGGGGCUGGUGACCCGCCGGCAAGAUCCAGGGCGCGUUGGCGGGAAGCUACCUCUGCGGGCGGUUUAUGCUCGUCAAUACUUUCGGGAUCGCCAAACUGGAGACGACCCUCAGUGACGUUGCAGGGUGGAACUAUUAUUAUCUUCCUCUUUCCAUGUGGGACGGGAAUCUAGUCGAGCACCCGGUAAGAAAUCGUCCAUGGGCCACGGCCAUACAUGCUUGAAUCGGCCUAGCUUCCUGCGGUGGUCAGUAGCAAGUCCUCCGGAAACAUGGGAAAGAGUUGCCUAUUCAACGGGUGCUCUUCUCGUCAAGAACGUAUGGGAGAGAAGCAUUUCAAUUCUGAUAUUAGGAGAGAUCAGUAGCGACACCAAGGUAAUUCUACCAAGCUUUGGUUGCGACCC
48	0.943732738494873	0.9438202381134033	10	12	6	6	6	6	780	400	CGGGGCUGGUGACCCGCCGGCAAGAUCCAGGGCGCGUUGGCGGGAAGCUACCUCUGCGGGCGGUUUAUGCUCGUCAAUACUUUCGGGAUCGCCAAACUGGAGACGACCCUCAGUGACGUUGCAGGGUGGAACUAUUAUUAUCUUCCUCUUUCCAUGUGGGACGGGAAUCUAGUCGAGCACCCGGUAAGAAAUCGUCCAUGGGCCACGGCCAUACAUGCUUGAAUCGGCCUAGCUUCCUGCGGUGGUCAGUAGCAAGUCCUCCGGAAACAUGGGAAAGAGUUGCCUAUUCAACGGGUGCUCUUCUCGUCAAGAACGUAUGGGAGAGAAGCAUUUCAAUUCUGAUAUUAGGAGAGAUCAGUAGCGACACCAAGGUAAUUCUACCAAGCUUUGGUUGCGACCC
48	0.9069629311561584	0.9070632457733154	11	12	6	6	6	6	780	400	CGGGGCUGGUGACCCGCCGGCAAGAUCCAGGGCGCGUUGGCGGGAAGCUACCUCUGCGGGCGGUUUAUGCUCGUCAAUACUUUCGGGAUCGCCAAACUGGAGACGACCCUCAGUGACGUUGCAGGGUGGAACUAUUAUUAUCUUCCUCUUUCCAUGUGGGACGGGAAUCUAGUCGAGCACCCGGUAAGAAAUCGUCCAUGGGCCACGGCCAUACAUGCUUGAAUCGGCCUAGCUUCCUGCGGUGGUCAGUAGCAAGUCCUCCGGAAACAUGGGAAAGAGUUGCCUAUUCAACGGGUGCUCUUCUCGUCAAGAACGUAUGGGAGAGAAGCAUUUCAAUUCUGAUAUUAGGAGAGAUCAGUAGCGACACCAAGGUAAUUCUACCAAGCUUUGGUUGCGACCC
48	0.9516506791114807	0.9516728520393372	12	12	6	6	6	6	780	400	CGGGGCUGGUGACCCGCCGGCAAGAUCCAGGGCGCGUUGGCGGGAAGCUACCUCUGCGGGCGGUUUAUGCUCGUCAAUACUUUCGGGAUCGCCAAACUGGAGACGACCCUCAGUGACGUUGCAGGGUGGAACUAUUAUUAUCUUCCUCUUUCCAUGUGGGACGGGAAUCUAGUCGAGCACCCGGUAAGAAAUCGUCCAUGGGCCACGGCCAUACAUGCUUGAAUCGGCCUAGCUUCCUGCGGUGGUCAGUAGCAAGUCCUCCGGAAACAUGGGAAAGAGUUGCCUAUUCAACGGGUGCUCUUCUCGUCAAGAACGUAUGGGAGAGAAGCAUUUCAAUUCUGAUAUUAGGAGAGAUCAGUAGCGACACCAAGGUAAUUCUACCAAGCUUUGGUUGCGACCC
48	0.8654698729515076	0.8656716346740723	13	12	6	6	6	6	780	400	CGGGGCUGGUGACCCGCCGGCAAGAUCCAGGGCGCGUUGGCGGGAAGCUACCUCUGCGGGCGGUUUAUGCUCGUCAAUACUUUCGGGAUCGCCAAACUGGAGACGACCCUCAGUGACGUUGCAGGGUGGAACUAUUAUUAUCUUCCUCUUUCCAUGUGGGACGGGAAUCUAGUCGAGCACCCGGUAAGAAAUCGUCCAUGGGCCACGGCCAUACAUGCUUGAAUCGGCCUAGCUUCCUGCGGUGGUCAGUAGCAAGUCCUCCGGAAACAUGGGAAAGAGUUGCCUAUUCAACGGGUGCUCUUCUCGUCAAGAACGUAUGGGAGAGAAGCAUUUCAAUUCUGAUAUUAGGAGAGAUCAGUAGCGACACCAAGGUAAUUCUACCAAGCUUUGGUUGCGACCC
48	0.90364009141922	0.9037037491798401	14	12	6	6	6	6	780	400	CGGGGCUGGUGACCCGCCGGCAAGAUCCAGGGCGCGUUGGCGGGAAGCUACCUCUGCGGGCGGUUUAUGCUCGUCAAUACUUUCGGGAUCGCCAAACUGGAGACGACCCUCAGUGACGUUGCAGGGUGGAACUAUUAUUAUCUUCCUCUUUCCAUGUGGGACGGGAAUCUAGUCGAGCACCCGGUAAGAAAUCGUCCAUGGGCCACGGCCAUACAUGCUUGAAUCGGCCUAGCUUCCUGCGGUGGUCAGUAGCAAGUCCUCCGGAAACAUGGGAAAGAGUUGCCUAUUCAACGGGUGCUCUUCUCGUCAAGAACGUAUGGGAGAGAAGCAUUUCAAUUCUGAUAUUAGGAGAGAUCAGUAGCGACACCAAGGUAAUUCUACCAAGCUUUGGUUGCGACCC
48	0.9402244091033936	0.9402984976768494	14	12	6	6	6	6	780	400	CGGGGCUGGUGACCCGCCGGCAAGAUCCAGGGCGCGUUGGCGGGAAGCUACCUCUGCGGGCGGUUUAUGCUCGUCAAUACUUUCGGGAUCGCCAAACUGGAGACGACCCUCAGUGACGUUGCAGGGUGGAACUAUUAUUAUCUUCCUCUUUCCAUGUGGGACGGGAAUCUAGUCGAGCACCCGGUAAGAAAUCGUCCAUGGGCCACGGCCAUACAUGCUUGAAUCGGCCUAGCUUCCUGCGGUGGUCAGUAGCAAGUCCUCCGGAAACAUGGGAAAGAGUUGCCUAUUCAACGGGUGCUCUUCUCGUCAAGAACGUAUGGGAGAGAAGCAUUUCAAUUCUGAUAUUAGGAGAGAUCAGUAGCGACACCAAGGUAAUUCUACCAAGCUUUGGUUGCGACCC
48	0.8687002658843994	0.8689138293266296	14	12	6	6	6	6	780	400	CGGGGCUGGUGACCCGCCGGCAAGAUCCAGGGCGCGUUGGCGGGAAGCUACCUCUGCGGGCGGUUUAUGCUCGUCAAUACUUUCGGGAUCGCCAAACUGGAGACGACCCUCAGUGACGUUGCAGGGUGGAACUAUUAUUAUCUUCCUCUUUCCAUGUGGGACGGGAAUCUAGUCGAGCACCCGGUAAGAAAUCGUCCAUGGGCCACGGCCAUACAUGCUUGAAUCGGCCUAGCUUCCUGCGGUGGUCAGUAGCAAGUCCUCCGGAAACAUGGGAAAGAGUUGCCUAUUCAACGGGUGCUCUUCUCGUCAAGAACGUAUGGGAGAGAAGCAUUUCAAUUCUGAUAUUAGGAGAGAUCAGUAGCGACACCAAGGUAAUUCUACCAAGCUUUGGUUGCGACCC
48	0.9252734780311584	0.9253731369972229	14	12	6	6	6	6	780	400	CGGGGCUGGUGACCCGCCGGCAAGAUCCAGGGCGCGUUGGCGGGAAGCUACCUCUGCGGGCGGUUUAUGCUCGUCAAUACUUUCGGGAUCGCCAAACUGGAGACGACCCUCAGUGACGUUGCAGGGUGGAACUAUUAUUAUCUUCCUCUUUCCAUGUGGGACGGGAAUCUAGUCGAGCACCCGGUAAGAAAUCGUCCAUGGGCCACGGCCAUACAUGCUUGAAUCGGCCUAGCUUCCUGCGGUGGUCAGUAGCAAGUCCUCCGGAAACAUGGGAAAGAGUUGCCUAUUCAACGGGUGCUCUUCUCGUCAAGAACGUAUGGGAGAGAAGCAUUUCAAUUCUGAUAUUAGGAGAGAUCAGUAGCGACACCAAGGUAAUUCUACCAAGCUUUGGUUGCGACCC
48	0.9322178959846497	0.932330846786499	15	12	6	6	6	6	780	400	CGGGGCUGGUGACCCGCCGGCAAGAUCCAGGGCGCGUUGGCGGGAAGCUACCUCUGCGGGCGGUUUAUGCUCGUCAAUACUUUCGGGAUCGCCAAACUGGAGACGACCCUCAGUGACGUUGCAGGGUGGAACUAUUAUUAUCUUCCUCUUUCCAUGUGGGACGGGAAUCUAGUCGAGCACCCGGUAAGAAAUCGUCCAUGGGCCACGGCCAUACAUGCUUGAAUCGGCCUAGCUUCCUGCGGUGGUCAGUAGCAAGUCCUCCGGAAACAUGGGAAAGAGUUGCCUAUUCAACGGGUGCUCUUCUCGUCAAGAACGUAUGGGAGAGAAGCAUUUCAAUUCUGAUAUUAGGAGAGAUCAGUAGCGACACCAAGGUAAUUCUACCAAGCUUUGGUUGCGACCC
48	0.8962192535400391	0.8962962031364441	15	12	6	6	6	6	780	400	CGGGGCUGGUGACCCGCCGGCAAGAUCCAGGGCGCGUUGGCGGGAAGCUACCUCUGCGGGCGGUUUAUGCUCGUCAAUACUUUCGGGAUCGCCAAACUGGAGACGACCCUCAGUGACGUUGCAGGGUGGAACUAUUAUUAUCUUCCUCUUUCCAUGUGGGACGGGAAUCUAGUCGAGCACCCGGUAAGAAAUCGUCCAUGGGCCACGGCCAUACAUGCUUGAAUCGGCCUAGCUUCCUGCGGUGGUCAGUAGCAAGUCCUCCGGAAACAUGGGAAAGAGUUGCCUAUUCAACGGGUGCUCUUCUCGUCAAGAACGUAUGGGAGAGAAGCAUUUCAAUUCUGAUAUUAGGAGAGAUCAGUAGCGACACCAAGGUAAUUCUACCAAGCUUUGGUUGCGACCC
48	0.8762035369873047	0.8764044642448425	14	12	6	6	6	6	780	400	CGGGGCUGGUGACCCGCCGGCAAGAUCCAGGGCGCGUUGGCGGGAAGCUACCUCUGCGGGCGGUUUAUGCUCGUCAAUACUUUCGGGAUCGCCAAACUGGAGACGACCCUCAGUGACGUUGCAGGGUGGAACUAUUAUUAUCUUCCUCUUUCCAUGUGGGACGGGAAUCUAGUCGAGCACCCGGUAAGAAAUCGUCCAUGGGCCACGGCCAUACAUGCUUGAAUCGGCCUAGCUUCCUGCGGUGGUCAGUAGCAAGUCCUCCGGAAACAUGGGAAAGAGUUGCCUAUUCAACGGGUGCUCUUCUCGUCAAGAACGUAUGGGAGAGAAGCAUUUCAAUUCUGAUAUUAGGAGAGAUCAGUAGCGACACCAAGGUAAUUCUACCAAGCUUUGGUUGCGACCC
48	0.8962192535400391	0.8962962031364441	15	12	6	6	6	6	780	400	CGGGGCUGGUGACCCGCCGGCAAGAUCCAGGGCGCGUUGGCGGGAAGCUACCUCUGCGGGCGGUUUAUGCUCGUCAAUACUUUCGGGAUCGCCAAACUGGAGACGACCCUCAGUGACGUUGCAGGGUGGAACUAUUAUUAUCUUCCUCUUUCCAUGUGGGACGGGAAUCUAGUCGAGCACCCGGUAAGAAAUCGUCCAUGGGCCACGGCCAUACAUGCUUGAAUCGGCCUAGCUUCCUGCGGUGGUCAGUAGCAAGUCCUCCGGAAACAUGGGAAAGAGUUGCCUAUUCAACGGGUGCUCUUCUCGUCAAGAACGUAUGGGAGAGAAGCAUUUCAAUUCUGAUAUUAGGAGAGAUCAGUAGCGACACCAAGGUAAUUCUACCAAGCUUUGGUUGCGACCC
48	0.8823676109313965	0.8823529481887817	14	12	6	6	6	6	780	400	CGGGGCUGGUGACCCGCCGGCAAGAUCCAGGGCGCGUUGGCGGGAAGCUACCUCUGCGGGCGGUUUAUGCUCGUCAAUACUUUCGGGAUCGCCAAACUGGAGACGACCCUCAGUGACGUUGCAGGGUGGAACUAUUAUUAUCUUCCUCUUUCCAUGUGGGACGGGAAUCUAGUCGAGCACCCGGUAAGAAAUCGUCCAUGGGCCACGGCCAUACAUGCUUGAAUCGGCCUAGCUUCCUGCGGUGGUCAGUAGCAAGUCCUCCGGAAACAUGGGAAAGAGUUGCCUAUUCAACGGGUGCUCUUCUCGUCAAGAACGUAUGGGAGAGAAGCAUUUCAAUUCUGAUAUUAGGAGAGAUCAGUAGCGACACCAAGGUAAUUCUACCAAGCUUUGGUUGCGACCC
48	0.9246864914894104	0.9248120784759521	14	12	6	6	6	6	780	400	CGGGGCUGGUGACCCGCCGGCAAGAUCCAGGGCGCGUUGGCGGGAAGCUACCUCUGCGGGCGGUUUAUGCUCGUCAAUACUUUCGGGAUCGCCAAACUGGAGACGACCCUCAGUGACGUUGCAGGGUGGAACUAUUAUUAUCUUCCUCUUUCCAUGUGGGACGGGAAUCUAGUCGAGCACCCGGUAAGAAAUCGUCCAUGGGCCACGGCCAUACAUGCUUGAAUCGGCCUAGCUUCCUGCGGUGGUCAGUAGCAAGUCCUCCGGAAACAUGGGAAAGAGUUGCCUAUUCAACGGGUGCUCUUCUCGUCAAGAACGUAUGGGAGAGAAGCAUUUCAAUUCUGAUAUUAGGAGAGAUCAGUAGCGACACCAAGGUAAUUCUACCAAGCUUUGGUUGCGACCC
48	0.887029767036438	0.8872180581092834	15	12	6	6	6	6	780	400	CGGGGCUGGUGACCCGCCGGCAAGAUCCAGGGCGCGUUGGCGGGAAGCUACCUCUGCGGGCGGUUUAUGCUCGUCAAUACUUUCGGGAUCGCCAAACUGGAGACGACCCUCAGUGACGUUGCAGGGUGGAACUAUUAUUAUCUUCCUCUUUCCAUGUGGGACGGGAAUCUAGUCGAGCACCCGGUAAGAAAUCGUCCAUGGGCCACGGCCAUACAUGCUUGAAUCGGCCUAGCUUCCUGCGGUGGUCAGUAGCAAGUCCUCCGGAAACAUGGGAAAGAGUUGCCUAUUCAACGGGUGCUCUUCUCGUCAAGAACGUAUGGGAGAGAAGCAUUUCAAUUCUGAUAUUAGGAGAGAUCAGUAGCGACACCAAGGUAAUUCUACCAAGCUUUGGUUGCGACCC
48	0.944202721118927	0.9442379474639893	14	12	6	6	6	6	780	400	CGGGGCUGGUGACCCGCCGGCAAGAUCCAGGGCGCGUUGGCGGGAAGCUACCUCUGCGGGCGGUUUAUGCUCGUCAAUACUUUCGGGAUCGCCAAACUGGAGACGACCCUCAGUGACGUUGCAGGGUGGAACUAUUAUUAUCUUCCUCUUUCCAUGUGGGACGGGAAUCUAGUCGAGCACCCGGUAAGAAAUCGUCCAUGGGCCACGGCCAUACAUGCUUGAAUCGGCCUAGCUUCCUGCGGUGGUCAGUAGCAAGUCCUCCGGAAACAUGGGAAAGAGUUGCCUAUUCAACGGGUGCUCUUCUCGUCAAGAACGUAUGGGAGAGAAGCAUUUCAAUUCUGAUAUUAGGAGAGAUCAGUAGCGACACCAAGGUAAUUCUACCAAGCUUUGGUUGCGACCC
48	0.8771710395812988	0.8773233890533447	15	12	6	6	6	6	780	400	CGGGGCUGGUGACCCGCCGGCAAGAUCCAGGGCGCGUUGGCGGGAAGCUACCUCUGCGGGCGGUUUAUGCUCGUCAAUACUUUCGGGAUCGCCAAACUGGAGACGACCCUCAGUGACGUUGCAGGGUGGAACUAUUAUUAUCUUCCUCUUUCCAUGUGGGACGGGAAUCUAGUCGAGCACCCGGUAAGAAAUCGUCCAUGGGCCACGGCCAUACAUGCUUGAAUCGGCCUAGCUUCCUGCGGUGGUCAGUAGCAAGUCCUCCGGAAACAUGGGAAAGAGUUGCCUAUUCAACGGGUGCUCUUCUCGUCAAGAACGUAUGGGAGAGAAGCAUUUCAAUUCUGAUAUUAGGAGAGAUCAGUAGCGACACCAAGGUAAUUCUACCAAGCUUUGGUUGCGACCC
48	0.9516506791114807	0.9516728520393372	15	12	6	6	6	6	780	400	CGGGGCUGGUGACCCGCCGGCAAGAUCCAGGGCGCGUUGGCGGGAAGCUACCUCUGCGGGCGGUUUAUGCUCGUCAAUACUUUCGGGAUCGCCAAACUGGAGACGACCCUCAGUGACGUUGCAGGGUGGAACUAUUAUUAUCUUCCUCUUUCCAUGUGGGACGGGAAUCUAGUCGAGCACCCGGUAAGAAAUCGUCCAUGGGCCACGGCCAUACAUGCUUGAAUCGGCCUAGCUUCCUGCGGUGGUCAGUAGCAAGUCCUCCGGAAACAUGGGAAAGAGUUGCCUAUUCAACGGGUGCUCUUCUCGUCAAGAACGUAUGGGAGAGAAGCAUUUCAAUUCUGAUAUUAGGAGAGAUCAGUAGCGACACCAAGGUAAUUCUACCAAGCUUUGGUUGCGACCC
48	0.8548271656036377	0.8550185561180115	14	12	6	6	6	6	780	400	CGGGGCUGGUGACCCGCCGGCAAGAUCCAGGGCGCGUUGGCGGGAAGCUACCUCUGCGGGCGGUUUAUGCUCGUCAAUACUUUCGGGAUCGCCAAACUGGAGACGACCCUCAGUGACGUUGCAGGGUGGAACUAUUAUUAUCUUCCUCUUUCCAUGUGGGACGGGAAUCUAGUCGAGCACCCGGUAAGAAAUCGUCCAUGGGCCACGGCCAUACAUGCUUGAAUCGGCCUAGCUUCCUGCGGUGGUCAGUAGCAAGUCCUCCGGAAACAUGGGAAAGAGUUGCCUAUUCAACGGGUGCUCUUCUCGUCAAGAACGUAUGGGAGAGAAGCAUUUCAAUUCUGAUAUUAGGAGAGAUCAGUAGCGACACCAAGGUAAUUCUACCAAGCUUUGGUUGCGACCC
48	0.9402244091033936	0.9402984976768494	14	12	6	6	6	6	780	400	CGGGGCUGGUGACCCGCCGGCAAGAUCCAGGGCGCGUUGGCGGGAAGCUACCUCUGCGGGCGGUUUAUGCUCGUCAAUACUUUCGGGAUCGCCAAACUGGAGACGACCCUCAGUGACGUUGCAGGGUGGAACUAUUAUUAUCUUCCUCUUUCCAUGUGGGACGGGAAUCUAGUCGAGCACCCGGUAAGAAAUCGUCCAUGGGCCACGGCCAUACAUGCUUGAAUCGGCCUAGCUUCCUGCGGUGGUCAGUAGCAAGUCCUCCGGAAACAUGGGAAAGAGUUGCCUAUUCAACGGGUGCUCUUCUCGUCAAGAACGUAUGGGAGAGAAGCAUUUCAAUUCUGAUAUUAGGAGAGAUCAGUAGCGACACCAAGGUAAUUCUACCAAGCUUUGGUUGCGACCC
49	0.7082911729812622	0.7085201740264893	1	12	6	6	6	6	780	400	GAACCAGGCCACAAACCUACUGUUACGACAAAUCAGAUGUAACCGGCUAUUUCUUGUCAUGCUUAUACAGAGCCUCCUGGCCACUGCAAUCAUCCUAACUGCGUAAUGACCUCAGGCCCUAACCCGAGAUUAUUGGAACGACCAAUCCAUAUGCUGAUCCCUCCAAGUGUCUCUGGGAAGUUAUCUAAGAGCGUGGUUUUUGUAGCCGGAGAAGACCGGCAUCGCAGCGCCUUGUCCAGUCCGUUAACCAACCGCGCUUACUCGAGGGUCGACUGACGAAAAGGGGAGCGCUGCAACACUUCAUCAGAUGAACGUUUCCGGAUGGGCGAAUAAUAUCAUGUUGUCAGGCGUAUCCCUCCUUCUGCUUAAAUCACUCCUAGUUAAGGCGAUGGUUUACACA
49	0.7384951710700989	0.7387387752532959	2	12	6	6	6	6	780	400	GAACCAGGCCACAAACCUACUGUUACGACAAAUCAGAUGUAACCGGCUAUUUCUUGUCAUGCUUAUACAGAGCCUCCUGGCCACUGCAAUCAUCCUAACUGCGUAAUGACCUCAGGCCCUAACCCGAGAUUAUUGGAACGACCAAUCCAUAUGCUGAUCCCUCCAAGUGUCUCUGGGAAGUUAUCUAAGAGCGUGGUUUUUGUAGCCGGAGAAGACCGGCAUCGCAGCGCCUUGUCCAGUCCGUUAACCAACCGCGCUUACUCGAGGGUCGACUGACGAAAAGGGGAGCGCUGCAACACUUCAUCAGAUGAACGUUUCCGGAUGGGCGAAUAAUAUCAUGUUGUCAGGCGUAUCCCUCCUUCUGCUUAAAUCACUCCUAGUUAAGGCGAUGGUUUACACA
49	0.696252703666687	0.6964285373687744	3	12	6	6	6	6	780	400	GAACCAGGCCACAAACCUACUGUUACGACAAAUCAGAUGUAACCGGCUAUUUCUUGUCAUGCUUAUACAGAGCCUCCUGGCCACUGCAAUCAUCCUAACUGCGUAAUGACCUCAGGCCCUAACCCGAGAUUAUUGGAACGACCAAUCCAUAUGCUGAUCCCUCCAAGUGUCUCUGGGAAGUUAUCUAAGAGCGUGGUUUUUGUAGCCGGAGAAGACCGGCAUCGCAGCGCCUUGUCCAGUCCGUUAACCAACCGCGCUUACUCGAGGGUCGACUGACGAAAAGGGGAGCGCUGCAACACUUCAUCAGAUGAACGUUUCCGGAUGGGCGAAUAAUAUCAUGUUGUCAGGCGUAUCCCUCCUUCUGCUUAAAUCACUCCUAGUUAAGGCGAUGGUUUACACA
49	0.5876978039741516	0.5877193212509155	4	12	6	6	6	6	780	400	GAACCAGGCCACAAACCUACUGUUACGACAAAUCAGAUGUAACCGGCUAUUUCUUGUCAUGCUUAUACAGAGCCUCCUGGCCACUGCAAUCAUCCUAACUGCGUAAUGACCUCAGGCCCUAACCCGAGAUUAUUGGAACGACCAAUCCAUAUGCUGAUCCCUCCAAGUGUCUCUGGGAAGUUAUCUAAGAGCGUGGUUUUUGUAGCCGGAGAAGACCGGCAUCGCAGCGCCUUGUCCAGUCCGUUAACCAACCGCGCUUACUCGAGGGUCGACUGACGAAAAGGGGAGCGCUGCAACACUUCAUCAGAUGAACGUUUCCGGAUGGGCGAAUAAUAUCAUGUUGUCAGGCGUAUCCCUCCUUCUGCUUAAAUCACUCCUAGUUAAGGCGAUGGUUUACACA
49	0.7082911729812622	0.7085201740264893	5	12	6	6	6	6	780	400	GAACCAGGCCACAAACCUACUGUUACGACAAAUCAGAUGUAACCGGCUAUUUCUUGUCAUGCUUAUACAGAGCCUCCUGGCCACUGCAAUCAUCCUAACUGCGUAAUGACCUCAGGCCCUAACCCGAGAUUAUUGGAACGACCAAUCCAUAUGCUGAUCCCUCCAAGUGUCUCUGGGAAGUUAUCUAAGAGCGUGGUUUUUGUAGCCGGAGAAGACCGGCAUCGCAGCGCCUUGUCCAGUCCGUUAACCAACCGCGCUUACUCGAGGGUCGACUGACGAAAAGGGGAGCGCUGCAACACUUCAUCAGAUGAACGUUUCCGGAUGGGCGAAUAAUAUCAUGUUGUCAGGCGUAUCCCUCCUUCUGCUUAAAUCACUCCUAGUUAAGGCGAUGGUUUACACA
49	0.7185189127922058	0.7188939452171326	6	12	6	6	6	6	780	400	GAACCAGGCCACAAACCUACUGUUACGACAAAUCAGAUGUAACCGGCUAUUUCUUGUCAUGCUUAUACAGAGCCUCCUGGCCACUGCAAUCAUCCUAACUGCGUAAUGACCUCAGGCCCUAACCCGAGAUUAUUGGAACGACCAAUCCAUAUGCUGAUCCCUCCAAGUGUCUCUGGGAAGUUAUCUAAGAGCGUGGUUUUUGUAGCCGGAGAAGACCGGCAUCGCAGCGCCUUGUCCAGUCCGUUAACCAACCGCGCUUACUCGAGGGUCGACUGACGAAAAGGGGAGCGCUGCAACACUUCAUCAGAUGAACGUUUCCGGAUGGGCGAAUAAUAUCAUGUUGUCAGGCGUAUCCCUCCUUCUGCUUAAAUCACUCCUAGUUAAGGCGAUGGUUUACACA
49	0.6547900438308716	0.6548672914505005	7	12	6	6	6	6	780	400	GAACCAGGCCACAAACCUACUGUUACGACAAAUCAGAUGUAACCGGCUAUUUCUUGUCAUGCUUAUACAGAGCCUCCUGGCCACUGCAAUCAUCCUAACUGCGUAAUGACCUCAGGCCCUAACCCGAGAUUAUUGGAACGACCAAUCCAUAUGCUGAUCCCUCCAAGUGUCUCUGGGAAGUUAUCUAAGAGCGUGGUUUUUGUAGCCGGAGAAGACCGGCAUCGCAGCGCCUUGUCCAGUCCGUUAACCAACCGCGCUUACUCGAGGGUCGACUGACGAAAAGGGGAGCGCUGCAACACUUCAUCAGAUGAACGUUUCCGGAUGGGCGAAUAAUAUCAUGUUGUCAGGCGUAUCCCUCCUUCUGCUUAAAUCACUCCUAGUUAAGGCGAUGGUUUACACA
49	0.7700695991516113	0.7699114680290222	8	12	6	6	6	6	780	400	GAACCAGGCCACAAACCUACUGUUACGACAAAUCAGAUGUAACCGGCUAUUUCUUGUCAUGCUUAUACAGAGCCUCCUGGCCACUGCAAUCAUCCUAACUGCGUAAUGACCUCAGGCCCUAACCCGAGAUUAUUGGAACGACCAAUCCAUAUGCUGAUCCCUCCAAGUGUCUCUGGGAAGUUAUCUAAGAGCGUGGUUUUUGUAGCCGGAGAAGACCGGCAUCGCAGCGCCUUGUCCAGUCCGUUAACCAACCGCGCUUACUCGAGGGUCGACUGACGAAAAGGGGAGCGCUGCAACACUUCAUCAGAUGAACGUUUCCGGAUGGGCGAAUAAUAUCAUGUUGUCAGGCGUAUCCCUCCUUCUGCUUAAAUCACUCCUAGUUAAGGCGAUGGUUUACACA
49	0.8621971011161804	0.8623853921890259	9	12	6	6	6	6	780	400	GAACCAGGCCACAAACCUACUGUUACGACAAAUCAGAUGUAACCGGCUAUUUCUUGUCAUGCUUAUACAGAGCCUCCUGGCCACUGCAAUCAUCCUAACUGCGUAAUGACCUCAGGCCCUAACCCGAGAUUAUUGGAACGACCAAUCCAUAUGCUGAUCCCUCCAAGUGUCUCUGGGAAGUUAUCUAAGAGCGUGGUUUUUGUAGCCGGAGAAGACCGGCAUCGCAGCGCCUUGUCCAGUCCGUUAACCAACCGCGCUUACUCGAGGGUCGACUGACGAAAAGGGGAGCGCUGCAACACUUCAUCAGAUGAACGUUUCCGGAUGGGCGAAUAAUAUCAUGUUGUCAGGCGUAUCCCUCCUUCUGCUUAAAUCACUCCUAGUUAAGGCGAUGGUUUACACA
49	0.621275007724762	0.6206896305084229	10	12	6	6	6	6	780	400	GAACCAGGCCACAAACCUACUGUUACGACAAAUCAGAUGUAACCGGCUAUUUCUUGUCAUGCUUAUACAGAGCCUCCUGGCCACUGCAAUCAUCCUAACUGCGUAAUGACCUCAGGCCCUAACCCGAGAUUAUUGGAACGACCAAUCCAUAUGCUGAUCCCUCCAAGUGUCUCUGGGAAGUUAUCUAAGAGCGUGGUUUUUGUAGCCGGAGAAGACCGGCAUCGCAGCGCCUUGUCCAGUCCGUUAACCAACCGCGCUUACUCGAGGGUCGACUGACGAAAAGGGGAGCGCUGCAACACUUCAUCAGAUGAACGUUUCCGGAUGGGCGAAUAAUAUCAUGUUGUCAGGCGUAUCCCUCCUUCUGCUUAAAUCACUCCUAGUUAAGGCGAUGGUUUACACA
49	0.7377660870552063	0.7377777695655823	11	12	6	6	6	6	780	400	GAACCAGGCCACAAACCUACUGUUACGACAAAUCAGAUGUAACCGGCUAUUUCUUGUCAUGCUUAUACAGAGCCUCCUGGCCACUGCAAUCAUCCUAACUGCGUAAUGACCUCAGGCCCUAACCCGAGAUUAUUGGAACGACCAAUCCAUAUGCUGAUCCCUCCAAGUGUCUCUGGGAAGUUAUCUAAGAGCGUGGUUUUUGUAGCCGGAGAAGACCGGCAUCGCAGCGCCUUGUCCAGUCCGUUAACCAACCGCGCUUACUCGAGGGUCGACUGACGAAAAGGGGAGCGCUGCAACACUUCAUCAGAUGAACGUUUCCGGAUGGGCGAAUAAUAUCAUGUUGUCAGGCGUAUCCCUCCUUCUGCUUAAAUCACUCCUAGUUAAGGCGAUGGUUUACACA
49	0.798728346824646	0.7982456088066101	12	12	6	6	6	6	780	400	GAACCAGGCCACAAACCUACUGUUACGACAAAUCAGAUGUAACCGGCUAUUUCUUGUCAUGCUUAUACAGAGCCUCCUGGCCACUGCAAUCAUCCUAACUGCGUAAUGACCUCAGGCCCUAACCCGAGAUUAUUGGAACGACCAAUCCAUAUGCUGAUCCCUCCAAGUGUCUCUGGGAAGUUAUCUAAGAGCGUGGUUUUUGUAGCCGGAGAAGACCGGCAUCGCAGCGCCUUGUCCAGUCCGUUAACCAACCGCGCUUACUCGAGGGUCGACUGACGAAAAGGGGAGCGCUGCAACACUUCAUCAGAUGAACGUUUCCGGAUGGGCGAAUAAUAUCAUGUUGUCAGGCGUAUCCCUCCUUCUGCUUAAAUCACUCCUAGUUAAGGCGAUGGUUUACACA
49	0.8321433067321777	0.8318584561347961	13	12	6	6	6	6	780	400	GAACCAGGCCACAAACCUACUGUUACGACAAAUCAGAUGUAACCGGCUAUUUCUUGUCAUGCUUAUACAGAGCCUCCUGGCCACUGCAAUCAUCCUAACUGCGUAAUGACCUCAGGCCCUAACCCGAGAUUAUUGGAACGACCAAUCCAUAUGCUGAUCCCUCCAAGUGUCUCUGGGAAGUUAUCUAAGAGCGUGGUUUUUGUAGCCGGAGAAGACCGGCAUCGCAGCGCCUUGUCCAGUCCGUUAACCAACCGCGCUUACUCGAGGGUCGACUGACGAAAAGGGGAGCGCUGCAACACUUCAUCAGAUGAACGUUUCCGGAUGGGCGAAUAAUAUCAUGUUGUCAGGCGUAUCCCUCCUUCUGCUUAAAUCACUCCUAGUUAAGGCGAUGGUUUACACA
49	0.8268235325813293	0.8266666531562805	14	12	6	6	6	6	780	400	GAACCAGGCCACAAACCUACUGUUACGACAAAUCAGAUGUAACCGGCUAUUUCUUGUCAUGCUUAUACAGAGCCUCCUGGCCACUGCAAUCAUCCUAACUGCGUAAUGACCUCAGGCCCUAACCCGAGAUUAUUGGAACGACCAAUCCAUAUGCUGAUCCCUCCAAGUGUCUCUGGGAAGUUAUCUAAGAGCGUGGUUUUUGUAGCCGGAGAAGACCGGCAUCGCAGCGCCUUGUCCAGUCCGUUAACCAACCGCGCUUACUCGAGGGUCGACUGACGAAAAGGGGAGCGCUGCAACACUUCAUCAGAUGAACGUUUCCGGAUGGGCGAAUAAUAUCAUGUUGUCAGGCGUAUCCCUCCUUCUGCUUAAAUCACUCCUAGUUAAGGCGAUGGUUUACACA
49	0.7733890414237976	0.7733333706855774	14	12	6	6	6	6	780	400	GAACCAGGCCACAAACCUACUGUUACGACAAAUCAGAUGUAACCGGCUAUUUCUUGUCAUGCUUAUACAGAGCCUCCUGGCCACUGCAAUCAUCCUAACUGCGUAAUGACCUCAGGCCCUAACCCGAGAUUAUUGGAACGACCAAUCCAUAUGCUGAUCCCUCCAAGUGUCUCUGGGAAGUUAUCUAAGAGCGUGGUUUUUGUAGCCGGAGAAGACCGGCAUCGCAGCGCCUUGUCCAGUCCGUUAACCAACCGCGCUUACUCGAGGGUCGACUGACGAAAAGGGGAGCGCUGCAACACUUCAUCAGAUGAACGUUUCCGGAUGGGCGAAUAAUAUCAUGUUGUCAGGCGUAUCCCUCCUUCUGCUUAAAUCACUCCUAGUUAAGGCGAUGGUUUACACA
49	0.9321187138557434	0.9321267008781433	14	12	6	6	6	6	780	400	GAACCAGGCCACAAACCUACUGUUACGACAAAUCAGAUGUAACCGGCUAUUUCUUGUCAUGCUUAUACAGAGCCUCCUGGCCACUGCAAUCAUCCUAACUGCGUAAUGACCUCAGGCCCUAACCCGAGAUUAUUGGAACGACCAAUCCAUAUGCUGAUCCCUCCAAGUGUCUCUGGGAAGUUAUCUAAGAGCGUGGUUUUUGUAGCCGGAGAAGACCGGCAUCGCAGCGCCUUGUCCAGUCCGUUAACCAACCGCGCUUACUCGAGGGUCGACUGACGAAAAGGGGAGCGCUGCAACACUUCAUCAGAUGAACGUUUCCGGAUGGGCGAAUAAUAUCAUGUUGUCAGGCGUAUCCCUCCUUCUGCUUAAAUCACUCCUAGUUAAGGCGAUGGUUUACACA
49	0.8197728395462036	0.8193832635879517	14	12	6	6	6	6	780	400	GAACCAGGCCACAAACCUACUGUUACGACAAAUCAGAUGUAACCGGCUAUUUCUUGUCAUGCUUAUACAGAGCCUCCUGGCCACUGCAAUCAUCCUAACUGCGUAAUGACCUCAGGCCCUAACCCGAGAUUAUUGGAACGACCAAUCCAUAUGCUGAUCCCUCCAAGUGUCUCUGGGAAGUUAUCUAAGAGCGUGGUUUUUGUAGCCGGAGAAGACCGGCAUCGCAGCGCCUUGUCCAGUCCGUUAACCAACCGCGCUUACUCGAGGGUCGACUGACGAAAAGGGGAGCGCUGCAACACUUCAUCAGAUGAACGUUUCCGGAUGGGCGAAUAAUAUCAUGUUGUCAGGCGUAUCCCUCCUUCUGCUUAAAUCACUCCUAGUUAAGGCGAUGGUUUACACA
49	0.8179178237915039	0.8177778124809265	15	12	6	6	6	6	780	400	GAACCAGGCCACAAACCUACUGUUACGACAAAUCAGAUGUAACCGGCUAUUUCUUGUCAUGCUUAUACAGAGCCUCCUGGCCACUGCAAUCAUCCUAACUGCGUAAUGACCUCAGGCCCUAACCCGAGAUUAUUGGAACGACCAAUCCAUAUGCUGAUCCCUCCAAGUGUCUCUGGGAAGUUAUCUAAGAGCGUGGUUUUUGUAGCCGGAGAAGACCGGCAUCGCAGCGCCUUGUCCAGUCCGUUAACCAACCGCGCUUACUCGAGGGUCGACUGACGAAAAGGGGAGCGCUGCAACACUUCAUCAGAUGAACGUUUCCGGAUGGGCGAAUAAUAUCAUGUUGUCAGGCGUAUCCCUCCUUCUGCUUAAAUCACUCCUAGUUAAGGCGAUGGUUUACACA
49	0.9598267674446106	0.9596412777900696	15	12	6	6	6	6	780	400	GAACCAGGCCACAAACCUACUGUUACGACAAAUCAGAUGUAACCGGCUAUUUCUUGUCAUGCUUAUACAGAGCCUCCUGGCCACUGCAAUCAUCCUAACUGCGUAAUGACCUCAGGCCCUAACCCGAGAUUAUUGGAACGACCAAUCCAUAUGCUGAUCCCUCCAAGUGUCUCUGGGAAGUUAUCUAAGAGCGUGGUUUUUGUAGCCGGAGAAGACCGGCAUCGCAGCGCCUUGUCCAGUCCGUUAACCAACCGCGCUUACUCGAGGGUCGACUGACGAAAAGGGGAGCGCUGCAACACUUCAUCAGAUGAACGUUUCCGGAUGGGCGAAUAAUAUCAUGUUGUCAGGCGUAUCCCUCCUUCUGCUUAAAUCACUCCUAGUUAAGGCGAUGGUUUACACA
49	0.7878049612045288	0.7876105904579163	13	12	6	6	6	6	780	400	GAACCAGGCCACAAACCUACUGUUACGACAAAUCAGAUGUAACCGGCUAUUUCUUGUCAUGCUUAUACAGAGCCUCCUGGCCACUGCAAUCAUCCUAACUGCGUAAUGACCUCAGGCCCUAACCCGAGAUUAUUGGAACGACCAAUCCAUAUGCUGAUCCCUCCAAGUGUCUCUGGGAAGUUAUCUAAGAGCGUGGUUUUUGUAGCCGGAGAAGACCGGCAUCGCAGCGCCUUGUCCAGUCCGUUAACCAACCGCGCUUACUCGAGGGUCGACUGACGAAAAGGGGAGCGCUGCAACACUUCAUCAGAUGAACGUUUCCGGAUGGGCGAAUAAUAUCAUGUUGUCAGGCGUAUCCCUCCUUCUGCUUAAAUCACUCCUAGUUAAGGCGAUGGUUUACACA
49	0.8035846948623657	0.8035714030265808	14	12	6	6	6	6	780	400	GAACCAGGCCACAAACCUACUGUUACGACAAAUCAGAUGUAACCGGCUAUUUCUUGUCAUGCUUAUACAGAGCCUCCUGGCCACUGCAAUCAUCCUAACUGCGUAAUGACCUCAGGCCCUAACCCGAGAUUAUUGGAACGACCAAUCCAUAUGCUGAUCCCUCCAAGUGUCUCUGGGAAGUUAUCUAAGAGCGUGGUUUUUGUAGCCGGAGAAGACCGGCAUCGCAGCGCCUUGUCCAGUCCGUUAACCAACCGCGCUUACUCGAGGGUCGACUGACGAAAAGGGGAGCGCUGCAACACUUCAUCAGAUGAACGUUUCCGGAUGGGCGAAUAAUAUCAUGUUGUCAGGCGUAUCCCUCCUUCUGCUUAAAUCACUCCUAGUUAAGGCGAUGGUUUACACA
49	0.8075213432312012	0.8070175051689148	15	12	6	6	6	6	780	400	GAACCAGGCCACAAACCUACUGUUACGACAAAUCAGAUGUAACCGGCUAUUUCUUGUCAUGCUUAUACAGAGCCUCCUGGCCACUGCAAUCAUCCUAACUGCGUAAUGACCUCAGGCCCUAACCCGAGAUUAUUGGAACGACCAAUCCAUAUGCUGAUCCCUCCAAGUGUCUCUGGGAAGUUAUCUAAGAGCGUGGUUUUUGUAGCCGGAGAAGACCGGCAUCGCAGCGCCUUGUCCAGUCCGUUAACCAACCGCGCUUACUCGAGGGUCGACUGACGAAAAGGGGAGCGCUGCAACACUUCAUCAGAUGAACGUUUCCGGAUGGGCGAAUAAUAUCAUGUUGUCAGGCGUAUCCCUCCUUCUGCUUAAAUCACUCCUAGUUAAGGCGAUGGUUUACACA
49	0.776751697063446	0.7767857313156128	14	12	6	6	6	6	780	400	GAACCAGGCCACAAACCUACUGUUACGACAAAUCAGAUGUAACCGGCUAUUUCUUGUCAUGCUUAUACAGAGCCUCCUGGCCACUGCAAUCAUCCUAACUGCGUAAUGACCUCAGGCCCUAACCCGAGAUUAUUGGAACGACCAAUCCAUAUGCUGAUCCCUCCAAGUGUCUCUGGGAAGUUAUCUAAGAGCGUGGUUUUUGUAGCCGGAGAAGACCGGCAUCGCAGCGCCUUGUCCAGUCCGUUAACCAACCGCGCUUACUCGAGGGUCGACUGACGAAAAGGGGAGCGCUGCAACACUUCAUCAGAUGAACGUUUCCGGAUGGGCGAAUAAUAUCAUGUUGUCAGGCGUAUCCCUCCUUCUGCUUAAAUCACUCCUAGUUAAGGCGAUGGUUUACACA
49	0.9099326133728027	0.9099099040031433	14	12	6	6	6	6	780	400	GAACCAGGCCACAAACCUACUGUUACGACAAAUCAGAUGUAACCGGCUAUUUCUUGUCAUGCUUAUACAGAGCCUCCUGGCCACUGCAAUCAUCCUAACUGCGUAAUGACCUCAGGCCCUAACCCGAGAUUAUUGGAACGACCAAUCCAUAUGCUGAUCCCUCCAAGUGUCUCUGGGAAGUUAUCUAAGAGCGUGGUUUUUGUAGCCGGAGAAGACCGGCAUCGCAGCGCCUUGUCCAGUCCGUUAACCAACCGCGCUUACUCGAGGGUCGACUGACGAAAAGGGGAGCGCUGCAACACUUCAUCAGAUGAACGUUUCCGGAUGGGCGAAUAAUAUCAUGUUGUCAGGCGUAUCCCUCCUUCUGCUUAAAUCACUCCUAGUUAAGGCGAUGGUUUACACA
49	0.7966725826263428	0.7964601516723633	14	12	6	6	6	6	780	400	GAACCAGGCCACAAACCUACUGUUACGACAAAUCAGAUGUAACCGGCUAUUUCUUGUCAUGCUUAUACAGAGCCUCCUGGCCACUGCAAUCAUCCUAACUGCGUAAUGACCUCAGGCCCUAACCCGAGAUUAUUGGAACGACCAAUCCAUAUGCUGAUCCCUCCAAGUGUCUCUGGGAAGUUAUCUAAGAGCGUGGUUUUUGUAGCCGGAGAAGACCGGCAUCGCAGCGCCUUGUCCAGUCCGUUAACCAACCGCGCUUACUCGAGGGUCGACUGACGAAAAGGGGAGCGCUGCAACACUUCAUCAGAUGAACGUUUCCGGAUGGGCGAAUAAUAUCAUGUUGUCAGGCGUAUCCCUCCUUCUGCUUAAAUCACUCCUAGUUAAGGCGAUGGUUUACACA
49	0.8339000940322876	0.8333333134651184	14	12	6	6	6	6	780	400	GAACCAGGCCACAAACCUACUGUUACGACAAAUCAGAUGUAACCGGCUAUUUCUUGUCAUGCUUAUACAGAGCCUCCUGGCCACUGCAAUCAUCCUAACUGCGUAAUGACCUCAGGCCCUAACCCGAGAUUAUUGGAACGACCAAUCCAUAUGCUGAUCCCUCCAAGUGUCUCUGGGAAGUUAUCUAAGAGCGUGGUUUUUGUAGCCGGAGAAGACCGGCAUCGCAGCGCCUUGUCCAGUCCGUUAACCAACCGCGCUUACUCGAGGGUCGACUGACGAAAAGGGGAGCGCUGCAACACUUCAUCAGAUGAACGUUUCCGGAUGGGCGAAUAAUAUCAUGUUGUCAGGCGUAUCCCUCCUUCUGCUUAAAUCACUCCUAGUUAAGGCGAUGGUUUACACA
49	0.7926332950592041	0.7927927374839783	13	12	6	6	6	6	780	400	GAACCAGGCCACAAACCUACUGUUACGACAAAUCAGAUGUAACCGGCUAUUUCUUGUCAUGCUUAUACAGAGCCUCCUGGCCACUGCAAUCAUCCUAACUGCGUAAUGACCUCAGGCCCUAACCCGAGAUUAUUGGAACGACCAAUCCAUAUGCUGAUCCCUCCAAGUGUCUCUGGGAAGUUAUCUAAGAGCGUGGUUUUUGUAGCCGGAGAAGACCGGCAUCGCAGCGCCUUGUCCAGUCCGUUAACCAACCGCGCUUACUCGAGGGUCGACUGACGAAAAGGGGAGCGCUGCAACACUUCAUCAGAUGAACGUUUCCGGAUGGGCGAAUAAUAUCAUGUUGUCAGGCGUAUCCCUCCUUCUGCUUAAAUCACUCCUAGUUAAGGCGAUGGUUUACACA
49	0.9460246562957764	0.9459459185600281	14	12	6	6	6	6	780	400	GAACCAGGCCACAAACCUACUGUUACGACAAAUCAGAUGUAACCGGCUAUUUCUUGUCAUGCUUAUACAGAGCCUCCUGGCCACUGCAAUCAUCCUAACUGCGUAAUGACCUCAGGCCCUAACCCGAGAUUAUUGGAACGACCAAUCCAUAUGCUGAUCCCUCCAAGUGUCUCUGGGAAGUUAUCUAAGAGCGUGGUUUUUGUAGCCGGAGAAGACCGGCAUCGCAGCGCCUUGUCCAGUCCGUUAACCAACCGCGCUUACUCGAGGGUCGACUGACGAAAAGGGGAGCGCUGCAACACUUCAUCAGAUGAACGUUUCCGGAUGGGCGAAUAAUAUCAUGUUGUCAGGCGUAUCCCUCCUUCUGCUUAAAUCACUCCUAGUUAAGGCGAUGGUUUACACA
49	0.8942169547080994	0.8938053250312805	14	12	6	6	6	6	780	400	GAACCAGGCCACAAACCUACUGUUACGACAAAUCAGAUGUAACCGGCUAUUUCUUGUCAUGCUUAUACAGAGCCUCCUGGCCACUGCAAUCAUCCUAACUGCGUAAUGACCUCAGGCCCUAACCCGAGAUUAUUGGAACGACCAAUCCAUAUGCUGAUCCCUCCAAGUGUCUCUGGGAAGUUAUCUAAGAGCGUGGUUUUUGUAGCCGGAGAAGACCGGCAUCGCAGCGCCUUGUCCAGUCCGUUAACCAACCGCGCUUACUCGAGGGUCGACUGACGAAAAGGGGAGCGCUGCAACACUUCAUCAGAUGAACGUUUCCGGAUGGGCGAAUAAUAUCAUGUUGUCAGGCGUAUCCCUCCUUCUGCUUAAAUCACUCCUAGUUAAGGCGAUGGUUUACACA
50	0.5963749289512634	0.5966386198997498	1	12	6	6	6	6	780	400	CGGGAAAUUGGCUCCUUUAAUCCCCAUCCAACGAGUAAUCAUCAUCGGGCAUGACGACGCUUACGGACAGUGGGGAGUCUUAACUAAGCUGAUGUGUAAGCACCACUGGCUCGAGUCACGAUGAUAACAUGGGACUGAAUGACGAGGAACCUGGCAGAAAAGAAUAAAGCCUCCUUUCCGCCUGACGGCCACUCAAGGCACUCCUGGUUUACACUCCGGUAUGCUGGGCACACGAUAGAGAGCAAUUGACUAUAGGAGAAGUGUAUGGGACGCGUAAGAUGAUGCAACAUAAGUCUUUAUUGUACCGCUUACAAAAUGAUCACAGGAGCCGCUUUGUCAAAAGAGGUCAUUGGAUUCUCGCUUAUGCGCGCAUCCUCCUCUAUGGGGUCCUAACGAUUGG
50	0.5939570069313049	0.5941422581672668	2	12	6	6	6	6	780	400	CGGGAAAUUGGCUCCUUUAAUCCCCAUCCAACGAGUAAUCAUCAUCGGGCAUGACGACGCUUACGGACAGUGGGGAGUCUUAACUAAGCUGAUGUGUAAGCACCACUGGCUCGAGUCACGAUGAUAACAUGGGACUGAAUGACGAGGAACCUGGCAGAAAAGAAUAAAGCCUCCUUUCCGCCUGACGGCCACUCAAGGCACUCCUGGUUUACACUCCGGUAUGCUGGGCACACGAUAGAGAGCAAUUGACUAUAGGAGAAGUGUAUGGGACGCGUAAGAUGAUGCAACAUAAGUCUUUAUUGUACCGCUUACAAAAUGAUCACAGGAGCCGCUUUGUCAAAAGAGGUCAUUGGAUUCUCGCUUAUGCGCGCAUCCUCCUCUAUGGGGUCCUAACGAUUGG
50	0.5939570069313049	0.5941422581672668	3	12	6	6	6	6	780	400	CGGGAAAUUGGCUCCUUUAAUCCCCAUCCAACGAGUAAUCAUCAUCGGGCAUGACGACGCUUACGGACAGUGGGGAGUCUUAACUAAGCUGAUGUGUAAGCACCACUGGCUCGAGUCACGAUGAUAACAUGGGACUGAAUGACGAGGAACCUGGCAGAAAAGAAUAAAGCCUCCUUUCCGCCUGACGGCCACUCAAGGCACUCCUGGUUUACACUCCGGUAUGCUGGGCACACGAUAGAGAGCAAUUGACUAUAGGAGAAGUGUAUGGGACGCGUAAGAUGAUGCAACAUAAGUCUUUAUUGUACCGCUUACAAAAUGAUCACAGGAGCCGCUUUGUCAAAAGAGGUCAUUGGAUUCUCGCUUAUGCGCGCAUCCUCCUCUAUGGGGUCCUAACGAUUGG
50	0.765786349773407	0.7659574151039124	4	12	6	6	6	6	780	400	CGGGAAAUUGGCUCCUUUAAUCCCCAUCCAACGAGUAAUCAUCAUCGGGCAUGACGACGCUUACGGACAGUGGGGAGUCUUAACUAAGCUGAUGUGUAAGCACCACUGGCUCGAGUCACGAUGAUAACAUGGGACUGAAUGACGAGGAACCUGGCAGAAAAGAAUAAAGCCUCCUUUCCGCCUGACGGCCACUCAAGGCACUCCUGGUUUACACUCCGGUAUGCUGGGCACACGAUAGAGAGCAAUUGACUAUAGGAGAAGUGUAUGGGACGCGUAAGAUGAUGCAACAUAAGUCUUUAUUGUACCGCUUACAAAAUGAUCACAGGAGCCGCUUUGUCAAAAGAGGUCAUUGGAUUCUCGCUUAUGCGCGCAUCCUCCUCUAUGGGGUCCUAACGAUUGG
50	0.5121682286262512	0.5126050114631653	5	12	6	6	6	6	780	400	CGGGAAAUUGGCUCCUUUAAUCCCCAUCCAACGAGUAAUCAUCAUCGGGCAUGACGACGCUUACGGACAGUGGGGAGUCUUAACUAAGCUGAUGUGUAAGCACCACUGGCUCGAGUCACGAUGAUAACAUGGGACUGAAUGACGAGGAACCUGGCAGAAAAGAAUAAAGCCUCCUUUCCGCCUGACGGCCACUCAAGGCACUCCUGGUUUACACUCCGGUAUGCUGGGCACACGAUAGAGAGCAAUUGACUAUAGGAGAAGUGUAUGGGACGCGUAAGAUGAUGCAACAUAAGUCUUUAUUGUACCGCUUACAAAAUGAUCACAGGAGCCGCUUUGUCAAAAGAGGUCAUUGGAUUCUCGCUUAUGCGCGCAUCCUCCUCUAUGGGGUCCUAACGAUUGG
50	0.743863046169281	0.7428571581840515	6	12	6	6	6	6	780	400	CGGGAAAUUGGCUCCUUUAAUCCCCAUCCAACGAGUAAUCAUCAUCGGGCAUGACGACGCUUACGGACAGUGGGGAGUCUUAACUAAGCUGAUGUGUAAGCACCACUGGCUCGAGUCACGAUGAUAACAUGGGACUGAAUGACGAGGAACCUGGCAGAAAAGAAUAAAGCCUCCUUUCCGCCUGACGGCCACUCAAGGCACUCCUGGUUUACACUCCGGUAUGCUGGGCACACGAUAGAGAGCAAUUGACUAUAGGAGAAGUGUAUGGGACGCGUAAGAUGAUGCAACAUAAGUCUUUAUUGUACCGCUUACAAAAUGAUCACAGGAGCCGCUUUGUCAAAAGAGGUCAUUGGAUUCUCGCUUAUGCGCGCAUCCUCCUCUAUGGGGUCCUAACGAUUGG
50	0.9324053525924683	0.9322033524513245	7	12	6	6	6	6	780	400	CGGGAAAUUGGCUCCUUUAAUCCCCAUCCAACGAGUAAUCAUCAUCGGGCAUGACGACGCUUACGGACAGUGGGGAGUCUUAACUAAGCUGAUGUGUAAGCACCACUGGCUCGAGUCACGAUGAUAACAUGGGACUGAAUGACGAGGAACCUGGCAGAAAAGAAUAAAGCCUCCUUUCCGCCUGACGGCCACUCAAGGCACUCCUGGUUUACACUCCGGUAUGCUGGGCACACGAUAGAGAGCAAUUGACUAUAGGAGAAGUGUAUGGGACGCGUAAGAUGAUGCAACAUAAGUCUUUAUUGUACCGCUUACAAAAUGAUCACAGGAGCCGCUUUGUCAAAAGAGGUCAUUGGAUUCUCGCUUAUGCGCGCAUCCUCCUCUAUGGGGUCCUAACGAUUGG
50	0.7616909742355347	0.7615062594413757	8	12	6	6	6	6	780	400	CGGGAAAUUGGCUCCUUUAAUCCCCAUCCAACGAGUAAUCAUCAUCGGGCAUGACGACGCUUACGGACAGUGGGGAGUCUUAACUAAGCUGAUGUGUAAGCACCACUGGCUCGAGUCACGAUGAUAACAUGGGACUGAAUGACGAGGAACCUGGCAGAAAAGAAUAAAGCCUCCUUUCCGCCUGACGGCCACUCAAGGCACUCCUGGUUUACACUCCGGUAUGCUGGGCACACGAUAGAGAGCAAUUGACUAUAGGAGAAGUGUAUGGGACGCGUAAGAUGAUGCAACAUAAGUCUUUAUUGUACCGCUUACAAAAUGAUCACAGGAGCCGCUUUGUCAAAAGAGGUCAUUGGAUUCUCGCUUAUGCGCGCAUCCUCCUCUAUGGGGUCCUAACGAUUGG
50	0.8455579280853271	0.8451882600784302	9	12	6	6	6	6	780	400	CGGGAAAUUGGCUCCUUUAAUCCCCAUCCAACGAGUAAUCAUCAUCGGGCAUGACGACGCUUACGGACAGUGGGGAGUCUUAACUAAGCUGAUGUGUAAGCACCACUGGCUCGAGUCACGAUGAUAACAUGGGACUGAAUGACGAGGAACCUGGCAGAAAAGAAUAAAGCCUCCUUUCCGCCUGACGGCCACUCAAGGCACUCCUGGUUUACACUCCGGUAUGCUGGGCACACGAUAGAGAGCAAUUGACUAUAGGAGAAGUGUAUGGGACGCGUAAGAUGAUGCAACAUAAGUCUUUAUUGUACCGCUUACAAAAUGAUCACAGGAGCCGCUUUGUCAAAAGAGGUCAUUGGAUUCUCGCUUAUGCGCGCAUCCUCCUCUAUGGGGUCCUAACGAUUGG
50	0.752619206905365	0.7520661354064941	10	12	6	6	6	6	780	400	CGGGAAAUUGGCUCCUUUAAUCCCCAUCCAACGAGUAAUCAUCAUCGGGCAUGACGACGCUUACGGACAGUGGGGAGUCUUAACUAAGCUGAUGUGUAAGCACCACUGGCUCGAGUCACGAUGAUAACAUGGGACUGAAUGACGAGGAACCUGGCAGAAAAGAAUAAAGCCUCCUUUCCGCCUGACGGCCACUCAAGGCACUCCUGGUUUACACUCCGGUAUGCUGGGCACACGAUAGAGAGCAAUUGACUAUAGGAGAAGUGUAUGGGACGCGUAAGAUGAUGCAACAUAAGUCUUUAUUGUACCGCUUACAAAAUGAUCACAGGAGCCGCUUUGUCAAAAGAGGUCAUUGGAUUCUCGCUUAUGCGCGCAUCCUCCUCUAUGGGGUCCUAACGAUUGG
50	0.8489950299263	0.848739504814148	11	12	6	6	6	6	780	400	CGGGAAAUUGGCUCCUUUAAUCCCCAUCCAACGAGUAAUCAUCAUCGGGCAUGACGACGCUUACGGACAGUGGGGAGUCUUAACUAAGCUGAUGUGUAAGCACCACUGGCUCGAGUCACGAUGAUAACAUGGGACUGAAUGACGAGGAACCUGGCAGAAAAGAAUAAAGCCUCCUUUCCGCCUGACGGCCACUCAAGGCACUCCUGGUUUACACUCCGGUAUGCUGGGCACACGAUAGAGAGCAAUUGACUAUAGGAGAAGUGUAUGGGACGCGUAAGAUGAUGCAACAUAAGUCUUUAUUGUACCGCUUACAAAAUGAUCACAGGAGCCGCUUUGUCAAAAGAGGUCAUUGGAUUCUCGCUUAUGCGCGCAUCCUCCUCUAUGGGGUCCUAACGAUUGG
50	0.815312385559082	0.8151260614395142	12	12	6	6	6	6	780	400	CGGGAAAUUGGCUCCUUUAAUCCCCAUCCAACGAGUAAUCAUCAUCGGGCAUGACGACGCUUACGGACAGUGGGGAGUCUUAACUAAGCUGAUGUGUAAGCACCACUGGCUCGAGUCACGAUGAUAACAUGGGACUGAAUGACGAGGAACCUGGCAGAAAAGAAUAAAGCCUCCUUUCCGCCUGACGGCCACUCAAGGCACUCCUGGUUUACACUCCGGUAUGCUGGGCACACGAUAGAGAGCAAUUGACUAUAGGAGAAGUGUAUGGGACGCGUAAGAUGAUGCAACAUAAGUCUUUAUUGUACCGCUUACAAAAUGAUCACAGGAGCCGCUUUGUCAAAAGAGGUCAUUGGAUUCUCGCUUAUGCGCGCAUCCUCCUCUAUGGGGUCCUAACGAUUGG
50	0.924781084060669	0.924369752407074	13	12	6	6	6	6	780	400	CGGGAAAUUGGCUCCUUUAAUCCCCAUCCAACGAGUAAUCAUCAUCGGGCAUGACGACGCUUACGGACAGUGGGGAGUCUUAACUAAGCUGAUGUGUAAGCACCACUGGCUCGAGUCACGAUGAUAACAUGGGACUGAAUGACGAGGAACCUGGCAGAAAAGAAUAAAGCCUCCUUUCCGCCUGACGGCCACUCAAGGCACUCCUGGUUUACACUCCGGUAUGCUGGGCACACGAUAGAGAGCAAUUGACUAUAGGAGAAGUGUAUGGGACGCGUAAGAUGAUGCAACAUAAGUCUUUAUUGUACCGCUUACAAAAUGAUCACAGGAGCCGCUUUGUCAAAAGAGGUCAUUGGAUUCUCGCUUAUGCGCGCAUCCUCCUCUAUGGGGUCCUAACGAUUGG
50	0.8595626354217529	0.8595744371414185	14	12	6	6	6	6	780	400	CGGGAAAUUGGCUCCUUUAAUCCCCAUCCAACGAGUAAUCAUCAUCGGGCAUGACGACGCUUACGGACAGUGGGGAGUCUUAACUAAGCUGAUGUGUAAGCACCACUGGCUCGAGUCACGAUGAUAACAUGGGACUGAAUGACGAGGAACCUGGCAGAAAAGAAUAAAGCCUCCUUUCCGCCUGACGGCCACUCAAGGCACUCCUGGUUUACACUCCGGUAUGCUGGGCACACGAUAGAGAGCAAUUGACUAUAGGAGAAGUGUAUGGGACGCGUAAGAUGAUGCAACAUAAGUCUUUAUUGUACCGCUUACAAAAUGAUCACAGGAGCCGCUUUGUCAAAAGAGGUCAUUGGAUUCUCGCUUAUGCGCGCAUCCUCCUCUAUGGGGUCCUAACGAUUGG
50	0.9069357514381409	0.9067797064781189	15	12	6	6	6	6	780	400	CGGGAAAUUGGCUCCUUUAAUCCCCAUCCAACGAGUAAUCAUCAUCGGGCAUGACGACGCUUACGGACAGUGGGGAGUCUUAACUAAGCUGAUGUGUAAGCACCACUGGCUCGAGUCACGAUGAUAACAUGGGACUGAAUGACGAGGAACCUGGCAGAAAAGAAUAAAGCCUCCUUUCCGCCUGACGGCCACUCAAGGCACUCCUGGUUUACACUCCGGUAUGCUGGGCACACGAUAGAGAGCAAUUGACUAUAGGAGAAGUGUAUGGGACGCGUAAGAUGAUGCAACAUAAGUCUUUAUUGUACCGCUUACAAAAUGAUCACAGGAGCCGCUUUGUCAAAAGAGGUCAUUGGAUUCUCGCUUAUGCGCGCAUCCUCCUCUAUGGGGUCCUAACGAUUGG
50	0.924781084060669	0.924369752407074	14	12	6	6	6	6	780	400	CGGGAAAUUGGCUCCUUUAAUCCCCAUCCAACGAGUAAUCAUCAUCGGGCAUGACGACGCUUACGGACAGUGGGGAGUCUUAACUAAGCUGAUGUGUAAGCACCACUGGCUCGAGUCACGAUGAUAACAUGGGACUGAAUGACGAGGAACCUGGCAGAAAAGAAUAAAGCCUCCUUUCCGCCUGACGGCCACUCAAGGCACUCCUGGUUUACACUCCGGUAUGCUGGGCACACGAUAGAGAGCAAUUGACUAUAGGAGAAGUGUAUGGGACGCGUAAGAUGAUGCAACAUAAGUCUUUAUUGUACCGCUUACAAAAUGAUCACAGGAGCCGCUUUGUCAAAAGAGGUCAUUGGAUUCUCGCUUAUGCGCGCAUCCUCCUCUAUGGGGUCCUAACGAUUGG
50	0.9285697937011719	0.9282701015472412	15	12	6	6	6	6	780	400	CGGGAAAUUGGCUCCUUUAAUCCCCAUCCAACGAGUAAUCAUCAUCGGGCAUGACGACGCUUACGGACAGUGGGGAGUCUUAACUAAGCUGAUGUGUAAGCACCACUGGCUCGAGUCACGAUGAUAACAUGGGACUGAAUGACGAGGAACCUGGCAGAAAAGAAUAAAGCCUCCUUUCCGCCUGACGGCCACUCAAGGCACUCCUGGUUUACACUCCGGUAUGCUGGGCACACGAUAGAGAGCAAUUGACUAUAGGAGAAGUGUAUGGGACGCGUAAGAUGAUGCAACAUAAGUCUUUAUUGUACCGCUUACAAAAUGAUCACAGGAGCCGCUUUGUCAAAAGAGGUCAUUGGAUUCUCGCUUAUGCGCGCAUCCUCCUCUAUGGGGUCCUAACGAUUGG
50	0.8087496757507324	0.8083333969116211	16	12	6	6	6	6	780	400	CGGGAAAUUGGCUCCUUUAAUCCCCAUCCAACGAGUAAUCAUCAUCGGGCAUGACGACGCUUACGGACAGUGGGGAGUCUUAACUAAGCUGAUGUGUAAGCACCACUGGCUCGAGUCACGAUGAUAACAUGGGACUGAAUGACGAGGAACCUGGCAGAAAAGAAUAAAGCCUCCUUUCCGCCUGACGGCCACUCAAGGCACUCCUGGUUUACACUCCGGUAUGCUGGGCACACGAUAGAGAGCAAUUGACUAUAGGAGAAGUGUAUGGGACGCGUAAGAUGAUGCAACAUAAGUCUUUAUUGUACCGCUUACAAAAUGAUCACAGGAGCCGCUUUGUCAAAAGAGGUCAUUGGAUUCUCGCUUAUGCGCGCAUCCUCCUCUAUGGGGUCCUAACGAUUGG
50	0.9136866927146912	0.9128630757331848	15	12	6	6	6	6	780	400	CGGGAAAUUGGCUCCUUUAAUCCCCAUCCAACGAGUAAUCAUCAUCGGGCAUGACGACGCUUACGGACAGUGGGGAGUCUUAACUAAGCUGAUGUGUAAGCACCACUGGCUCGAGUCACGAUGAUAACAUGGGACUGAAUGACGAGGAACCUGGCAGAAAAGAAUAAAGCCUCCUUUCCGCCUGACGGCCACUCAAGGCACUCCUGGUUUACACUCCGGUAUGCUGGGCACACGAUAGAGAGCAAUUGACUAUAGGAGAAGUGUAUGGGACGCGUAAGAUGAUGCAACAUAAGUCUUUAUUGUACCGCUUACAAAAUGAUCACAGGAGCCGCUUUGUCAAAAGAGGUCAUUGGAUUCUCGCUUAUGCGCGCAUCCUCCUCUAUGGGGUCCUAACGAUUGG
50	0.9173404574394226	0.9166666269302368	15	12	6	6	6	6	780	400	CGGGAAAUUGGCUCCUUUAAUCCCCAUCCAACGAGUAAUCAUCAUCGGGCAUGACGACGCUUACGGACAGUGGGGAGUCUUAACUAAGCUGAUGUGUAAGCACCACUGGCUCGAGUCACGAUGAUAACAUGGGACUGAAUGACGAGGAACCUGGCAGAAAAGAAUAAAGCCUCCUUUCCGCCUGACGGCCACUCAAGGCACUCCUGGUUUACACUCCGGUAUGCUGGGCACACGAUAGAGAGCAAUUGACUAUAGGAGAAGUGUAUGGGACGCGUAAGAUGAUGCAACAUAAGUCUUUAUUGUACCGCUUACAAAAUGAUCACAGGAGCCGCUUUGUCAAAAGAGGUCAUUGGAUUCUCGCUUAUGCGCGCAUCCUCCUCUAUGGGGUCCUAACGAUUGG
50	0.812011182308197	0.8117154836654663	14	12	6	6	6	6	780	400	CGGGAAAUUGGCUCCUUUAAUCCCCAUCCAACGAGUAAUCAUCAUCGGGCAUGACGACGCUUACGGACAGUGGGGAGUCUUAACUAAGCUGAUGUGUAAGCACCACUGGCUCGAGUCACGAUGAUAACAUGGGACUGAAUGACGAGGAACCUGGCAGAAAAGAAUAAAGCCUCCUUUCCGCCUGACGGCCACUCAAGGCACUCCUGGUUUACACUCCGGUAUGCUGGGCACACGAUAGAGAGCAAUUGACUAUAGGAGAAGUGUAUGGGACGCGUAAGAUGAUGCAACAUAAGUCUUUAUUGUACCGCUUACAAAAUGAUCACAGGAGCCGCUUUGUCAAAAGAGGUCAUUGGAUUCUCGCUUAUGCGCGCAUCCUCCUCUAUGGGGUCCUAACGAUUGG
50	0.868640124797821	0.8677685856819153	15	12	6	6	6	6	780	400	CGGGAAAUUGGCUCCUUUAAUCCCCAUCCAACGAGUAAUCAUCAUCGGGCAUGACGACGCUUACGGACAGUGGGGAGUCUUAACUAAGCUGAUGUGUAAGCACCACUGGCUCGAGUCACGAUGAUAACAUGGGACUGAAUGACGAGGAACCUGGCAGAAAAGAAUAAAGCCUCCUUUCCGCCUGACGGCCACUCAAGGCACUCCUGGUUUACACUCCGGUAUGCUGGGCACACGAUAGAGAGCAAUUGACUAUAGGAGAAGUGUAUGGGACGCGUAAGAUGAUGCAACAUAAGUCUUUAUUGUACCGCUUACAAAAUGAUCACAGGAGCCGCUUUGUCAAAAGAGGUCAUUGGAUUCUCGCUUAUGCGCGCAUCCUCCUCUAUGGGGUCCUAACGAUUGG
50	0.9173404574394226	0.9166666269302368	16	12	6	6	6	6	780	400	CGGGAAAUUGGCUCCUUUAAUCCCCAUCCAACGAGUAAUCAUCAUCGGGCAUGACGACGCUUACGGACAGUGGGGAGUCUUAACUAAGCUGAUGUGUAAGCACCACUGGCUCGAGUCACGAUGAUAACAUGGGACUGAAUGACGAGGAACCUGGCAGAAAAGAAUAAAGCCUCCUUUCCGCCUGACGGCCACUCAAGGCACUCCUGGUUUACACUCCGGUAUGCUGGGCACACGAUAGAGAGCAAUUGACUAUAGGAGAAGUGUAUGGGACGCGUAAGAUGAUGCAACAUAAGUCUUUAUUGUACCGCUUACAAAAUGAUCACAGGAGCCGCUUUGUCAAAAGAGGUCAUUGGAUUCUCGCUUAUGCGCGCAUCCUCCUCUAUGGGGUCCUAACGAUUGG
50	0.8755747675895691	0.875	15	12	6	6	6	6	780	400	CGGGAAAUUGGCUCCUUUAAUCCCCAUCCAACGAGUAAUCAUCAUCGGGCAUGACGACGCUUACGGACAGUGGGGAGUCUUAACUAAGCUGAUGUGUAAGCACCACUGGCUCGAGUCACGAUGAUAACAUGGGACUGAAUGACGAGGAACCUGGCAGAAAAGAAUAAAGCCUCCUUUCCGCCUGACGGCCACUCAAGGCACUCCUGGUUUACACUCCGGUAUGCUGGGCACACGAUAGAGAGCAAUUGACUAUAGGAGAAGUGUAUGGGACGCGUAAGAUGAUGCAACAUAAGUCUUUAUUGUACCGCUUACAAAAUGAUCACAGGAGCCGCUUUGUCAAAAGAGGUCAUUGGAUUCUCGCUUAUGCGCGCAUCCUCCUCUAUGGGGUCCUAACGAUUGG
50	0.9210382699966431	0.9205021262168884	14	12	6	6	6	6	780	400	CGGGAAAUUGGCUCCUUUAAUCCCCAUCCAACGAGUAAUCAUCAUCGGGCAUGACGACGCUUACGGACAGUGGGGAGUCUUAACUAAGCUGAUGUGUAAGCACCACUGGCUCGAGUCACGAUGAUAACAUGGGACUGAAUGACGAGGAACCUGGCAGAAAAGAAUAAAGCCUCCUUUCCGCCUGACGGCCACUCAAGGCACUCCUGGUUUACACUCCGGUAUGCUGGGCACACGAUAGAGAGCAAUUGACUAUAGGAGAAGUGUAUGGGACGCGUAAGAUGAUGCAACAUAAGUCUUUAUUGUACCGCUUACAAAAUGAUCACAGGAGCCGCUUUGUCAAAAGAGGUCAUUGGAUUCUCGCUUAUGCGCGCAUCCUCCUCUAUGGGGUCCUAACGAUUGG
50	0.815312385559082	0.8151260614395142	14	12	6	6	6	6	780	400	CGGGAAAUUGGCUCCUUUAAUCCCCAUCCAACGAGUAAUCAUCAUCGGGCAUGACGACGCUUACGGACAGUGGGGAGUCUUAACUAAGCUGAUGUGUAAGCACCACUGGCUCGAGUCACGAUGAUAACAUGGGACUGAAUGACGAGGAACCUGGCAGAAAAGAAUAAAGCCUCCUUUCCGCCUGACGGCCACUCAAGGCACUCCUGGUUUACACUCCGGUAUGCUGGGCACACGAUAGAGAGCAAUUGACUAUAGGAGAAGUGUAUGGGACGCGUAAGAUGAUGCAACAUAAGUCUUUAUUGUACCGCUUACAAAAUGAUCACAGGAGCCGCUUUGUCAAAAGAGGUCAUUGGAUUCUCGCUUAUGCGCGCAUCCUCCUCUAUGGGGUCCUAACGAUUGG
50	0.9173404574394226	0.9166666269302368	16	12	6	6	6	6	780	400	CGGGAAAUUGGCUCCUUUAAUCCCCAUCCAACGAGUAAUCAUCAUCGGGCAUGACGACGCUUACGGACAGUGGGGAGUCUUAACUAAGCUGAUGUGUAAGCACCACUGGCUCGAGUCACGAUGAUAACAUGGGACUGAAUGACGAGGAACCUGGCAGAAAAGAAUAAAGCCUCCUUUCCGCCUGACGGCCACUCAAGGCACUCCUGGUUUACACUCCGGUAUGCUGGGCACACGAUAGAGAGCAAUUGACUAUAGGAGAAGUGUAUGGGACGCGUAAGAUGAUGCAACAUAAGUCUUUAUUGUACCGCUUACAAAAUGAUCACAGGAGCCGCUUUGUCAAAAGAGGUCAUUGGAUUCUCGCUUAUGCGCGCAUCCUCCUCUAUGGGGUCCUAACGAUUGG
50	0.7281441688537598	0.7280334830284119	13	12	6	6	6	6	780	400	CGGGAAAUUGGCUCCUUUAAUCCCCAUCCAACGAGUAAUCAUCAUCGGGCAUGACGACGCUUACGGACAGUGGGGAGUCUUAACUAAGCUGAUGUGUAAGCACCACUGGCUCGAGUCACGAUGAUAACAUGGGACUGAAUGACGAGGAACCUGGCAGAAAAGAAUAAAGCCUCCUUUCCGCCUGACGGCCACUCAAGGCACUCCUGGUUUACACUCCGGUAUGCUGGGCACACGAUAGAGAGCAAUUGACUAUAGGAGAAGUGUAUGGGACGCGUAAGAUGAUGCAACAUAAGUCUUUAUUGUACCGCUUACAAAAUGAUCACAGGAGCCGCUUUGUCAAAAGAGGUCAUUGGAUUCUCGCUUAUGCGCGCAUCCUCCUCUAUGGGGUCCUAACGAUUGG
50	0.924781084060669	0.924369752407074	14	12	6	6	6	6	780	400	CGGGAAAUUGGCUCCUUUAAUCCCCAUCCAACGAGUAAUCAUCAUCGGGCAUGACGACGCUUACGGACAGUGGGGAGUCUUAACUAAGCUGAUGUGUAAGCACCACUGGCUCGAGUCACGAUGAUAACAUGGGACUGAAUGACGAGGAACCUGGCAGAAAAGAAUAAAGCCUCCUUUCCGCCUGACGGCCACUCAAGGCACUCCUGGUUUACACUCCGGUAUGCUGGGCACACGAUAGAGAGCAAUUGACUAUAGGAGAAGUGUAUGGGACGCGUAAGAUGAUGCAACAUAAGUCUUUAUUGUACCGCUUACAAAAUGAUCACAGGAGCCGCUUUGUCAAAAGAGGUCAUUGGAUUCUCGCUUAUGCGCGCAUCCUCCUCUAUGGGGUCCUAACGAUUGG
